*---------------------------------------------------
* Station: Brong_Ahafo
* Year: 2017
* Origin: ERA5-Reanalysis
* Columns & units
* ===================
* 1. station number
* 2. year
* 3. Day of Year
* 4. Irradiance   (kJ路m-2路d-1)
* 5. Daily minimum temperature (degC)
* 6. Daily maximum temperature (degC)
* 7. Vapour pressure (kPa)
* 8. Mean wind speed (m路s-1)
* 9. Precipitation (mm路d-1)
** WCCDESCRIPTION=Brong_Ahafo
** WCCFORMAT=2
** WCCYEARNR=2017
*------------------------------------------------------------*
-1.67  7.70  360.00 -0.18  -0.55
1	2017	1	21976.0	 21.0	 35.0	1.000	 2.0	 0.0
1	2017	2	22145.0	 20.0	 35.0	1.000	 2.0	 0.0
1	2017	3	22225.0	 20.0	 35.0	1.000	 2.0	 0.0
1	2017	4	22249.0	 21.0	 36.0	1.000	 2.0	 0.0
1	2017	5	22325.0	 20.0	 36.0	1.000	 1.0	 0.0
1	2017	6	22145.0	 20.0	 36.0	1.000	 2.0	 0.0
1	2017	7	21707.0	 21.0	 36.0	1.000	 1.0	 0.0
1	2017	8	19546.0	 24.0	 36.0	2.000	 1.0	 0.0
1	2017	9	21330.0	 22.0	 36.0	2.000	 1.0	 0.0
1	2017	10	21679.0	 22.0	 36.0	2.000	 1.0	 0.0
1	2017	11	21277.0	 21.0	 35.0	2.000	 2.0	 0.0
1	2017	12	16984.0	 23.0	 33.0	2.000	 1.0	 0.0
1	2017	13	21613.0	 22.0	 35.0	1.000	 2.0	 0.0
1	2017	14	21953.0	 22.0	 35.0	1.000	 3.0	 0.0
1	2017	15	21884.0	 22.0	 36.0	1.000	 2.0	 0.0
1	2017	16	21454.0	 21.0	 36.0	1.000	 0.0	 0.0
1	2017	17	22099.0	 22.0	 36.0	2.000	 1.0	 0.0
1	2017	18	20900.0	 22.0	 36.0	2.000	 2.0	 0.0
1	2017	19	18378.0	 24.0	 35.0	3.000	 2.0	 0.0
1	2017	20	20404.0	 24.0	 37.0	2.000	 1.0	 0.0
1	2017	21	19935.0	 25.0	 36.0	3.000	 2.0	 0.0
1	2017	22	17690.0	 24.0	 34.0	3.000	 1.0	 6.0
1	2017	23	19991.0	 24.0	 35.0	2.000	 1.0	 0.0
1	2017	24	22799.0	 20.0	 36.0	1.000	 0.0	 0.0
1	2017	25	22985.0	 20.0	 35.0	1.000	 1.0	 0.0
1	2017	26	23082.0	 20.0	 36.0	1.000	 1.0	 0.0
1	2017	27	22966.0	 21.0	 36.0	1.000	 0.0	 0.0
1	2017	28	23032.0	 22.0	 36.0	2.000	 1.0	 0.0
1	2017	29	22792.0	 22.0	 36.0	2.000	 0.0	 0.0
1	2017	30	21979.0	 23.0	 36.0	2.000	 1.0	 0.0
1	2017	31	20463.0	 24.0	 35.0	2.000	 2.0	 0.0
1	2017	32	18277.0	 25.0	 34.0	3.000	 2.0	 4.0
1	2017	33	18677.0	 23.0	 35.0	2.000	 1.0	 3.0
1	2017	34	18680.0	 24.0	 35.0	2.000	 1.0	 0.0
1	2017	35	21130.0	 24.0	 36.0	2.000	 1.0	 0.0
1	2017	36	22261.0	 24.0	 37.0	2.000	 0.0	 0.0
1	2017	37	22639.0	 24.0	 36.0	2.000	 1.0	 0.0
1	2017	38	23091.0	 22.0	 36.0	1.000	 2.0	 0.0
1	2017	39	23167.0	 22.0	 36.0	1.000	 0.0	 0.0
1	2017	40	21758.0	 24.0	 36.0	2.000	 1.0	 0.0
1	2017	41	20915.0	 25.0	 36.0	2.000	 2.0	 1.0
1	2017	42	20543.0	 25.0	 35.0	2.000	 2.0	 0.0
1	2017	43	20721.0	 25.0	 36.0	2.000	 2.0	 0.0
1	2017	44	19179.0	 26.0	 36.0	2.000	 2.0	 0.0
1	2017	45	22435.0	 24.0	 37.0	2.000	 1.0	 0.0
1	2017	46	22200.0	 24.0	 37.0	2.000	 1.0	 0.0
1	2017	47	21894.0	 24.0	 36.0	2.000	 1.0	 0.0
1	2017	48	21007.0	 24.0	 35.0	2.000	 1.0	 0.0
1	2017	49	24660.0	 21.0	 36.0	1.000	 2.0	 0.0
1	2017	50	25013.0	 20.0	 36.0	1.000	 1.0	 0.0
1	2017	51	23360.0	 21.0	 37.0	2.000	 1.0	 0.0
1	2017	52	21066.0	 25.0	 37.0	2.000	 1.0	 0.0
1	2017	53	20153.0	 25.0	 36.0	2.000	 1.0	 1.0
1	2017	54	21459.0	 25.0	 37.0	2.000	 2.0	 0.0
1	2017	55	21659.0	 25.0	 37.0	2.000	 2.0	 0.0
1	2017	56	20423.0	 25.0	 37.0	2.000	 2.0	 0.0
1	2017	57	17956.0	 25.0	 35.0	3.000	 2.0	 1.0
1	2017	58	20845.0	 24.0	 37.0	2.000	 2.0	 2.0
1	2017	59	21875.0	 25.0	 37.0	2.000	 2.0	 0.0
1	2017	60	22544.0	 25.0	 38.0	2.000	 2.0	 0.0
1	2017	61	20342.0	 25.0	 35.0	2.000	 2.0	 0.0
1	2017	62	20708.0	 25.0	 37.0	2.000	 2.0	 0.0
1	2017	63	19815.0	 25.0	 36.0	3.000	 2.0	 0.0
1	2017	64	21402.0	 24.0	 36.0	3.000	 2.0	 1.0
1	2017	65	20231.0	 25.0	 36.0	3.000	 3.0	 0.0
1	2017	66	22097.0	 24.0	 37.0	2.000	 2.0	 0.0
1	2017	67	23304.0	 24.0	 38.0	2.000	 1.0	 0.0
1	2017	68	22829.0	 25.0	 37.0	2.000	 2.0	 0.0
1	2017	69	20083.0	 25.0	 35.0	3.000	 2.0	 0.0
1	2017	70	21206.0	 25.0	 35.0	3.000	 2.0	 3.0
1	2017	71	20812.0	 25.0	 36.0	2.000	 2.0	 0.0
1	2017	72	22708.0	 24.0	 37.0	2.000	 2.0	 0.0
1	2017	73	22553.0	 25.0	 36.0	2.000	 2.0	 0.0
1	2017	74	23024.0	 24.0	 38.0	2.000	 1.0	 0.0
1	2017	75	23674.0	 24.0	 38.0	2.000	 1.0	 0.0
1	2017	76	22964.0	 25.0	 38.0	2.000	 2.0	 0.0
1	2017	77	21989.0	 25.0	 37.0	2.000	 3.0	 0.0
1	2017	78	21807.0	 25.0	 37.0	2.000	 2.0	 0.0
1	2017	79	14794.0	 23.0	 32.0	3.000	 2.0	 6.0
1	2017	80	21603.0	 24.0	 36.0	3.000	 2.0	 0.0
1	2017	81	18559.0	 25.0	 33.0	3.000	 3.0	 2.0
1	2017	82	15274.0	 24.0	 31.0	3.000	 3.0	 8.0
1	2017	83	18132.0	 22.0	 33.0	3.000	 1.0	 4.0
1	2017	84	21304.0	 24.0	 35.0	3.000	 2.0	 4.0
1	2017	85	21603.0	 24.0	 35.0	3.000	 2.0	 2.0
1	2017	86	22635.0	 25.0	 36.0	3.000	 2.0	 1.0
1	2017	87	22981.0	 25.0	 37.0	3.000	 2.0	 2.0
1	2017	88	23794.0	 25.0	 37.0	3.000	 2.0	 0.0
1	2017	89	20090.0	 25.0	 34.0	3.000	 3.0	 4.0
1	2017	90	18720.0	 24.0	 34.0	3.000	 2.0	 0.0
1	2017	91	23792.0	 25.0	 37.0	3.000	 2.0	 6.0
1	2017	92	20478.0	 24.0	 33.0	3.000	 3.0	 1.0
1	2017	93	16880.0	 23.0	 33.0	3.000	 0.0	 1.0
1	2017	94	22135.0	 24.0	 37.0	3.000	 2.0	 2.0
1	2017	95	22622.0	 25.0	 35.0	3.000	 2.0	 8.0
1	2017	96	21437.0	 24.0	 32.0	3.000	 2.0	 6.0
1	2017	97	19968.0	 24.0	 32.0	3.000	 1.0	14.0
1	2017	98	18377.0	 24.0	 32.0	3.000	 1.0	15.0
1	2017	99	19145.0	 23.0	 32.0	3.000	 2.0	 3.0
1	2017	100	23461.0	 23.0	 34.0	3.000	 2.0	13.0
1	2017	101	25310.0	 24.0	 36.0	3.000	 2.0	 0.0
1	2017	102	20595.0	 25.0	 33.0	3.000	 3.0	 1.0
1	2017	103	23064.0	 25.0	 35.0	3.000	 3.0	 0.0
1	2017	104	19387.0	 25.0	 35.0	3.000	 3.0	 0.0
1	2017	105	22392.0	 25.0	 35.0	3.000	 2.0	 1.0
1	2017	106	21147.0	 24.0	 34.0	3.000	 2.0	 0.0
1	2017	107	22411.0	 24.0	 35.0	3.000	 2.0	 0.0
1	2017	108	20298.0	 25.0	 34.0	3.000	 2.0	 1.0
1	2017	109	23435.0	 25.0	 35.0	3.000	 2.0	 5.0
1	2017	110	21506.0	 24.0	 34.0	3.000	 2.0	22.0
1	2017	111	14970.0	 23.0	 30.0	3.000	 3.0	 2.0
1	2017	112	25144.0	 23.0	 34.0	3.000	 2.0	 0.0
1	2017	113	25155.0	 24.0	 35.0	3.000	 2.0	 0.0
1	2017	114	20338.0	 24.0	 32.0	3.000	 2.0	 4.0
1	2017	115	19614.0	 24.0	 33.0	3.000	 2.0	 6.0
1	2017	116	15031.0	 24.0	 31.0	3.000	 2.0	 0.0
1	2017	117	24274.0	 24.0	 34.0	3.000	 2.0	 0.0
1	2017	118	21928.0	 24.0	 33.0	3.000	 2.0	 5.0
1	2017	119	20552.0	 24.0	 33.0	3.000	 2.0	 7.0
1	2017	120	24284.0	 24.0	 34.0	3.000	 2.0	 1.0
1	2017	121	23253.0	 24.0	 34.0	3.000	 2.0	 1.0
1	2017	122	21675.0	 24.0	 33.0	3.000	 2.0	 1.0
1	2017	123	21526.0	 24.0	 33.0	3.000	 1.0	 7.0
1	2017	124	13368.0	 23.0	 29.0	3.000	 2.0	14.0
1	2017	125	16359.0	 23.0	 32.0	3.000	 2.0	 1.0
1	2017	126	24012.0	 24.0	 35.0	3.000	 2.0	 4.0
1	2017	127	23108.0	 24.0	 34.0	3.000	 2.0	 5.0
1	2017	128	22176.0	 24.0	 32.0	3.000	 2.0	 7.0
1	2017	129	23032.0	 23.0	 34.0	3.000	 2.0	 0.0
1	2017	130	19944.0	 25.0	 33.0	3.000	 2.0	 1.0
1	2017	131	20660.0	 25.0	 33.0	3.000	 1.0	 1.0
1	2017	132	14781.0	 24.0	 32.0	3.000	 2.0	 1.0
1	2017	133	21683.0	 24.0	 33.0	3.000	 1.0	 2.0
1	2017	134	17292.0	 24.0	 30.0	3.000	 2.0	15.0
1	2017	135	19109.0	 23.0	 32.0	3.000	 3.0	 1.0
1	2017	136	15254.0	 23.0	 31.0	3.000	 3.0	 0.0
1	2017	137	20036.0	 24.0	 32.0	3.000	 2.0	 0.0
1	2017	138	20560.0	 24.0	 32.0	3.000	 2.0	 2.0
1	2017	139	19110.0	 24.0	 31.0	3.000	 2.0	 1.0
1	2017	140	22463.0	 24.0	 34.0	3.000	 1.0	 5.0
1	2017	141	20522.0	 24.0	 33.0	3.000	 1.0	 1.0
1	2017	142	19866.0	 24.0	 33.0	3.000	 2.0	 3.0
1	2017	143	21093.0	 24.0	 33.0	3.000	 2.0	 2.0
1	2017	144	17196.0	 24.0	 31.0	3.000	 2.0	10.0
1	2017	145	18547.0	 23.0	 31.0	3.000	 2.0	 8.0
1	2017	146	8108.0	 22.0	 27.0	3.000	 1.0	 6.0
1	2017	147	18401.0	 22.0	 31.0	3.000	 1.0	 3.0
1	2017	148	19308.0	 24.0	 31.0	3.000	 1.0	16.0
1	2017	149	21850.0	 23.0	 33.0	3.000	 2.0	 0.0
1	2017	150	21898.0	 24.0	 33.0	3.000	 3.0	 0.0
1	2017	151	20203.0	 24.0	 32.0	3.000	 2.0	 1.0
1	2017	152	21105.0	 23.0	 33.0	3.000	 1.0	 0.0
1	2017	153	20521.0	 24.0	 32.0	3.000	 2.0	 1.0
1	2017	154	10635.0	 24.0	 28.0	3.000	 1.0	19.0
1	2017	155	14338.0	 23.0	 30.0	3.000	 2.0	 0.0
1	2017	156	16860.0	 24.0	 30.0	3.000	 2.0	14.0
1	2017	157	10718.0	 23.0	 28.0	3.000	 2.0	 7.0
1	2017	158	18943.0	 22.0	 31.0	3.000	 1.0	 0.0
1	2017	159	20530.0	 23.0	 32.0	3.000	 1.0	 1.0
1	2017	160	21905.0	 24.0	 34.0	3.000	 2.0	 1.0
1	2017	161	16579.0	 24.0	 30.0	3.000	 2.0	 9.0
1	2017	162	19138.0	 23.0	 32.0	3.000	 2.0	 5.0
1	2017	163	14182.0	 24.0	 29.0	3.000	 3.0	 2.0
1	2017	164	14145.0	 23.0	 29.0	3.000	 3.0	 0.0
1	2017	165	16950.0	 23.0	 31.0	3.000	 2.0	 2.0
1	2017	166	14560.0	 23.0	 29.0	3.000	 2.0	 5.0
1	2017	167	14621.0	 23.0	 29.0	3.000	 2.0	 9.0
1	2017	168	12840.0	 22.0	 29.0	3.000	 1.0	 0.0
1	2017	169	16334.0	 23.0	 30.0	3.000	 1.0	 9.0
1	2017	170	17167.0	 22.0	 30.0	3.000	 3.0	 7.0
1	2017	171	12801.0	 22.0	 28.0	3.000	 3.0	18.0
1	2017	172	12780.0	 22.0	 28.0	3.000	 1.0	 3.0
1	2017	173	20349.0	 22.0	 32.0	3.000	 0.0	 2.0
1	2017	174	20126.0	 23.0	 32.0	3.000	 1.0	12.0
1	2017	175	17294.0	 23.0	 31.0	3.000	 3.0	 6.0
1	2017	176	12436.0	 22.0	 28.0	3.000	 1.0	 2.0
1	2017	177	14363.0	 22.0	 29.0	3.000	 0.0	11.0
1	2017	178	15220.0	 22.0	 29.0	3.000	 1.0	 2.0
1	2017	179	17714.0	 22.0	 30.0	3.000	 2.0	 4.0
1	2017	180	15342.0	 22.0	 30.0	3.000	 2.0	10.0
1	2017	181	19502.0	 22.0	 30.0	3.000	 2.0	 0.0
1	2017	182	16525.0	 22.0	 29.0	3.000	 2.0	 1.0
1	2017	183	15533.0	 22.0	 29.0	3.000	 2.0	 7.0
1	2017	184	17759.0	 22.0	 30.0	3.000	 3.0	 1.0
1	2017	185	13656.0	 23.0	 29.0	3.000	 3.0	 7.0
1	2017	186	17569.0	 23.0	 30.0	3.000	 3.0	 7.0
1	2017	187	14931.0	 22.0	 30.0	3.000	 1.0	 5.0
1	2017	188	7781.0	 22.0	 25.0	3.000	 1.0	10.0
1	2017	189	17572.0	 22.0	 30.0	3.000	 2.0	 2.0
1	2017	190	14137.0	 22.0	 28.0	3.000	 3.0	 5.0
1	2017	191	11525.0	 22.0	 28.0	3.000	 3.0	 2.0
1	2017	192	23007.0	 21.0	 30.0	2.000	 2.0	 0.0
1	2017	193	23908.0	 21.0	 31.0	2.000	 2.0	 0.0
1	2017	194	21480.0	 21.0	 30.0	2.000	 2.0	 0.0
1	2017	195	17034.0	 22.0	 29.0	3.000	 2.0	 2.0
1	2017	196	13941.0	 22.0	 28.0	3.000	 2.0	 0.0
1	2017	197	15327.0	 22.0	 29.0	3.000	 2.0	 4.0
1	2017	198	18349.0	 22.0	 30.0	3.000	 2.0	 1.0
1	2017	199	13039.0	 23.0	 29.0	3.000	 2.0	 1.0
1	2017	200	13226.0	 23.0	 29.0	3.000	 2.0	 2.0
1	2017	201	13936.0	 23.0	 29.0	3.000	 2.0	 1.0
1	2017	202	17932.0	 23.0	 30.0	3.000	 3.0	 1.0
1	2017	203	16548.0	 22.0	 31.0	3.000	 2.0	 3.0
1	2017	204	6604.0	 22.0	 26.0	3.000	 2.0	23.0
1	2017	205	9525.0	 21.0	 26.0	3.000	 3.0	 2.0
1	2017	206	12035.0	 21.0	 27.0	3.000	 3.0	 7.0
1	2017	207	15416.0	 22.0	 29.0	3.000	 3.0	 6.0
1	2017	208	16654.0	 22.0	 30.0	3.000	 2.0	 1.0
1	2017	209	15836.0	 23.0	 29.0	3.000	 2.0	 3.0
1	2017	210	15824.0	 22.0	 30.0	3.000	 2.0	11.0
1	2017	211	16410.0	 22.0	 30.0	3.000	 2.0	 2.0
1	2017	212	16750.0	 22.0	 30.0	3.000	 2.0	 3.0
1	2017	213	15980.0	 22.0	 30.0	3.000	 2.0	 6.0
1	2017	214	12096.0	 22.0	 28.0	3.000	 1.0	 6.0
1	2017	215	10633.0	 22.0	 27.0	3.000	 3.0	 6.0
1	2017	216	14403.0	 22.0	 29.0	3.000	 2.0	 1.0
1	2017	217	13968.0	 22.0	 28.0	3.000	 3.0	 4.0
1	2017	218	12004.0	 21.0	 27.0	2.000	 3.0	 2.0
1	2017	219	20725.0	 22.0	 31.0	2.000	 2.0	 0.0
1	2017	220	20315.0	 23.0	 31.0	3.000	 2.0	 5.0
1	2017	221	16596.0	 22.0	 29.0	3.000	 2.0	 3.0
1	2017	222	18052.0	 22.0	 30.0	3.000	 2.0	 1.0
1	2017	223	18203.0	 23.0	 30.0	3.000	 1.0	 3.0
1	2017	224	18965.0	 22.0	 31.0	3.000	 1.0	 7.0
1	2017	225	16236.0	 22.0	 29.0	3.000	 2.0	 9.0
1	2017	226	17526.0	 22.0	 31.0	3.000	 2.0	 3.0
1	2017	227	4524.0	 22.0	 25.0	3.000	 3.0	12.0
1	2017	228	17799.0	 21.0	 31.0	2.000	 2.0	 0.0
1	2017	229	18373.0	 23.0	 30.0	2.000	 3.0	 1.0
1	2017	230	9002.0	 21.0	 27.0	3.000	 3.0	 6.0
1	2017	231	17254.0	 22.0	 30.0	3.000	 3.0	 1.0
1	2017	232	14250.0	 22.0	 28.0	2.000	 2.0	 1.0
1	2017	233	17941.0	 22.0	 30.0	2.000	 2.0	 2.0
1	2017	234	15078.0	 21.0	 29.0	3.000	 3.0	 6.0
1	2017	235	16223.0	 22.0	 29.0	2.000	 2.0	 1.0
1	2017	236	16460.0	 23.0	 29.0	3.000	 1.0	 3.0
1	2017	237	11772.0	 22.0	 28.0	3.000	 1.0	 3.0
1	2017	238	16527.0	 21.0	 29.0	2.000	 1.0	 7.0
1	2017	239	14388.0	 22.0	 29.0	3.000	 2.0	 4.0
1	2017	240	11899.0	 21.0	 29.0	3.000	 2.0	 0.0
1	2017	241	16440.0	 23.0	 30.0	3.000	 1.0	 8.0
1	2017	242	14505.0	 22.0	 29.0	3.000	 3.0	 5.0
1	2017	243	15298.0	 22.0	 29.0	3.000	 3.0	 2.0
1	2017	244	14768.0	 22.0	 28.0	3.000	 2.0	 5.0
1	2017	245	13259.0	 22.0	 29.0	3.000	 2.0	 1.0
1	2017	246	17081.0	 22.0	 30.0	3.000	 2.0	 4.0
1	2017	247	12988.0	 22.0	 28.0	3.000	 2.0	 1.0
1	2017	248	19219.0	 22.0	 32.0	3.000	 1.0	 1.0
1	2017	249	17396.0	 22.0	 29.0	3.000	 1.0	14.0
1	2017	250	3002.0	 21.0	 23.0	3.000	 3.0	43.0
1	2017	251	13347.0	 21.0	 28.0	3.000	 1.0	 4.0
1	2017	252	13768.0	 22.0	 29.0	3.000	 1.0	 1.0
1	2017	253	18388.0	 22.0	 30.0	3.000	 1.0	17.0
1	2017	254	16251.0	 22.0	 30.0	3.000	 1.0	 2.0
1	2017	255	18523.0	 22.0	 30.0	3.000	 2.0	16.0
1	2017	256	14401.0	 22.0	 29.0	3.000	 2.0	 0.0
1	2017	257	19043.0	 22.0	 31.0	3.000	 1.0	 2.0
1	2017	258	19194.0	 22.0	 30.0	3.000	 2.0	 3.0
1	2017	259	17382.0	 23.0	 30.0	3.000	 3.0	 3.0
1	2017	260	13760.0	 22.0	 28.0	3.000	 2.0	10.0
1	2017	261	19861.0	 22.0	 31.0	3.000	 1.0	 1.0
1	2017	262	21200.0	 23.0	 32.0	3.000	 1.0	 1.0
1	2017	263	16673.0	 23.0	 29.0	3.000	 2.0	 2.0
1	2017	264	18045.0	 23.0	 31.0	3.000	 2.0	 3.0
1	2017	265	7645.0	 22.0	 26.0	3.000	 3.0	13.0
1	2017	266	20333.0	 22.0	 31.0	3.000	 2.0	 5.0
1	2017	267	21074.0	 22.0	 32.0	3.000	 0.0	 4.0
1	2017	268	20839.0	 22.0	 32.0	3.000	 0.0	 7.0
1	2017	269	21494.0	 23.0	 32.0	3.000	 2.0	 2.0
1	2017	270	20335.0	 23.0	 31.0	3.000	 1.0	 1.0
1	2017	271	21040.0	 22.0	 32.0	3.000	 1.0	 2.0
1	2017	272	7501.0	 22.0	 25.0	3.000	 1.0	15.0
1	2017	273	18430.0	 22.0	 31.0	3.000	 1.0	 2.0
1	2017	274	18467.0	 22.0	 30.0	3.000	 1.0	13.0
1	2017	275	21013.0	 22.0	 32.0	3.000	 1.0	 1.0
1	2017	276	21868.0	 23.0	 33.0	3.000	 1.0	 2.0
1	2017	277	18348.0	 22.0	 31.0	3.000	 2.0	 3.0
1	2017	278	14368.0	 22.0	 29.0	3.000	 1.0	17.0
1	2017	279	13402.0	 22.0	 28.0	3.000	 1.0	10.0
1	2017	280	19126.0	 22.0	 31.0	3.000	 2.0	 6.0
1	2017	281	16333.0	 22.0	 30.0	3.000	 2.0	 9.0
1	2017	282	22609.0	 22.0	 32.0	3.000	 0.0	 2.0
1	2017	283	20335.0	 23.0	 31.0	3.000	 1.0	 6.0
1	2017	284	19021.0	 22.0	 31.0	3.000	 2.0	 3.0
1	2017	285	21079.0	 22.0	 31.0	3.000	 2.0	 0.0
1	2017	286	22221.0	 22.0	 33.0	3.000	 1.0	 0.0
1	2017	287	17804.0	 23.0	 30.0	3.000	 1.0	 3.0
1	2017	288	19774.0	 22.0	 31.0	3.000	 1.0	 1.0
1	2017	289	20887.0	 22.0	 32.0	3.000	 1.0	 1.0
1	2017	290	21560.0	 22.0	 33.0	3.000	 1.0	 1.0
1	2017	291	22441.0	 22.0	 32.0	3.000	 2.0	 0.0
1	2017	292	18647.0	 23.0	 31.0	3.000	 2.0	 1.0
1	2017	293	20592.0	 23.0	 32.0	3.000	 2.0	 0.0
1	2017	294	20093.0	 23.0	 33.0	3.000	 2.0	 2.0
1	2017	295	18764.0	 23.0	 31.0	3.000	 2.0	 1.0
1	2017	296	17655.0	 23.0	 30.0	3.000	 2.0	 2.0
1	2017	297	20496.0	 23.0	 32.0	3.000	 2.0	 2.0
1	2017	298	17262.0	 23.0	 31.0	3.000	 2.0	 1.0
1	2017	299	20156.0	 22.0	 32.0	3.000	 2.0	 1.0
1	2017	300	21113.0	 23.0	 34.0	3.000	 1.0	 0.0
1	2017	301	19968.0	 22.0	 32.0	3.000	 2.0	 0.0
1	2017	302	19439.0	 23.0	 32.0	3.000	 1.0	 5.0
1	2017	303	21863.0	 22.0	 33.0	3.000	 1.0	 0.0
1	2017	304	19478.0	 23.0	 32.0	3.000	 2.0	 2.0
1	2017	305	19594.0	 23.0	 33.0	3.000	 2.0	 0.0
1	2017	306	18450.0	 23.0	 31.0	3.000	 2.0	 1.0
1	2017	307	20653.0	 23.0	 33.0	3.000	 2.0	 2.0
1	2017	308	17465.0	 23.0	 31.0	3.000	 2.0	 2.0
1	2017	309	18299.0	 22.0	 31.0	3.000	 2.0	 2.0
1	2017	310	16620.0	 22.0	 30.0	3.000	 2.0	 8.0
1	2017	311	19834.0	 21.0	 31.0	2.000	 1.0	 1.0
1	2017	312	21551.0	 22.0	 33.0	2.000	 1.0	 0.0
1	2017	313	19813.0	 23.0	 32.0	3.000	 2.0	 0.0
1	2017	314	20257.0	 22.0	 32.0	2.000	 1.0	 0.0
1	2017	315	19380.0	 22.0	 33.0	3.000	 2.0	 0.0
1	2017	316	20923.0	 22.0	 34.0	2.000	 2.0	 0.0
1	2017	317	19982.0	 23.0	 33.0	3.000	 2.0	 0.0
1	2017	318	17367.0	 23.0	 32.0	3.000	 2.0	 7.0
1	2017	319	17646.0	 22.0	 32.0	3.000	 2.0	 4.0
1	2017	320	19813.0	 23.0	 34.0	3.000	 2.0	 0.0
1	2017	321	19160.0	 23.0	 32.0	3.000	 2.0	 0.0
1	2017	322	18399.0	 23.0	 32.0	3.000	 2.0	 0.0
1	2017	323	17451.0	 23.0	 31.0	3.000	 2.0	 2.0
1	2017	324	15752.0	 22.0	 31.0	3.000	 2.0	 3.0
1	2017	325	18242.0	 22.0	 32.0	3.000	 1.0	11.0
1	2017	326	17963.0	 22.0	 32.0	3.000	 1.0	 3.0
1	2017	327	16399.0	 23.0	 31.0	3.000	 2.0	 1.0
1	2017	328	19119.0	 22.0	 32.0	3.000	 1.0	 1.0
1	2017	329	18842.0	 22.0	 32.0	3.000	 2.0	 0.0
1	2017	330	20748.0	 22.0	 34.0	2.000	 1.0	 0.0
1	2017	331	19690.0	 22.0	 33.0	2.000	 2.0	 0.0
1	2017	332	21996.0	 22.0	 34.0	2.000	 1.0	 0.0
1	2017	333	20350.0	 21.0	 33.0	2.000	 2.0	 0.0
1	2017	334	20389.0	 22.0	 34.0	2.000	 1.0	 0.0
1	2017	335	21095.0	 22.0	 35.0	2.000	 1.0	 0.0
1	2017	336	19547.0	 22.0	 33.0	2.000	 2.0	 0.0
1	2017	337	19372.0	 23.0	 34.0	3.000	 2.0	 0.0
1	2017	338	20472.0	 23.0	 35.0	2.000	 1.0	 0.0
1	2017	339	18933.0	 24.0	 34.0	3.000	 1.0	 0.0
1	2017	340	19273.0	 23.0	 34.0	3.000	 2.0	 0.0
1	2017	341	17130.0	 24.0	 32.0	3.000	 2.0	 5.0
1	2017	342	18117.0	 22.0	 33.0	3.000	 1.0	 1.0
1	2017	343	15168.0	 23.0	 31.0	3.000	 1.0	 1.0
1	2017	344	21759.0	 21.0	 33.0	2.000	 1.0	 0.0
1	2017	345	21990.0	 19.0	 33.0	1.000	 1.0	 0.0
1	2017	346	17222.0	 21.0	 33.0	2.000	 1.0	 0.0
1	2017	347	19943.0	 23.0	 35.0	2.000	 1.0	 0.0
1	2017	348	17562.0	 24.0	 34.0	3.000	 2.0	 0.0
1	2017	349	16661.0	 24.0	 33.0	3.000	 1.0	 0.0
1	2017	350	18368.0	 23.0	 34.0	3.000	 1.0	 0.0
1	2017	351	19106.0	 23.0	 34.0	2.000	 2.0	 0.0
1	2017	352	19592.0	 24.0	 34.0	3.000	 2.0	 0.0
1	2017	353	14199.0	 23.0	 31.0	3.000	 2.0	10.0
1	2017	354	16377.0	 22.0	 32.0	3.000	 2.0	 7.0
1	2017	355	17230.0	 22.0	 33.0	2.000	 0.0	 0.0
1	2017	356	21477.0	 21.0	 33.0	1.000	 1.0	 0.0
1	2017	357	21922.0	 19.0	 33.0	1.000	 2.0	 0.0
1	2017	358	21845.0	 19.0	 33.0	1.000	 2.0	 0.0
1	2017	359	21560.0	 20.0	 34.0	1.000	 2.0	 0.0
1	2017	360	21819.0	 20.0	 34.0	1.000	 1.0	 0.0
1	2017	361	21945.0	 21.0	 34.0	1.000	 2.0	 0.0
1	2017	362	21916.0	 19.0	 35.0	2.000	 1.0	 0.0
1	2017	363	21038.0	 21.0	 34.0	2.000	 0.0	 0.0
1	2017	364	21900.0	 21.0	 35.0	1.000	 2.0	 0.0
1	2017	365	22104.0	 20.0	 34.0	1.000	 3.0	 0.0
