*---------------------------------------------------
* Station: Brong_Ahafo
* Year: 2014
* Origin: ERA5-Reanalysis
* Columns & units
* ===================
* 1. station number
* 2. year
* 3. Day of Year
* 4. Irradiance   (kJ路m-2路d-1)
* 5. Daily minimum temperature (degC)
* 6. Daily maximum temperature (degC)
* 7. Vapour pressure (kPa)
* 8. Mean wind speed (m路s-1)
* 9. Precipitation (mm路d-1)
** WCCDESCRIPTION=Brong_Ahafo
** WCCFORMAT=2
** WCCYEARNR=2014
*------------------------------------------------------------*
-1.67  7.70  360.00 -0.18  -0.55
1	2014	1	16254.0	 23.0	 31.0	2.000	 2.0	 0.0
1	2014	2	18275.0	 23.0	 33.0	2.000	 1.0	 0.0
1	2014	3	21306.0	 22.0	 34.0	2.000	 1.0	 0.0
1	2014	4	22185.0	 20.0	 33.0	1.000	 3.0	 0.0
1	2014	5	22201.0	 18.0	 33.0	1.000	 1.0	 0.0
1	2014	6	22000.0	 19.0	 33.0	1.000	 1.0	 0.0
1	2014	7	21916.0	 19.0	 34.0	1.000	 1.0	 0.0
1	2014	8	21986.0	 19.0	 35.0	1.000	 1.0	 0.0
1	2014	9	18844.0	 22.0	 33.0	2.000	 2.0	 0.0
1	2014	10	17549.0	 23.0	 32.0	2.000	 1.0	 1.0
1	2014	11	18791.0	 23.0	 33.0	3.000	 1.0	 0.0
1	2014	12	21249.0	 23.0	 35.0	2.000	 0.0	 0.0
1	2014	13	21763.0	 21.0	 34.0	1.000	 1.0	 0.0
1	2014	14	22083.0	 20.0	 34.0	2.000	 1.0	 0.0
1	2014	15	20478.0	 21.0	 34.0	2.000	 2.0	 0.0
1	2014	16	19572.0	 22.0	 33.0	2.000	 2.0	 0.0
1	2014	17	18762.0	 24.0	 33.0	3.000	 2.0	 1.0
1	2014	18	17103.0	 23.0	 32.0	3.000	 1.0	18.0
1	2014	19	15194.0	 22.0	 31.0	3.000	 1.0	 4.0
1	2014	20	20686.0	 22.0	 34.0	2.000	 2.0	 0.0
1	2014	21	22164.0	 21.0	 34.0	2.000	 1.0	 0.0
1	2014	22	21915.0	 21.0	 35.0	2.000	 1.0	 0.0
1	2014	23	20469.0	 22.0	 34.0	2.000	 2.0	 0.0
1	2014	24	20106.0	 23.0	 35.0	2.000	 1.0	 0.0
1	2014	25	20890.0	 23.0	 35.0	2.000	 1.0	 0.0
1	2014	26	20396.0	 23.0	 34.0	2.000	 2.0	 0.0
1	2014	27	22512.0	 23.0	 36.0	2.000	 1.0	 0.0
1	2014	28	22542.0	 22.0	 35.0	2.000	 2.0	 0.0
1	2014	29	20274.0	 23.0	 33.0	3.000	 3.0	 0.0
1	2014	30	18801.0	 24.0	 33.0	3.000	 2.0	 8.0
1	2014	31	15897.0	 23.0	 31.0	3.000	 1.0	 9.0
1	2014	32	20256.0	 23.0	 32.0	2.000	 2.0	 0.0
1	2014	33	22556.0	 20.0	 32.0	1.000	 3.0	 0.0
1	2014	34	22941.0	 20.0	 33.0	1.000	 2.0	 0.0
1	2014	35	19621.0	 20.0	 34.0	1.000	 0.0	 0.0
1	2014	36	22905.0	 23.0	 35.0	2.000	 1.0	 0.0
1	2014	37	22504.0	 20.0	 34.0	2.000	 1.0	 0.0
1	2014	38	22357.0	 22.0	 34.0	2.000	 2.0	 0.0
1	2014	39	21109.0	 24.0	 34.0	3.000	 2.0	 2.0
1	2014	40	20069.0	 24.0	 34.0	3.000	 2.0	 3.0
1	2014	41	21782.0	 23.0	 35.0	2.000	 1.0	 0.0
1	2014	42	20932.0	 23.0	 35.0	2.000	 1.0	 0.0
1	2014	43	21461.0	 23.0	 34.0	2.000	 1.0	 0.0
1	2014	44	19605.0	 23.0	 34.0	2.000	 2.0	 0.0
1	2014	45	19509.0	 24.0	 33.0	2.000	 1.0	 0.0
1	2014	46	22433.0	 22.0	 34.0	2.000	 2.0	 0.0
1	2014	47	18016.0	 24.0	 32.0	3.000	 2.0	 4.0
1	2014	48	18980.0	 23.0	 33.0	3.000	 2.0	 2.0
1	2014	49	19485.0	 24.0	 34.0	3.000	 2.0	 4.0
1	2014	50	21026.0	 24.0	 34.0	3.000	 2.0	 0.0
1	2014	51	22370.0	 24.0	 35.0	2.000	 1.0	 0.0
1	2014	52	23766.0	 23.0	 36.0	2.000	 1.0	 0.0
1	2014	53	24389.0	 22.0	 36.0	2.000	 1.0	 0.0
1	2014	54	23800.0	 22.0	 36.0	2.000	 1.0	 0.0
1	2014	55	22522.0	 24.0	 36.0	2.000	 2.0	 0.0
1	2014	56	20845.0	 24.0	 35.0	2.000	 3.0	 0.0
1	2014	57	19601.0	 24.0	 34.0	3.000	 2.0	 5.0
1	2014	58	19748.0	 24.0	 34.0	3.000	 2.0	 6.0
1	2014	59	15056.0	 22.0	 31.0	3.000	 1.0	 5.0
1	2014	60	19736.0	 22.0	 33.0	2.000	 1.0	 1.0
1	2014	61	24537.0	 21.0	 34.0	1.000	 2.0	 0.0
1	2014	62	24980.0	 20.0	 35.0	2.000	 0.0	 0.0
1	2014	63	24391.0	 23.0	 36.0	2.000	 2.0	 0.0
1	2014	64	21514.0	 24.0	 34.0	2.000	 2.0	 0.0
1	2014	65	21479.0	 25.0	 35.0	3.000	 2.0	 1.0
1	2014	66	17094.0	 24.0	 32.0	3.000	 2.0	 2.0
1	2014	67	21206.0	 24.0	 35.0	3.000	 1.0	 0.0
1	2014	68	21882.0	 24.0	 34.0	2.000	 3.0	 0.0
1	2014	69	21078.0	 24.0	 34.0	3.000	 3.0	 5.0
1	2014	70	19578.0	 23.0	 33.0	3.000	 3.0	 0.0
1	2014	71	21387.0	 24.0	 33.0	3.000	 2.0	 1.0
1	2014	72	22344.0	 24.0	 35.0	3.000	 1.0	 4.0
1	2014	73	21682.0	 24.0	 34.0	3.000	 2.0	 2.0
1	2014	74	21433.0	 24.0	 34.0	3.000	 2.0	 1.0
1	2014	75	23527.0	 24.0	 35.0	3.000	 2.0	 2.0
1	2014	76	14991.0	 24.0	 31.0	3.000	 3.0	 2.0
1	2014	77	22391.0	 23.0	 34.0	3.000	 3.0	 2.0
1	2014	78	19824.0	 24.0	 34.0	3.000	 2.0	 3.0
1	2014	79	19510.0	 24.0	 32.0	3.000	 2.0	 4.0
1	2014	80	21221.0	 24.0	 33.0	3.000	 2.0	 3.0
1	2014	81	21654.0	 24.0	 34.0	3.000	 2.0	 5.0
1	2014	82	12468.0	 23.0	 28.0	3.000	 2.0	19.0
1	2014	83	20278.0	 22.0	 32.0	3.000	 2.0	 7.0
1	2014	84	20249.0	 23.0	 34.0	3.000	 2.0	 5.0
1	2014	85	21977.0	 24.0	 34.0	3.000	 2.0	 6.0
1	2014	86	22952.0	 24.0	 35.0	3.000	 2.0	 0.0
1	2014	87	21496.0	 24.0	 33.0	3.000	 3.0	 0.0
1	2014	88	22204.0	 24.0	 33.0	3.000	 2.0	 0.0
1	2014	89	23033.0	 24.0	 33.0	3.000	 2.0	 1.0
1	2014	90	15978.0	 23.0	 31.0	3.000	 1.0	 3.0
1	2014	91	22709.0	 23.0	 34.0	3.000	 2.0	 1.0
1	2014	92	23926.0	 24.0	 36.0	3.000	 2.0	 1.0
1	2014	93	23610.0	 24.0	 35.0	3.000	 3.0	 0.0
1	2014	94	24621.0	 24.0	 35.0	3.000	 2.0	 0.0
1	2014	95	20064.0	 25.0	 33.0	3.000	 3.0	 1.0
1	2014	96	22132.0	 23.0	 34.0	3.000	 2.0	 3.0
1	2014	97	23046.0	 25.0	 34.0	3.000	 2.0	 3.0
1	2014	98	22750.0	 23.0	 33.0	3.000	 2.0	 3.0
1	2014	99	21878.0	 24.0	 32.0	3.000	 2.0	 2.0
1	2014	100	22308.0	 23.0	 32.0	3.000	 2.0	 1.0
1	2014	101	23098.0	 23.0	 33.0	3.000	 3.0	 3.0
1	2014	102	24268.0	 24.0	 34.0	3.000	 2.0	 2.0
1	2014	103	17296.0	 23.0	 32.0	3.000	 2.0	11.0
1	2014	104	23350.0	 22.0	 33.0	3.000	 2.0	 0.0
1	2014	105	24059.0	 24.0	 34.0	3.000	 2.0	 0.0
1	2014	106	25013.0	 24.0	 35.0	3.000	 2.0	 1.0
1	2014	107	23532.0	 25.0	 35.0	3.000	 2.0	 1.0
1	2014	108	20843.0	 24.0	 33.0	3.000	 2.0	 2.0
1	2014	109	21607.0	 24.0	 34.0	3.000	 2.0	 0.0
1	2014	110	24102.0	 24.0	 34.0	3.000	 2.0	20.0
1	2014	111	17867.0	 23.0	 32.0	3.000	 2.0	 2.0
1	2014	112	17818.0	 24.0	 32.0	3.000	 2.0	17.0
1	2014	113	22564.0	 24.0	 33.0	3.000	 2.0	 1.0
1	2014	114	21932.0	 23.0	 33.0	3.000	 2.0	 6.0
1	2014	115	20017.0	 24.0	 33.0	3.000	 2.0	12.0
1	2014	116	20770.0	 24.0	 33.0	3.000	 2.0	 2.0
1	2014	117	23475.0	 24.0	 34.0	3.000	 2.0	 0.0
1	2014	118	24066.0	 23.0	 34.0	3.000	 2.0	 0.0
1	2014	119	14283.0	 24.0	 27.0	3.000	 1.0	14.0
1	2014	120	16439.0	 23.0	 30.0	3.000	 2.0	 2.0
1	2014	121	16557.0	 23.0	 31.0	3.000	 1.0	 0.0
1	2014	122	21247.0	 24.0	 33.0	3.000	 2.0	 3.0
1	2014	123	21156.0	 24.0	 33.0	3.000	 2.0	 2.0
1	2014	124	18531.0	 23.0	 32.0	3.000	 1.0	 9.0
1	2014	125	18907.0	 23.0	 31.0	3.000	 2.0	 3.0
1	2014	126	14719.0	 24.0	 30.0	3.000	 1.0	14.0
1	2014	127	17213.0	 23.0	 31.0	3.000	 2.0	15.0
1	2014	128	12075.0	 23.0	 28.0	3.000	 2.0	13.0
1	2014	129	14400.0	 22.0	 29.0	3.000	 2.0	10.0
1	2014	130	22296.0	 22.0	 32.0	3.000	 1.0	 6.0
1	2014	131	18537.0	 22.0	 32.0	3.000	 0.0	18.0
1	2014	132	21773.0	 24.0	 33.0	3.000	 2.0	12.0
1	2014	133	21190.0	 23.0	 32.0	3.000	 2.0	15.0
1	2014	134	15981.0	 24.0	 31.0	3.000	 1.0	 2.0
1	2014	135	13167.0	 22.0	 29.0	3.000	 1.0	10.0
1	2014	136	19587.0	 22.0	 31.0	3.000	 1.0	 6.0
1	2014	137	21087.0	 23.0	 32.0	3.000	 2.0	 0.0
1	2014	138	22635.0	 23.0	 33.0	3.000	 1.0	 0.0
1	2014	139	20756.0	 24.0	 32.0	3.000	 0.0	 9.0
1	2014	140	21271.0	 23.0	 34.0	3.000	 1.0	 2.0
1	2014	141	19143.0	 24.0	 32.0	3.000	 2.0	 6.0
1	2014	142	21687.0	 23.0	 32.0	3.000	 3.0	 0.0
1	2014	143	19945.0	 24.0	 33.0	3.000	 3.0	 1.0
1	2014	144	22802.0	 23.0	 33.0	3.000	 2.0	 1.0
1	2014	145	17667.0	 24.0	 32.0	3.000	 2.0	 0.0
1	2014	146	22354.0	 24.0	 33.0	3.000	 2.0	 5.0
1	2014	147	19861.0	 24.0	 32.0	3.000	 3.0	 5.0
1	2014	148	23414.0	 23.0	 32.0	3.000	 3.0	 0.0
1	2014	149	15733.0	 23.0	 30.0	3.000	 2.0	 6.0
1	2014	150	18055.0	 23.0	 31.0	3.000	 2.0	 3.0
1	2014	151	10623.0	 23.0	 29.0	3.000	 3.0	 0.0
1	2014	152	18702.0	 23.0	 31.0	3.000	 2.0	 0.0
1	2014	153	11862.0	 23.0	 29.0	3.000	 2.0	 5.0
1	2014	154	17541.0	 23.0	 32.0	3.000	 2.0	 1.0
1	2014	155	17920.0	 23.0	 31.0	3.000	 2.0	 5.0
1	2014	156	8556.0	 22.0	 26.0	3.000	 1.0	12.0
1	2014	157	6280.0	 22.0	 25.0	3.000	 2.0	13.0
1	2014	158	16321.0	 22.0	 31.0	3.000	 2.0	 2.0
1	2014	159	22901.0	 22.0	 33.0	3.000	 2.0	 0.0
1	2014	160	18668.0	 23.0	 32.0	3.000	 3.0	 0.0
1	2014	161	17455.0	 23.0	 30.0	3.000	 3.0	 7.0
1	2014	162	17133.0	 23.0	 30.0	3.000	 2.0	 1.0
1	2014	163	14628.0	 22.0	 29.0	3.000	 2.0	 1.0
1	2014	164	11558.0	 23.0	 28.0	3.000	 1.0	 6.0
1	2014	165	13173.0	 22.0	 30.0	3.000	 2.0	 0.0
1	2014	166	16913.0	 23.0	 31.0	3.000	 2.0	 1.0
1	2014	167	18055.0	 23.0	 31.0	3.000	 2.0	 1.0
1	2014	168	12853.0	 23.0	 28.0	3.000	 2.0	 4.0
1	2014	169	13219.0	 22.0	 29.0	3.000	 1.0	 6.0
1	2014	170	8698.0	 22.0	 28.0	3.000	 2.0	 0.0
1	2014	171	14527.0	 23.0	 30.0	3.000	 2.0	 0.0
1	2014	172	15028.0	 23.0	 30.0	3.000	 3.0	 1.0
1	2014	173	20460.0	 23.0	 30.0	3.000	 2.0	 3.0
1	2014	174	15512.0	 23.0	 30.0	3.000	 2.0	 5.0
1	2014	175	16190.0	 23.0	 30.0	2.000	 2.0	 0.0
1	2014	176	17912.0	 22.0	 31.0	3.000	 3.0	 0.0
1	2014	177	17642.0	 23.0	 30.0	3.000	 3.0	 2.0
1	2014	178	18096.0	 23.0	 31.0	3.000	 3.0	 3.0
1	2014	179	18550.0	 22.0	 30.0	3.000	 3.0	 1.0
1	2014	180	13392.0	 23.0	 28.0	3.000	 2.0	 5.0
1	2014	181	18619.0	 22.0	 31.0	3.000	 2.0	 5.0
1	2014	182	17403.0	 23.0	 31.0	3.000	 2.0	 0.0
1	2014	183	15669.0	 23.0	 30.0	3.000	 2.0	 5.0
1	2014	184	18370.0	 22.0	 30.0	3.000	 2.0	 3.0
1	2014	185	12481.0	 22.0	 29.0	3.000	 2.0	 3.0
1	2014	186	15468.0	 22.0	 30.0	3.000	 3.0	 4.0
1	2014	187	15328.0	 22.0	 29.0	3.000	 3.0	 0.0
1	2014	188	17659.0	 23.0	 29.0	3.000	 3.0	 1.0
1	2014	189	17647.0	 22.0	 30.0	3.000	 2.0	 1.0
1	2014	190	18558.0	 22.0	 31.0	2.000	 2.0	 0.0
1	2014	191	20574.0	 22.0	 31.0	3.000	 2.0	 4.0
1	2014	192	17557.0	 22.0	 29.0	3.000	 2.0	 1.0
1	2014	193	15524.0	 22.0	 29.0	3.000	 3.0	 1.0
1	2014	194	16891.0	 23.0	 30.0	3.000	 2.0	 2.0
1	2014	195	19077.0	 23.0	 30.0	3.000	 2.0	 1.0
1	2014	196	18486.0	 23.0	 30.0	3.000	 2.0	 3.0
1	2014	197	7353.0	 21.0	 27.0	3.000	 2.0	56.0
1	2014	198	12558.0	 22.0	 28.0	3.000	 2.0	 3.0
1	2014	199	5991.0	 22.0	 24.0	3.000	 3.0	 2.0
1	2014	200	13525.0	 21.0	 29.0	3.000	 2.0	 1.0
1	2014	201	16148.0	 23.0	 30.0	3.000	 2.0	 1.0
1	2014	202	17492.0	 22.0	 30.0	3.000	 3.0	 1.0
1	2014	203	14402.0	 23.0	 29.0	3.000	 3.0	 1.0
1	2014	204	12881.0	 23.0	 27.0	3.000	 3.0	 4.0
1	2014	205	13823.0	 22.0	 27.0	3.000	 2.0	25.0
1	2014	206	14208.0	 22.0	 28.0	3.000	 3.0	 2.0
1	2014	207	14084.0	 22.0	 28.0	3.000	 2.0	 1.0
1	2014	208	11021.0	 22.0	 27.0	3.000	 2.0	 6.0
1	2014	209	15532.0	 22.0	 29.0	3.000	 2.0	 1.0
1	2014	210	16686.0	 22.0	 30.0	3.000	 2.0	 2.0
1	2014	211	11736.0	 22.0	 28.0	3.000	 3.0	 4.0
1	2014	212	17256.0	 22.0	 31.0	3.000	 2.0	 1.0
1	2014	213	11915.0	 22.0	 27.0	3.000	 3.0	13.0
1	2014	214	15896.0	 22.0	 29.0	3.000	 3.0	 1.0
1	2014	215	14751.0	 22.0	 29.0	3.000	 2.0	 4.0
1	2014	216	18526.0	 22.0	 29.0	3.000	 2.0	 2.0
1	2014	217	14837.0	 22.0	 28.0	3.000	 3.0	 8.0
1	2014	218	16755.0	 22.0	 30.0	3.000	 3.0	 6.0
1	2014	219	15108.0	 22.0	 29.0	3.000	 3.0	 3.0
1	2014	220	15693.0	 23.0	 29.0	3.000	 3.0	 4.0
1	2014	221	14921.0	 22.0	 29.0	2.000	 3.0	 2.0
1	2014	222	16959.0	 22.0	 29.0	2.000	 2.0	 1.0
1	2014	223	14062.0	 22.0	 27.0	2.000	 3.0	 1.0
1	2014	224	15414.0	 22.0	 29.0	2.000	 3.0	 2.0
1	2014	225	13881.0	 22.0	 27.0	2.000	 3.0	 7.0
1	2014	226	12100.0	 21.0	 28.0	2.000	 2.0	 1.0
1	2014	227	15840.0	 22.0	 28.0	2.000	 2.0	 2.0
1	2014	228	9746.0	 22.0	 26.0	2.000	 3.0	 2.0
1	2014	229	15441.0	 22.0	 29.0	2.000	 3.0	 1.0
1	2014	230	17842.0	 22.0	 30.0	3.000	 2.0	 3.0
1	2014	231	9777.0	 22.0	 27.0	3.000	 1.0	14.0
1	2014	232	10894.0	 21.0	 27.0	3.000	 1.0	20.0
1	2014	233	8014.0	 21.0	 26.0	3.000	 2.0	16.0
1	2014	234	15926.0	 21.0	 29.0	2.000	 3.0	 0.0
1	2014	235	9311.0	 21.0	 26.0	3.000	 3.0	11.0
1	2014	236	20709.0	 21.0	 30.0	3.000	 1.0	 4.0
1	2014	237	17652.0	 23.0	 30.0	3.000	 2.0	 3.0
1	2014	238	13824.0	 21.0	 28.0	2.000	 2.0	35.0
1	2014	239	17186.0	 21.0	 29.0	3.000	 2.0	55.0
1	2014	240	15942.0	 22.0	 30.0	3.000	 1.0	 0.0
1	2014	241	20201.0	 23.0	 32.0	3.000	 1.0	 7.0
1	2014	242	17113.0	 22.0	 29.0	3.000	 3.0	 3.0
1	2014	243	19651.0	 22.0	 31.0	3.000	 2.0	 1.0
1	2014	244	10330.0	 22.0	 26.0	3.000	 3.0	14.0
1	2014	245	16094.0	 22.0	 29.0	3.000	 3.0	 6.0
1	2014	246	19116.0	 22.0	 30.0	3.000	 2.0	 1.0
1	2014	247	17106.0	 22.0	 30.0	3.000	 2.0	 6.0
1	2014	248	6505.0	 21.0	 26.0	3.000	 2.0	13.0
1	2014	249	16290.0	 21.0	 28.0	3.000	 2.0	10.0
1	2014	250	17413.0	 22.0	 29.0	3.000	 2.0	 3.0
1	2014	251	13743.0	 21.0	 27.0	3.000	 2.0	11.0
1	2014	252	19825.0	 21.0	 30.0	3.000	 1.0	11.0
1	2014	253	15247.0	 21.0	 28.0	3.000	 2.0	10.0
1	2014	254	18500.0	 22.0	 30.0	3.000	 1.0	 5.0
1	2014	255	18080.0	 22.0	 29.0	3.000	 0.0	15.0
1	2014	256	20381.0	 21.0	 30.0	3.000	 2.0	 2.0
1	2014	257	18021.0	 22.0	 30.0	3.000	 2.0	 9.0
1	2014	258	15753.0	 22.0	 29.0	3.000	 2.0	15.0
1	2014	259	10846.0	 21.0	 27.0	3.000	 1.0	14.0
1	2014	260	10080.0	 21.0	 28.0	3.000	 2.0	 2.0
1	2014	261	13923.0	 22.0	 29.0	3.000	 2.0	12.0
1	2014	262	17799.0	 21.0	 29.0	3.000	 2.0	 3.0
1	2014	263	18643.0	 22.0	 29.0	3.000	 1.0	 5.0
1	2014	264	17513.0	 22.0	 30.0	3.000	 1.0	 7.0
1	2014	265	17937.0	 22.0	 30.0	3.000	 1.0	 2.0
1	2014	266	17112.0	 22.0	 30.0	3.000	 1.0	13.0
1	2014	267	14314.0	 21.0	 28.0	3.000	 2.0	17.0
1	2014	268	19306.0	 21.0	 31.0	3.000	 2.0	 5.0
1	2014	269	18433.0	 21.0	 30.0	3.000	 1.0	 1.0
1	2014	270	8251.0	 22.0	 26.0	3.000	 1.0	16.0
1	2014	271	18099.0	 21.0	 29.0	3.000	 2.0	 6.0
1	2014	272	18557.0	 22.0	 31.0	3.000	 1.0	 1.0
1	2014	273	15436.0	 21.0	 29.0	3.000	 2.0	15.0
1	2014	274	9793.0	 21.0	 26.0	3.000	 2.0	22.0
1	2014	275	16866.0	 21.0	 29.0	3.000	 2.0	 3.0
1	2014	276	17578.0	 21.0	 30.0	3.000	 1.0	 9.0
1	2014	277	19640.0	 21.0	 30.0	3.000	 1.0	 8.0
1	2014	278	16882.0	 22.0	 30.0	3.000	 2.0	 2.0
1	2014	279	19077.0	 22.0	 31.0	3.000	 1.0	 2.0
1	2014	280	18444.0	 22.0	 30.0	3.000	 1.0	11.0
1	2014	281	20290.0	 22.0	 31.0	3.000	 1.0	 3.0
1	2014	282	21608.0	 22.0	 32.0	3.000	 2.0	 1.0
1	2014	283	19874.0	 22.0	 32.0	3.000	 2.0	 1.0
1	2014	284	14802.0	 23.0	 29.0	3.000	 2.0	 3.0
1	2014	285	13480.0	 22.0	 28.0	3.000	 2.0	12.0
1	2014	286	16438.0	 22.0	 30.0	3.000	 2.0	 4.0
1	2014	287	11560.0	 22.0	 29.0	3.000	 1.0	 1.0
1	2014	288	12710.0	 22.0	 30.0	3.000	 2.0	 0.0
1	2014	289	21269.0	 22.0	 32.0	3.000	 2.0	 1.0
1	2014	290	17982.0	 22.0	 30.0	3.000	 2.0	 5.0
1	2014	291	15924.0	 23.0	 30.0	3.000	 2.0	 6.0
1	2014	292	12328.0	 22.0	 28.0	3.000	 1.0	 7.0
1	2014	293	19370.0	 21.0	 30.0	3.000	 1.0	 1.0
1	2014	294	20262.0	 22.0	 32.0	3.000	 1.0	 0.0
1	2014	295	19932.0	 22.0	 30.0	3.000	 2.0	 0.0
1	2014	296	18554.0	 22.0	 30.0	3.000	 2.0	 1.0
1	2014	297	17945.0	 22.0	 29.0	3.000	 2.0	 6.0
1	2014	298	19357.0	 22.0	 31.0	3.000	 1.0	 6.0
1	2014	299	13658.0	 22.0	 29.0	3.000	 2.0	 6.0
1	2014	300	17521.0	 22.0	 30.0	3.000	 2.0	 1.0
1	2014	301	20243.0	 22.0	 32.0	3.000	 2.0	 3.0
1	2014	302	19029.0	 23.0	 31.0	3.000	 2.0	 3.0
1	2014	303	13310.0	 22.0	 29.0	3.000	 2.0	 4.0
1	2014	304	12111.0	 21.0	 29.0	3.000	 1.0	 4.0
1	2014	305	20255.0	 22.0	 32.0	3.000	 2.0	 1.0
1	2014	306	19357.0	 22.0	 31.0	3.000	 2.0	 1.0
1	2014	307	19930.0	 23.0	 32.0	3.000	 2.0	 0.0
1	2014	308	19699.0	 22.0	 32.0	3.000	 1.0	13.0
1	2014	309	12670.0	 22.0	 29.0	3.000	 1.0	 8.0
1	2014	310	20523.0	 22.0	 32.0	3.000	 1.0	 0.0
1	2014	311	20133.0	 23.0	 32.0	3.000	 1.0	 0.0
1	2014	312	18030.0	 23.0	 31.0	3.000	 2.0	 3.0
1	2014	313	20859.0	 22.0	 33.0	3.000	 2.0	 0.0
1	2014	314	17796.0	 23.0	 31.0	3.000	 2.0	 9.0
1	2014	315	13440.0	 22.0	 29.0	3.000	 2.0	11.0
1	2014	316	18389.0	 21.0	 32.0	3.000	 1.0	 4.0
1	2014	317	19953.0	 22.0	 32.0	3.000	 2.0	 1.0
1	2014	318	14201.0	 23.0	 30.0	3.000	 2.0	 1.0
1	2014	319	19192.0	 22.0	 31.0	3.000	 2.0	 1.0
1	2014	320	17089.0	 22.0	 30.0	3.000	 2.0	 2.0
1	2014	321	18025.0	 23.0	 30.0	3.000	 2.0	 1.0
1	2014	322	18083.0	 23.0	 31.0	3.000	 2.0	 2.0
1	2014	323	17160.0	 22.0	 30.0	3.000	 2.0	10.0
1	2014	324	18350.0	 23.0	 31.0	3.000	 1.0	 3.0
1	2014	325	17518.0	 22.0	 30.0	3.000	 1.0	 1.0
1	2014	326	19576.0	 22.0	 32.0	3.000	 2.0	 0.0
1	2014	327	19580.0	 23.0	 32.0	3.000	 2.0	 0.0
1	2014	328	18490.0	 22.0	 32.0	3.000	 2.0	 1.0
1	2014	329	19217.0	 22.0	 31.0	3.000	 2.0	 0.0
1	2014	330	18844.0	 22.0	 32.0	3.000	 2.0	 0.0
1	2014	331	17123.0	 22.0	 31.0	3.000	 2.0	 9.0
1	2014	332	15369.0	 22.0	 30.0	3.000	 2.0	 1.0
1	2014	333	17988.0	 22.0	 31.0	3.000	 2.0	 0.0
1	2014	334	17727.0	 22.0	 31.0	3.000	 2.0	 0.0
1	2014	335	18820.0	 22.0	 32.0	3.000	 2.0	 0.0
1	2014	336	18555.0	 23.0	 32.0	3.000	 2.0	 0.0
1	2014	337	18551.0	 23.0	 34.0	3.000	 1.0	 0.0
1	2014	338	19186.0	 22.0	 32.0	2.000	 2.0	 0.0
1	2014	339	17716.0	 22.0	 32.0	2.000	 2.0	 0.0
1	2014	340	17498.0	 23.0	 33.0	3.000	 2.0	 1.0
1	2014	341	19322.0	 23.0	 33.0	2.000	 2.0	 0.0
1	2014	342	19082.0	 23.0	 33.0	3.000	 2.0	 0.0
1	2014	343	18276.0	 23.0	 32.0	3.000	 2.0	 0.0
1	2014	344	19423.0	 23.0	 34.0	3.000	 2.0	 0.0
1	2014	345	18012.0	 23.0	 33.0	2.000	 1.0	 0.0
1	2014	346	21176.0	 21.0	 33.0	2.000	 1.0	 0.0
1	2014	347	20811.0	 21.0	 34.0	2.000	 0.0	 0.0
1	2014	348	19102.0	 22.0	 34.0	2.000	 0.0	 0.0
1	2014	349	20412.0	 22.0	 34.0	2.000	 2.0	 0.0
1	2014	350	19986.0	 22.0	 34.0	2.000	 2.0	 0.0
1	2014	351	18175.0	 23.0	 32.0	2.000	 2.0	 0.0
1	2014	352	17599.0	 23.0	 32.0	3.000	 1.0	 0.0
1	2014	353	16341.0	 23.0	 31.0	3.000	 2.0	 5.0
1	2014	354	18197.0	 22.0	 32.0	2.000	 1.0	 0.0
1	2014	355	19826.0	 22.0	 34.0	2.000	 1.0	 0.0
1	2014	356	17826.0	 22.0	 32.0	3.000	 2.0	 0.0
1	2014	357	19636.0	 22.0	 34.0	2.000	 1.0	 0.0
1	2014	358	22059.0	 20.0	 34.0	1.000	 2.0	 0.0
1	2014	359	22173.0	 19.0	 33.0	1.000	 2.0	 0.0
1	2014	360	22392.0	 18.0	 33.0	1.000	 2.0	 0.0
1	2014	361	22336.0	 18.0	 32.0	1.000	 2.0	 0.0
1	2014	362	22181.0	 18.0	 32.0	1.000	 2.0	 0.0
1	2014	363	21922.0	 19.0	 33.0	1.000	 2.0	 0.0
1	2014	364	21852.0	 19.0	 33.0	1.000	 2.0	 0.0
1	2014	365	21819.0	 21.0	 33.0	1.000	 3.0	 0.0
