*---------------------------------------------------
* Station: Brong_Ahafo
* Year: 2015
* Origin: ERA5-Reanalysis
* Columns & units
* ===================
* 1. station number
* 2. year
* 3. Day of Year
* 4. Irradiance   (kJ路m-2路d-1)
* 5. Daily minimum temperature (degC)
* 6. Daily maximum temperature (degC)
* 7. Vapour pressure (kPa)
* 8. Mean wind speed (m路s-1)
* 9. Precipitation (mm路d-1)
** WCCDESCRIPTION=Brong_Ahafo
** WCCFORMAT=2
** WCCYEARNR=2015
*------------------------------------------------------------*
-1.67  7.70  360.00 -0.18  -0.55
1	2015	1	20852.0	 19.0	 33.0	1.000	 2.0	 0.0
1	2015	2	22181.0	 20.0	 34.0	1.000	 2.0	 0.0
1	2015	3	22089.0	 18.0	 33.0	1.000	 2.0	 0.0
1	2015	4	22251.0	 19.0	 33.0	1.000	 2.0	 0.0
1	2015	5	22439.0	 20.0	 33.0	1.000	 3.0	 0.0
1	2015	6	22590.0	 17.0	 33.0	1.000	 2.0	 0.0
1	2015	7	22668.0	 17.0	 33.0	1.000	 2.0	 0.0
1	2015	8	22287.0	 17.0	 34.0	1.000	 1.0	 0.0
1	2015	9	21657.0	 19.0	 33.0	1.000	 1.0	 0.0
1	2015	10	22769.0	 20.0	 33.0	1.000	 3.0	 0.0
1	2015	11	22989.0	 17.0	 33.0	1.000	 2.0	 0.0
1	2015	12	23100.0	 18.0	 33.0	1.000	 3.0	 0.0
1	2015	13	23344.0	 18.0	 32.0	1.000	 3.0	 0.0
1	2015	14	23287.0	 17.0	 33.0	1.000	 1.0	 0.0
1	2015	15	22745.0	 17.0	 34.0	1.000	 1.0	 0.0
1	2015	16	22215.0	 19.0	 35.0	1.000	 1.0	 0.0
1	2015	17	21790.0	 19.0	 35.0	1.000	 1.0	 0.0
1	2015	18	22752.0	 20.0	 35.0	1.000	 1.0	 0.0
1	2015	19	22604.0	 20.0	 35.0	1.000	 0.0	 0.0
1	2015	20	22207.0	 20.0	 35.0	2.000	 1.0	 0.0
1	2015	21	18568.0	 23.0	 34.0	2.000	 2.0	 0.0
1	2015	22	19238.0	 22.0	 34.0	2.000	 1.0	 1.0
1	2015	23	22255.0	 22.0	 36.0	2.000	 1.0	 0.0
1	2015	24	22393.0	 22.0	 36.0	2.000	 0.0	 0.0
1	2015	25	21115.0	 23.0	 35.0	2.000	 2.0	 0.0
1	2015	26	18302.0	 23.0	 33.0	2.000	 2.0	 0.0
1	2015	27	22418.0	 22.0	 36.0	2.000	 1.0	 0.0
1	2015	28	22612.0	 22.0	 36.0	1.000	 1.0	 0.0
1	2015	29	23166.0	 19.0	 36.0	1.000	 1.0	 0.0
1	2015	30	22479.0	 21.0	 35.0	2.000	 1.0	 0.0
1	2015	31	20810.0	 23.0	 36.0	2.000	 2.0	 0.0
1	2015	32	19261.0	 24.0	 35.0	2.000	 1.0	 1.0
1	2015	33	21614.0	 24.0	 36.0	2.000	 1.0	 0.0
1	2015	34	19869.0	 24.0	 36.0	2.000	 2.0	 0.0
1	2015	35	19567.0	 24.0	 35.0	2.000	 2.0	 0.0
1	2015	36	19866.0	 24.0	 36.0	3.000	 2.0	 1.0
1	2015	37	19541.0	 24.0	 35.0	3.000	 2.0	 0.0
1	2015	38	15775.0	 24.0	 33.0	3.000	 2.0	 2.0
1	2015	39	20723.0	 24.0	 36.0	3.000	 2.0	 0.0
1	2015	40	20003.0	 24.0	 35.0	3.000	 2.0	 0.0
1	2015	41	17174.0	 25.0	 33.0	3.000	 2.0	 2.0
1	2015	42	18289.0	 24.0	 34.0	3.000	 2.0	 3.0
1	2015	43	13377.0	 23.0	 32.0	2.000	 2.0	 0.0
1	2015	44	20475.0	 23.0	 35.0	2.000	 2.0	 1.0
1	2015	45	17085.0	 24.0	 33.0	3.000	 3.0	 1.0
1	2015	46	19378.0	 24.0	 33.0	3.000	 3.0	 2.0
1	2015	47	17211.0	 24.0	 33.0	3.000	 2.0	 1.0
1	2015	48	20677.0	 23.0	 35.0	3.000	 2.0	 0.0
1	2015	49	20160.0	 24.0	 33.0	3.000	 3.0	 1.0
1	2015	50	12682.0	 24.0	 31.0	3.000	 3.0	 1.0
1	2015	51	17115.0	 23.0	 34.0	3.000	 1.0	 2.0
1	2015	52	18213.0	 23.0	 33.0	3.000	 1.0	14.0
1	2015	53	18571.0	 22.0	 33.0	2.000	 1.0	 4.0
1	2015	54	21151.0	 23.0	 34.0	2.000	 2.0	 0.0
1	2015	55	24656.0	 22.0	 35.0	1.000	 2.0	 0.0
1	2015	56	24839.0	 22.0	 36.0	1.000	 1.0	 0.0
1	2015	57	23613.0	 22.0	 35.0	2.000	 1.0	 0.0
1	2015	58	23788.0	 23.0	 34.0	1.000	 1.0	 0.0
1	2015	59	24547.0	 21.0	 35.0	1.000	 1.0	 0.0
1	2015	60	25177.0	 22.0	 35.0	1.000	 1.0	 0.0
1	2015	61	25821.0	 22.0	 36.0	1.000	 2.0	 0.0
1	2015	62	25370.0	 21.0	 36.0	1.000	 0.0	 0.0
1	2015	63	23967.0	 23.0	 36.0	2.000	 2.0	 0.0
1	2015	64	20142.0	 24.0	 35.0	3.000	 1.0	 1.0
1	2015	65	22194.0	 24.0	 36.0	2.000	 1.0	 0.0
1	2015	66	23540.0	 24.0	 37.0	2.000	 1.0	 0.0
1	2015	67	22909.0	 24.0	 36.0	2.000	 1.0	 0.0
1	2015	68	21535.0	 24.0	 35.0	3.000	 2.0	 0.0
1	2015	69	22995.0	 25.0	 37.0	2.000	 2.0	 0.0
1	2015	70	22450.0	 25.0	 36.0	3.000	 2.0	 0.0
1	2015	71	22494.0	 25.0	 36.0	3.000	 2.0	11.0
1	2015	72	18452.0	 23.0	 32.0	3.000	 2.0	 8.0
1	2015	73	21445.0	 23.0	 34.0	3.000	 2.0	15.0
1	2015	74	23117.0	 24.0	 36.0	3.000	 2.0	 2.0
1	2015	75	21674.0	 25.0	 35.0	3.000	 2.0	 6.0
1	2015	76	21128.0	 24.0	 34.0	3.000	 2.0	 7.0
1	2015	77	14325.0	 23.0	 31.0	3.000	 1.0	13.0
1	2015	78	21800.0	 24.0	 35.0	3.000	 1.0	 3.0
1	2015	79	20110.0	 24.0	 32.0	3.000	 2.0	 5.0
1	2015	80	16548.0	 23.0	 32.0	3.000	 2.0	 6.0
1	2015	81	23183.0	 23.0	 35.0	3.000	 2.0	 2.0
1	2015	82	21759.0	 24.0	 34.0	3.000	 2.0	 0.0
1	2015	83	22042.0	 24.0	 34.0	3.000	 2.0	34.0
1	2015	84	18253.0	 23.0	 33.0	3.000	 2.0	10.0
1	2015	85	20297.0	 24.0	 33.0	3.000	 2.0	22.0
1	2015	86	21962.0	 23.0	 34.0	3.000	 2.0	14.0
1	2015	87	21003.0	 24.0	 33.0	3.000	 2.0	 1.0
1	2015	88	21692.0	 23.0	 34.0	2.000	 3.0	 0.0
1	2015	89	17484.0	 24.0	 32.0	3.000	 2.0	 0.0
1	2015	90	21281.0	 23.0	 33.0	3.000	 2.0	 0.0
1	2015	91	21804.0	 23.0	 33.0	3.000	 2.0	 7.0
1	2015	92	22058.0	 23.0	 34.0	2.000	 2.0	 0.0
1	2015	93	23669.0	 23.0	 35.0	2.000	 1.0	 0.0
1	2015	94	19249.0	 24.0	 33.0	3.000	 3.0	 7.0
1	2015	95	19807.0	 23.0	 32.0	3.000	 3.0	 1.0
1	2015	96	21540.0	 22.0	 33.0	3.000	 2.0	 5.0
1	2015	97	21314.0	 23.0	 32.0	3.000	 2.0	17.0
1	2015	98	14961.0	 23.0	 32.0	3.000	 2.0	 0.0
1	2015	99	21859.0	 23.0	 33.0	3.000	 2.0	 1.0
1	2015	100	21438.0	 23.0	 33.0	3.000	 3.0	 0.0
1	2015	101	17940.0	 24.0	 32.0	3.000	 3.0	 0.0
1	2015	102	15522.0	 23.0	 32.0	3.000	 2.0	 2.0
1	2015	103	23708.0	 22.0	 34.0	3.000	 1.0	 0.0
1	2015	104	25012.0	 24.0	 35.0	3.000	 0.0	 0.0
1	2015	105	25425.0	 24.0	 35.0	2.000	 2.0	 0.0
1	2015	106	24420.0	 24.0	 35.0	2.000	 2.0	 0.0
1	2015	107	22443.0	 24.0	 34.0	2.000	 2.0	 0.0
1	2015	108	23387.0	 24.0	 34.0	3.000	 2.0	 0.0
1	2015	109	23122.0	 24.0	 34.0	3.000	 2.0	 1.0
1	2015	110	23549.0	 24.0	 35.0	3.000	 2.0	 1.0
1	2015	111	23006.0	 24.0	 35.0	3.000	 2.0	 1.0
1	2015	112	22047.0	 24.0	 34.0	3.000	 3.0	 2.0
1	2015	113	25309.0	 23.0	 35.0	3.000	 2.0	 4.0
1	2015	114	21339.0	 24.0	 34.0	3.000	 3.0	 2.0
1	2015	115	21182.0	 24.0	 34.0	3.000	 3.0	 0.0
1	2015	116	24010.0	 24.0	 34.0	3.000	 2.0	 3.0
1	2015	117	23905.0	 24.0	 35.0	3.000	 2.0	 1.0
1	2015	118	23369.0	 24.0	 34.0	3.000	 2.0	10.0
1	2015	119	18250.0	 23.0	 33.0	3.000	 2.0	 0.0
1	2015	120	22177.0	 24.0	 33.0	3.000	 3.0	 1.0
1	2015	121	23375.0	 24.0	 34.0	3.000	 2.0	 7.0
1	2015	122	23350.0	 24.0	 35.0	3.000	 2.0	 4.0
1	2015	123	22114.0	 24.0	 33.0	3.000	 2.0	 2.0
1	2015	124	13322.0	 23.0	 31.0	3.000	 3.0	 1.0
1	2015	125	19197.0	 24.0	 32.0	3.000	 2.0	 9.0
1	2015	126	20218.0	 23.0	 33.0	3.000	 2.0	 0.0
1	2015	127	25258.0	 24.0	 35.0	3.000	 2.0	 0.0
1	2015	128	19434.0	 25.0	 33.0	3.000	 3.0	 0.0
1	2015	129	23731.0	 25.0	 34.0	3.000	 2.0	 1.0
1	2015	130	22283.0	 25.0	 33.0	3.000	 2.0	 0.0
1	2015	131	22136.0	 24.0	 34.0	3.000	 2.0	 2.0
1	2015	132	21025.0	 24.0	 32.0	3.000	 2.0	 5.0
1	2015	133	21344.0	 24.0	 34.0	3.000	 2.0	 1.0
1	2015	134	18359.0	 24.0	 32.0	3.000	 2.0	 1.0
1	2015	135	16650.0	 24.0	 31.0	3.000	 2.0	 5.0
1	2015	136	21129.0	 23.0	 33.0	3.000	 1.0	 3.0
1	2015	137	17598.0	 24.0	 33.0	3.000	 2.0	 3.0
1	2015	138	22905.0	 24.0	 34.0	3.000	 2.0	 0.0
1	2015	139	18458.0	 24.0	 32.0	3.000	 2.0	 1.0
1	2015	140	20981.0	 24.0	 33.0	3.000	 1.0	16.0
1	2015	141	20281.0	 24.0	 33.0	3.000	 2.0	 1.0
1	2015	142	18063.0	 24.0	 32.0	3.000	 2.0	12.0
1	2015	143	16173.0	 24.0	 31.0	3.000	 3.0	 7.0
1	2015	144	16357.0	 23.0	 31.0	3.000	 2.0	 0.0
1	2015	145	21743.0	 24.0	 33.0	3.000	 2.0	 2.0
1	2015	146	17546.0	 24.0	 32.0	3.000	 3.0	 1.0
1	2015	147	14312.0	 24.0	 30.0	3.000	 2.0	 7.0
1	2015	148	18200.0	 23.0	 32.0	3.000	 2.0	 2.0
1	2015	149	18968.0	 23.0	 32.0	3.000	 2.0	 0.0
1	2015	150	14664.0	 23.0	 31.0	3.000	 2.0	 0.0
1	2015	151	17974.0	 24.0	 31.0	3.000	 3.0	 0.0
1	2015	152	17284.0	 24.0	 32.0	3.000	 3.0	 0.0
1	2015	153	18142.0	 24.0	 31.0	3.000	 3.0	 1.0
1	2015	154	13129.0	 23.0	 30.0	3.000	 1.0	 3.0
1	2015	155	19106.0	 22.0	 32.0	3.000	 1.0	16.0
1	2015	156	14023.0	 22.0	 30.0	3.000	 2.0	 2.0
1	2015	157	16448.0	 22.0	 30.0	3.000	 2.0	 8.0
1	2015	158	22274.0	 22.0	 32.0	3.000	 2.0	 1.0
1	2015	159	18091.0	 23.0	 32.0	3.000	 2.0	 7.0
1	2015	160	16226.0	 22.0	 31.0	3.000	 2.0	 5.0
1	2015	161	16764.0	 23.0	 29.0	3.000	 2.0	 3.0
1	2015	162	21291.0	 22.0	 33.0	3.000	 2.0	 0.0
1	2015	163	17517.0	 23.0	 32.0	3.000	 2.0	 4.0
1	2015	164	16838.0	 22.0	 30.0	3.000	 2.0	 1.0
1	2015	165	14213.0	 23.0	 30.0	3.000	 2.0	 5.0
1	2015	166	17452.0	 22.0	 31.0	3.000	 2.0	 0.0
1	2015	167	16051.0	 22.0	 30.0	3.000	 2.0	 0.0
1	2015	168	13662.0	 23.0	 30.0	3.000	 2.0	 1.0
1	2015	169	12850.0	 23.0	 30.0	3.000	 3.0	 2.0
1	2015	170	18409.0	 22.0	 31.0	3.000	 3.0	 1.0
1	2015	171	17532.0	 23.0	 31.0	3.000	 2.0	 5.0
1	2015	172	14923.0	 22.0	 30.0	3.000	 2.0	 5.0
1	2015	173	16505.0	 22.0	 30.0	3.000	 3.0	 3.0
1	2015	174	18273.0	 23.0	 30.0	3.000	 3.0	 1.0
1	2015	175	14156.0	 23.0	 30.0	3.000	 3.0	 1.0
1	2015	176	15836.0	 23.0	 30.0	3.000	 3.0	 1.0
1	2015	177	16947.0	 23.0	 30.0	3.000	 3.0	 1.0
1	2015	178	17335.0	 23.0	 30.0	3.000	 3.0	 0.0
1	2015	179	14746.0	 22.0	 29.0	3.000	 3.0	 6.0
1	2015	180	15415.0	 23.0	 30.0	3.000	 2.0	 2.0
1	2015	181	16025.0	 22.0	 30.0	3.000	 2.0	 4.0
1	2015	182	13592.0	 22.0	 30.0	3.000	 2.0	 0.0
1	2015	183	18697.0	 23.0	 31.0	3.000	 3.0	 7.0
1	2015	184	7890.0	 22.0	 25.0	3.000	 2.0	13.0
1	2015	185	11391.0	 22.0	 28.0	3.000	 2.0	 2.0
1	2015	186	16639.0	 22.0	 30.0	3.000	 2.0	 1.0
1	2015	187	11887.0	 23.0	 28.0	3.000	 1.0	 4.0
1	2015	188	19617.0	 22.0	 31.0	3.000	 1.0	 1.0
1	2015	189	19331.0	 23.0	 31.0	3.000	 2.0	 2.0
1	2015	190	14226.0	 23.0	 29.0	3.000	 1.0	10.0
1	2015	191	12990.0	 23.0	 29.0	3.000	 1.0	17.0
1	2015	192	12838.0	 22.0	 30.0	3.000	 1.0	 1.0
1	2015	193	19797.0	 23.0	 31.0	3.000	 1.0	15.0
1	2015	194	18072.0	 22.0	 31.0	3.000	 1.0	 5.0
1	2015	195	15395.0	 22.0	 29.0	3.000	 2.0	 0.0
1	2015	196	16050.0	 23.0	 30.0	3.000	 3.0	 1.0
1	2015	197	18503.0	 23.0	 31.0	3.000	 3.0	 2.0
1	2015	198	17681.0	 22.0	 30.0	3.000	 1.0	 0.0
1	2015	199	17690.0	 23.0	 30.0	3.000	 2.0	 2.0
1	2015	200	17044.0	 23.0	 30.0	3.000	 3.0	 1.0
1	2015	201	13360.0	 22.0	 29.0	3.000	 3.0	 2.0
1	2015	202	7801.0	 22.0	 27.0	3.000	 2.0	34.0
1	2015	203	18329.0	 22.0	 30.0	2.000	 3.0	 1.0
1	2015	204	14763.0	 22.0	 29.0	2.000	 3.0	 1.0
1	2015	205	16238.0	 22.0	 29.0	2.000	 2.0	 1.0
1	2015	206	17150.0	 22.0	 29.0	2.000	 2.0	 1.0
1	2015	207	14002.0	 22.0	 29.0	2.000	 2.0	 1.0
1	2015	208	18870.0	 22.0	 29.0	2.000	 3.0	 0.0
1	2015	209	13941.0	 22.0	 28.0	2.000	 3.0	 1.0
1	2015	210	12826.0	 22.0	 28.0	2.000	 2.0	 0.0
1	2015	211	15918.0	 22.0	 29.0	2.000	 2.0	 0.0
1	2015	212	13394.0	 22.0	 28.0	2.000	 3.0	 1.0
1	2015	213	20224.0	 22.0	 30.0	2.000	 2.0	 2.0
1	2015	214	12850.0	 23.0	 28.0	3.000	 1.0	 9.0
1	2015	215	14267.0	 22.0	 29.0	3.000	 2.0	 1.0
1	2015	216	16465.0	 22.0	 30.0	3.000	 3.0	 1.0
1	2015	217	18348.0	 23.0	 30.0	3.000	 2.0	 3.0
1	2015	218	15494.0	 22.0	 29.0	3.000	 2.0	17.0
1	2015	219	15599.0	 22.0	 29.0	3.000	 3.0	 2.0
1	2015	220	16141.0	 23.0	 30.0	3.000	 2.0	 2.0
1	2015	221	17002.0	 22.0	 30.0	3.000	 2.0	 4.0
1	2015	222	8910.0	 22.0	 26.0	3.000	 3.0	 6.0
1	2015	223	18484.0	 21.0	 29.0	3.000	 3.0	 3.0
1	2015	224	18018.0	 22.0	 30.0	3.000	 2.0	 2.0
1	2015	225	18616.0	 22.0	 30.0	3.000	 1.0	 2.0
1	2015	226	18143.0	 23.0	 31.0	3.000	 2.0	 3.0
1	2015	227	12696.0	 22.0	 29.0	3.000	 2.0	 5.0
1	2015	228	11743.0	 23.0	 28.0	3.000	 2.0	 1.0
1	2015	229	18143.0	 23.0	 31.0	3.000	 2.0	 3.0
1	2015	230	10418.0	 22.0	 28.0	3.000	 2.0	 3.0
1	2015	231	15456.0	 23.0	 29.0	3.000	 2.0	 2.0
1	2015	232	10492.0	 22.0	 28.0	3.000	 2.0	27.0
1	2015	233	14332.0	 22.0	 29.0	3.000	 2.0	 4.0
1	2015	234	11675.0	 22.0	 28.0	3.000	 2.0	 3.0
1	2015	235	16974.0	 23.0	 30.0	3.000	 1.0	 8.0
1	2015	236	15452.0	 22.0	 29.0	3.000	 1.0	 6.0
1	2015	237	14278.0	 22.0	 29.0	3.000	 3.0	 2.0
1	2015	238	16269.0	 22.0	 30.0	3.000	 2.0	 1.0
1	2015	239	18791.0	 22.0	 30.0	3.000	 2.0	11.0
1	2015	240	15468.0	 22.0	 29.0	3.000	 3.0	 2.0
1	2015	241	19209.0	 23.0	 30.0	3.000	 2.0	 1.0
1	2015	242	15388.0	 22.0	 29.0	2.000	 2.0	 1.0
1	2015	243	17003.0	 22.0	 29.0	2.000	 3.0	 1.0
1	2015	244	13326.0	 22.0	 28.0	2.000	 2.0	10.0
1	2015	245	11807.0	 21.0	 28.0	3.000	 3.0	 1.0
1	2015	246	14013.0	 22.0	 29.0	3.000	 2.0	 1.0
1	2015	247	20063.0	 23.0	 31.0	3.000	 1.0	 4.0
1	2015	248	18516.0	 23.0	 31.0	3.000	 1.0	 3.0
1	2015	249	3798.0	 22.0	 25.0	3.000	 1.0	30.0
1	2015	250	11526.0	 22.0	 28.0	3.000	 2.0	 1.0
1	2015	251	20212.0	 22.0	 31.0	3.000	 1.0	20.0
1	2015	252	15664.0	 22.0	 29.0	3.000	 2.0	15.0
1	2015	253	17340.0	 22.0	 30.0	3.000	 2.0	 1.0
1	2015	254	21299.0	 23.0	 32.0	3.000	 0.0	 3.0
1	2015	255	21308.0	 23.0	 33.0	3.000	 1.0	 2.0
1	2015	256	18066.0	 23.0	 31.0	3.000	 2.0	 3.0
1	2015	257	18813.0	 23.0	 30.0	3.000	 2.0	 1.0
1	2015	258	11947.0	 23.0	 28.0	3.000	 2.0	 3.0
1	2015	259	12707.0	 22.0	 28.0	3.000	 2.0	 4.0
1	2015	260	11952.0	 22.0	 28.0	3.000	 3.0	 0.0
1	2015	261	18816.0	 22.0	 30.0	3.000	 2.0	 2.0
1	2015	262	19569.0	 23.0	 30.0	3.000	 1.0	 2.0
1	2015	263	16679.0	 23.0	 29.0	3.000	 1.0	 4.0
1	2015	264	13289.0	 22.0	 27.0	3.000	 1.0	18.0
1	2015	265	16262.0	 22.0	 30.0	3.000	 2.0	10.0
1	2015	266	18483.0	 22.0	 31.0	3.000	 1.0	 1.0
1	2015	267	19975.0	 23.0	 31.0	3.000	 1.0	 4.0
1	2015	268	12828.0	 22.0	 28.0	3.000	 1.0	10.0
1	2015	269	17730.0	 23.0	 31.0	3.000	 1.0	 1.0
1	2015	270	20381.0	 23.0	 31.0	3.000	 1.0	 2.0
1	2015	271	16851.0	 22.0	 30.0	3.000	 1.0	10.0
1	2015	272	16565.0	 22.0	 30.0	3.000	 1.0	 4.0
1	2015	273	14392.0	 22.0	 29.0	3.000	 1.0	 7.0
1	2015	274	17014.0	 22.0	 31.0	3.000	 1.0	 0.0
1	2015	275	20349.0	 23.0	 32.0	3.000	 1.0	 6.0
1	2015	276	17816.0	 22.0	 31.0	3.000	 2.0	 8.0
1	2015	277	21176.0	 22.0	 32.0	3.000	 1.0	 7.0
1	2015	278	13820.0	 21.0	 29.0	3.000	 1.0	10.0
1	2015	279	17728.0	 23.0	 30.0	3.000	 1.0	11.0
1	2015	280	11453.0	 23.0	 27.0	3.000	 1.0	10.0
1	2015	281	13734.0	 22.0	 30.0	3.000	 1.0	 1.0
1	2015	282	17357.0	 23.0	 30.0	3.000	 1.0	13.0
1	2015	283	14067.0	 22.0	 30.0	3.000	 1.0	 1.0
1	2015	284	20815.0	 22.0	 31.0	3.000	 1.0	 1.0
1	2015	285	20254.0	 22.0	 32.0	3.000	 1.0	 2.0
1	2015	286	20673.0	 23.0	 33.0	3.000	 1.0	 2.0
1	2015	287	17400.0	 23.0	 30.0	3.000	 2.0	 6.0
1	2015	288	18285.0	 23.0	 31.0	3.000	 1.0	 6.0
1	2015	289	19743.0	 23.0	 32.0	3.000	 2.0	 2.0
1	2015	290	17300.0	 23.0	 30.0	3.000	 2.0	 2.0
1	2015	291	19411.0	 23.0	 32.0	3.000	 1.0	 1.0
1	2015	292	20095.0	 23.0	 32.0	3.000	 2.0	 1.0
1	2015	293	16623.0	 23.0	 30.0	3.000	 2.0	 4.0
1	2015	294	18614.0	 22.0	 31.0	3.000	 1.0	10.0
1	2015	295	16198.0	 23.0	 31.0	3.000	 1.0	10.0
1	2015	296	18756.0	 23.0	 31.0	3.000	 1.0	 1.0
1	2015	297	20143.0	 23.0	 32.0	3.000	 2.0	 0.0
1	2015	298	16604.0	 23.0	 31.0	3.000	 2.0	 2.0
1	2015	299	20563.0	 22.0	 32.0	3.000	 1.0	 0.0
1	2015	300	19623.0	 23.0	 31.0	3.000	 1.0	12.0
1	2015	301	17776.0	 22.0	 31.0	3.000	 1.0	 9.0
1	2015	302	20874.0	 22.0	 32.0	3.000	 1.0	 6.0
1	2015	303	19127.0	 22.0	 31.0	3.000	 1.0	14.0
1	2015	304	12682.0	 22.0	 28.0	3.000	 1.0	23.0
1	2015	305	16560.0	 22.0	 30.0	3.000	 1.0	 9.0
1	2015	306	18905.0	 22.0	 31.0	3.000	 1.0	 2.0
1	2015	307	18699.0	 22.0	 32.0	3.000	 1.0	 0.0
1	2015	308	20956.0	 23.0	 32.0	3.000	 2.0	 0.0
1	2015	309	18683.0	 23.0	 31.0	3.000	 2.0	 5.0
1	2015	310	18813.0	 22.0	 30.0	3.000	 1.0	 1.0
1	2015	311	18869.0	 22.0	 31.0	3.000	 2.0	 4.0
1	2015	312	19415.0	 22.0	 31.0	3.000	 1.0	 6.0
1	2015	313	17957.0	 22.0	 31.0	3.000	 1.0	 4.0
1	2015	314	18419.0	 22.0	 32.0	3.000	 1.0	 4.0
1	2015	315	19453.0	 22.0	 32.0	3.000	 1.0	 2.0
1	2015	316	21263.0	 22.0	 33.0	2.000	 1.0	 0.0
1	2015	317	20720.0	 22.0	 33.0	2.000	 0.0	 0.0
1	2015	318	22541.0	 21.0	 33.0	2.000	 0.0	 0.0
1	2015	319	21627.0	 21.0	 33.0	2.000	 2.0	 0.0
1	2015	320	21085.0	 22.0	 33.0	2.000	 1.0	 0.0
1	2015	321	13510.0	 23.0	 29.0	3.000	 2.0	 1.0
1	2015	322	19657.0	 22.0	 32.0	2.000	 1.0	 0.0
1	2015	323	22155.0	 22.0	 34.0	2.000	 1.0	 0.0
1	2015	324	20151.0	 23.0	 33.0	2.000	 1.0	 0.0
1	2015	325	19626.0	 22.0	 32.0	2.000	 1.0	 0.0
1	2015	326	20825.0	 22.0	 33.0	2.000	 1.0	 0.0
1	2015	327	19696.0	 23.0	 33.0	2.000	 2.0	 0.0
1	2015	328	15856.0	 24.0	 33.0	3.000	 1.0	 0.0
1	2015	329	18854.0	 23.0	 33.0	3.000	 2.0	 0.0
1	2015	330	14457.0	 24.0	 31.0	3.000	 2.0	 1.0
1	2015	331	16940.0	 23.0	 31.0	3.000	 2.0	 1.0
1	2015	332	16971.0	 23.0	 31.0	3.000	 2.0	 1.0
1	2015	333	18613.0	 23.0	 34.0	3.000	 1.0	 0.0
1	2015	334	20304.0	 23.0	 34.0	2.000	 1.0	 0.0
1	2015	335	20966.0	 21.0	 34.0	2.000	 1.0	 0.0
1	2015	336	18906.0	 23.0	 33.0	2.000	 1.0	 0.0
1	2015	337	20545.0	 22.0	 33.0	2.000	 1.0	 0.0
1	2015	338	19727.0	 22.0	 33.0	2.000	 2.0	 0.0
1	2015	339	22276.0	 20.0	 33.0	1.000	 2.0	 0.0
1	2015	340	21945.0	 22.0	 33.0	1.000	 1.0	 0.0
1	2015	341	21583.0	 21.0	 33.0	1.000	 2.0	 0.0
1	2015	342	21949.0	 21.0	 34.0	1.000	 3.0	 0.0
1	2015	343	22187.0	 20.0	 33.0	1.000	 2.0	 0.0
1	2015	344	22208.0	 20.0	 33.0	1.000	 2.0	 0.0
1	2015	345	22117.0	 20.0	 34.0	1.000	 2.0	 0.0
1	2015	346	22078.0	 20.0	 34.0	1.000	 2.0	 0.0
1	2015	347	21768.0	 19.0	 33.0	1.000	 1.0	 0.0
1	2015	348	21891.0	 19.0	 33.0	1.000	 2.0	 0.0
1	2015	349	22103.0	 19.0	 34.0	1.000	 3.0	 0.0
1	2015	350	22668.0	 19.0	 32.0	1.000	 3.0	 0.0
1	2015	351	22748.0	 18.0	 32.0	1.000	 2.0	 0.0
1	2015	352	22301.0	 18.0	 32.0	1.000	 2.0	 0.0
1	2015	353	22078.0	 18.0	 32.0	1.000	 3.0	 0.0
1	2015	354	20035.0	 20.0	 32.0	1.000	 2.0	 0.0
1	2015	355	21434.0	 19.0	 33.0	1.000	 2.0	 0.0
1	2015	356	20429.0	 20.0	 33.0	1.000	 2.0	 0.0
1	2015	357	21811.0	 19.0	 34.0	1.000	 2.0	 0.0
1	2015	358	21992.0	 19.0	 33.0	1.000	 2.0	 0.0
1	2015	359	21872.0	 20.0	 33.0	1.000	 3.0	 0.0
1	2015	360	21791.0	 21.0	 33.0	1.000	 3.0	 0.0
1	2015	361	21965.0	 20.0	 34.0	1.000	 3.0	 0.0
1	2015	362	21880.0	 20.0	 34.0	1.000	 3.0	 0.0
1	2015	363	22144.0	 20.0	 34.0	1.000	 3.0	 0.0
1	2015	364	22265.0	 20.0	 35.0	1.000	 2.0	 0.0
1	2015	365	21950.0	 19.0	 34.0	1.000	 2.0	 0.0
