*---------------------------------------------------
* Station: Brong_Ahafo
* Year: 2013
* Origin: ERA5-Reanalysis
* Columns & units
* ===================
* 1. station number
* 2. year
* 3. Day of Year
* 4. Irradiance   (kJ路m-2路d-1)
* 5. Daily minimum temperature (degC)
* 6. Daily maximum temperature (degC)
* 7. Vapour pressure (kPa)
* 8. Mean wind speed (m路s-1)
* 9. Precipitation (mm路d-1)
** WCCDESCRIPTION=Brong_Ahafo
** WCCFORMAT=2
** WCCYEARNR=2013
*------------------------------------------------------------*
-1.67  7.70  360.00 -0.18  -0.55
1	2013	1	22081.0	 20.0	 32.0	1.000	 3.0	 0.0
1	2013	2	21917.0	 20.0	 33.0	1.000	 3.0	 0.0
1	2013	3	21568.0	 20.0	 33.0	1.000	 2.0	 0.0
1	2013	4	21763.0	 21.0	 34.0	1.000	 3.0	 0.0
1	2013	5	21645.0	 20.0	 33.0	1.000	 3.0	 0.0
1	2013	6	22519.0	 19.0	 33.0	1.000	 2.0	 0.0
1	2013	7	22575.0	 18.0	 34.0	1.000	 1.0	 0.0
1	2013	8	22258.0	 19.0	 35.0	1.000	 2.0	 0.0
1	2013	9	21207.0	 20.0	 35.0	2.000	 0.0	 0.0
1	2013	10	21955.0	 22.0	 35.0	2.000	 1.0	 0.0
1	2013	11	22182.0	 20.0	 35.0	1.000	 1.0	 0.0
1	2013	12	22595.0	 20.0	 35.0	1.000	 2.0	 0.0
1	2013	13	22849.0	 20.0	 35.0	1.000	 3.0	 0.0
1	2013	14	22948.0	 20.0	 35.0	1.000	 1.0	 0.0
1	2013	15	21991.0	 20.0	 36.0	1.000	 1.0	 0.0
1	2013	16	22556.0	 21.0	 36.0	1.000	 2.0	 0.0
1	2013	17	22595.0	 21.0	 36.0	1.000	 1.0	 0.0
1	2013	18	21998.0	 20.0	 36.0	1.000	 1.0	 0.0
1	2013	19	21769.0	 20.0	 34.0	2.000	 2.0	 0.0
1	2013	20	20637.0	 23.0	 36.0	2.000	 1.0	 0.0
1	2013	21	21375.0	 23.0	 36.0	2.000	 1.0	 0.0
1	2013	22	18529.0	 24.0	 35.0	2.000	 2.0	 2.0
1	2013	23	19200.0	 24.0	 35.0	2.000	 2.0	 1.0
1	2013	24	20020.0	 24.0	 36.0	2.000	 2.0	 0.0
1	2013	25	20189.0	 24.0	 35.0	3.000	 2.0	 0.0
1	2013	26	19411.0	 24.0	 35.0	2.000	 1.0	 0.0
1	2013	27	20249.0	 24.0	 35.0	1.000	 1.0	 0.0
1	2013	28	22033.0	 22.0	 35.0	1.000	 3.0	 0.0
1	2013	29	21534.0	 22.0	 36.0	1.000	 3.0	 0.0
1	2013	30	23126.0	 21.0	 36.0	1.000	 1.0	 0.0
1	2013	31	23087.0	 22.0	 35.0	1.000	 1.0	 0.0
1	2013	32	23746.0	 21.0	 34.0	1.000	 3.0	 0.0
1	2013	33	23982.0	 20.0	 34.0	1.000	 2.0	 0.0
1	2013	34	23967.0	 18.0	 34.0	1.000	 1.0	 0.0
1	2013	35	22371.0	 21.0	 36.0	1.000	 1.0	 0.0
1	2013	36	23842.0	 20.0	 37.0	1.000	 2.0	 0.0
1	2013	37	23041.0	 22.0	 36.0	2.000	 0.0	 0.0
1	2013	38	22526.0	 24.0	 37.0	2.000	 0.0	 0.0
1	2013	39	23222.0	 23.0	 37.0	1.000	 1.0	 0.0
1	2013	40	23909.0	 21.0	 38.0	1.000	 1.0	 0.0
1	2013	41	23050.0	 22.0	 37.0	2.000	 1.0	 0.0
1	2013	42	21950.0	 23.0	 37.0	2.000	 0.0	 0.0
1	2013	43	23986.0	 21.0	 37.0	1.000	 1.0	 0.0
1	2013	44	22782.0	 23.0	 37.0	2.000	 0.0	 0.0
1	2013	45	22509.0	 24.0	 37.0	2.000	 0.0	 0.0
1	2013	46	22830.0	 23.0	 37.0	2.000	 0.0	 0.0
1	2013	47	22589.0	 23.0	 37.0	2.000	 0.0	 0.0
1	2013	48	21444.0	 24.0	 37.0	2.000	 2.0	 0.0
1	2013	49	22880.0	 24.0	 37.0	2.000	 2.0	 0.0
1	2013	50	18643.0	 25.0	 33.0	2.000	 2.0	 3.0
1	2013	51	20595.0	 25.0	 35.0	3.000	 2.0	 1.0
1	2013	52	18169.0	 25.0	 34.0	3.000	 1.0	 7.0
1	2013	53	16156.0	 24.0	 33.0	2.000	 0.0	 0.0
1	2013	54	23338.0	 23.0	 37.0	2.000	 0.0	 0.0
1	2013	55	21168.0	 25.0	 36.0	2.000	 3.0	 0.0
1	2013	56	19492.0	 25.0	 34.0	3.000	 2.0	 4.0
1	2013	57	22196.0	 24.0	 36.0	3.000	 2.0	 0.0
1	2013	58	21752.0	 25.0	 37.0	3.000	 2.0	 1.0
1	2013	59	21702.0	 25.0	 36.0	3.000	 2.0	 2.0
1	2013	60	19601.0	 24.0	 35.0	3.000	 2.0	 1.0
1	2013	61	21073.0	 23.0	 36.0	3.000	 2.0	 6.0
1	2013	62	21925.0	 24.0	 37.0	3.000	 2.0	 4.0
1	2013	63	17649.0	 23.0	 35.0	3.000	 2.0	16.0
1	2013	64	15577.0	 23.0	 34.0	3.000	 2.0	 0.0
1	2013	65	23882.0	 25.0	 38.0	3.000	 2.0	 0.0
1	2013	66	17734.0	 25.0	 35.0	3.000	 3.0	 0.0
1	2013	67	17804.0	 25.0	 34.0	3.000	 3.0	 0.0
1	2013	68	18042.0	 24.0	 33.0	3.000	 3.0	 8.0
1	2013	69	20851.0	 24.0	 34.0	3.000	 3.0	 2.0
1	2013	70	21390.0	 25.0	 35.0	3.000	 2.0	 6.0
1	2013	71	19616.0	 23.0	 34.0	3.000	 2.0	 5.0
1	2013	72	22133.0	 24.0	 35.0	3.000	 2.0	 3.0
1	2013	73	20529.0	 24.0	 34.0	3.000	 2.0	 6.0
1	2013	74	20427.0	 23.0	 34.0	3.000	 2.0	11.0
1	2013	75	19551.0	 23.0	 33.0	3.000	 2.0	 4.0
1	2013	76	20966.0	 24.0	 34.0	3.000	 2.0	 1.0
1	2013	77	21619.0	 25.0	 35.0	3.000	 2.0	 3.0
1	2013	78	22306.0	 24.0	 35.0	3.000	 1.0	10.0
1	2013	79	23085.0	 24.0	 36.0	3.000	 2.0	 3.0
1	2013	80	18989.0	 24.0	 33.0	3.000	 3.0	 3.0
1	2013	81	16318.0	 23.0	 32.0	3.000	 3.0	 2.0
1	2013	82	23620.0	 24.0	 35.0	3.000	 2.0	 4.0
1	2013	83	20684.0	 23.0	 33.0	3.000	 3.0	 7.0
1	2013	84	21078.0	 25.0	 34.0	3.000	 2.0	 5.0
1	2013	85	15085.0	 22.0	 31.0	3.000	 2.0	 9.0
1	2013	86	22959.0	 24.0	 33.0	3.000	 2.0	 4.0
1	2013	87	16425.0	 22.0	 32.0	3.000	 1.0	 2.0
1	2013	88	21104.0	 24.0	 34.0	3.000	 2.0	 3.0
1	2013	89	18662.0	 24.0	 33.0	3.000	 2.0	 0.0
1	2013	90	20367.0	 24.0	 34.0	3.000	 2.0	 9.0
1	2013	91	24087.0	 23.0	 35.0	3.000	 2.0	 8.0
1	2013	92	20331.0	 24.0	 33.0	3.000	 2.0	 2.0
1	2013	93	23612.0	 24.0	 35.0	3.000	 2.0	 0.0
1	2013	94	19489.0	 24.0	 32.0	3.000	 1.0	18.0
1	2013	95	21967.0	 24.0	 34.0	3.000	 2.0	 4.0
1	2013	96	18167.0	 24.0	 32.0	3.000	 2.0	 1.0
1	2013	97	24590.0	 24.0	 35.0	3.000	 2.0	 0.0
1	2013	98	23317.0	 24.0	 34.0	3.000	 3.0	 1.0
1	2013	99	22328.0	 24.0	 33.0	3.000	 3.0	 1.0
1	2013	100	23362.0	 23.0	 34.0	3.000	 2.0	 2.0
1	2013	101	25193.0	 24.0	 36.0	3.000	 2.0	 0.0
1	2013	102	20797.0	 24.0	 34.0	3.000	 2.0	11.0
1	2013	103	20681.0	 24.0	 33.0	3.000	 2.0	 9.0
1	2013	104	24139.0	 23.0	 34.0	3.000	 1.0	 3.0
1	2013	105	20610.0	 24.0	 31.0	3.000	 2.0	 8.0
1	2013	106	17523.0	 24.0	 32.0	3.000	 3.0	 0.0
1	2013	107	22321.0	 24.0	 34.0	3.000	 2.0	12.0
1	2013	108	21191.0	 23.0	 32.0	3.000	 2.0	10.0
1	2013	109	21005.0	 23.0	 32.0	3.000	 3.0	 1.0
1	2013	110	20993.0	 23.0	 33.0	3.000	 1.0	 3.0
1	2013	111	21271.0	 23.0	 33.0	3.000	 2.0	 9.0
1	2013	112	23332.0	 24.0	 33.0	3.000	 2.0	23.0
1	2013	113	21987.0	 23.0	 33.0	3.000	 2.0	 1.0
1	2013	114	24276.0	 24.0	 34.0	3.000	 2.0	 0.0
1	2013	115	22339.0	 24.0	 33.0	3.000	 2.0	 1.0
1	2013	116	19381.0	 24.0	 32.0	3.000	 1.0	 3.0
1	2013	117	22732.0	 23.0	 33.0	3.000	 2.0	 4.0
1	2013	118	23155.0	 24.0	 34.0	3.000	 1.0	 2.0
1	2013	119	20648.0	 24.0	 32.0	3.000	 2.0	 2.0
1	2013	120	21019.0	 24.0	 33.0	3.000	 2.0	 4.0
1	2013	121	17876.0	 24.0	 32.0	3.000	 2.0	 8.0
1	2013	122	24612.0	 23.0	 33.0	3.000	 1.0	 0.0
1	2013	123	24333.0	 24.0	 34.0	3.000	 2.0	 7.0
1	2013	124	21431.0	 24.0	 32.0	3.000	 2.0	11.0
1	2013	125	20054.0	 23.0	 33.0	3.000	 1.0	 5.0
1	2013	126	22574.0	 24.0	 33.0	3.000	 2.0	 3.0
1	2013	127	19388.0	 23.0	 33.0	3.000	 2.0	 1.0
1	2013	128	18207.0	 24.0	 32.0	3.000	 2.0	 1.0
1	2013	129	18087.0	 23.0	 32.0	3.000	 2.0	 1.0
1	2013	130	19308.0	 24.0	 32.0	3.000	 3.0	 9.0
1	2013	131	18190.0	 23.0	 31.0	3.000	 2.0	 6.0
1	2013	132	20751.0	 23.0	 32.0	3.000	 2.0	 0.0
1	2013	133	20536.0	 23.0	 32.0	3.000	 2.0	 0.0
1	2013	134	23634.0	 23.0	 33.0	3.000	 1.0	 0.0
1	2013	135	19519.0	 24.0	 32.0	3.000	 2.0	 2.0
1	2013	136	17699.0	 23.0	 31.0	3.000	 2.0	 3.0
1	2013	137	20098.0	 23.0	 32.0	3.000	 2.0	10.0
1	2013	138	16700.0	 23.0	 31.0	3.000	 2.0	12.0
1	2013	139	16404.0	 23.0	 30.0	3.000	 2.0	 8.0
1	2013	140	20473.0	 23.0	 32.0	3.000	 2.0	 3.0
1	2013	141	19007.0	 23.0	 32.0	3.000	 2.0	 1.0
1	2013	142	19945.0	 24.0	 32.0	3.000	 2.0	11.0
1	2013	143	14269.0	 23.0	 31.0	3.000	 1.0	 0.0
1	2013	144	22743.0	 24.0	 33.0	3.000	 2.0	 1.0
1	2013	145	19022.0	 24.0	 32.0	3.000	 2.0	 3.0
1	2013	146	13801.0	 23.0	 30.0	3.000	 2.0	 9.0
1	2013	147	17233.0	 22.0	 30.0	3.000	 2.0	12.0
1	2013	148	16063.0	 22.0	 31.0	3.000	 2.0	 0.0
1	2013	149	19725.0	 22.0	 32.0	3.000	 1.0	 7.0
1	2013	150	18622.0	 23.0	 31.0	3.000	 2.0	 2.0
1	2013	151	17211.0	 23.0	 31.0	3.000	 1.0	 1.0
1	2013	152	22181.0	 24.0	 33.0	3.000	 2.0	 1.0
1	2013	153	17061.0	 22.0	 30.0	3.000	 2.0	 6.0
1	2013	154	11905.0	 22.0	 28.0	3.000	 2.0	 3.0
1	2013	155	13930.0	 22.0	 29.0	3.000	 3.0	 5.0
1	2013	156	18197.0	 22.0	 31.0	3.000	 2.0	 0.0
1	2013	157	18960.0	 22.0	 30.0	3.000	 2.0	 3.0
1	2013	158	18856.0	 22.0	 30.0	3.000	 2.0	 0.0
1	2013	159	17662.0	 23.0	 31.0	3.000	 2.0	 2.0
1	2013	160	16932.0	 22.0	 30.0	3.000	 2.0	 1.0
1	2013	161	17991.0	 23.0	 31.0	3.000	 2.0	 1.0
1	2013	162	16217.0	 23.0	 30.0	3.000	 2.0	 2.0
1	2013	163	15202.0	 22.0	 30.0	3.000	 2.0	 0.0
1	2013	164	16506.0	 23.0	 30.0	3.000	 3.0	 0.0
1	2013	165	21012.0	 23.0	 32.0	3.000	 3.0	 0.0
1	2013	166	15167.0	 23.0	 30.0	3.000	 2.0	 0.0
1	2013	167	13871.0	 23.0	 28.0	3.000	 2.0	 4.0
1	2013	168	18687.0	 23.0	 31.0	3.000	 3.0	 0.0
1	2013	169	17180.0	 23.0	 30.0	3.000	 2.0	 4.0
1	2013	170	16673.0	 23.0	 29.0	3.000	 3.0	 8.0
1	2013	171	12847.0	 23.0	 29.0	3.000	 3.0	 1.0
1	2013	172	19098.0	 22.0	 30.0	3.000	 2.0	 0.0
1	2013	173	18882.0	 23.0	 30.0	3.000	 2.0	 1.0
1	2013	174	13058.0	 23.0	 28.0	3.000	 3.0	 1.0
1	2013	175	11311.0	 22.0	 27.0	2.000	 3.0	 1.0
1	2013	176	7136.0	 23.0	 26.0	3.000	 3.0	 0.0
1	2013	177	13296.0	 22.0	 29.0	2.000	 2.0	 0.0
1	2013	178	16052.0	 22.0	 30.0	3.000	 2.0	 1.0
1	2013	179	13415.0	 22.0	 28.0	3.000	 2.0	16.0
1	2013	180	12736.0	 22.0	 27.0	3.000	 2.0	14.0
1	2013	181	11019.0	 21.0	 25.0	3.000	 2.0	18.0
1	2013	182	15686.0	 22.0	 29.0	2.000	 2.0	 0.0
1	2013	183	19604.0	 22.0	 30.0	3.000	 2.0	 2.0
1	2013	184	11904.0	 22.0	 28.0	3.000	 2.0	 0.0
1	2013	185	14539.0	 22.0	 29.0	3.000	 3.0	 7.0
1	2013	186	14217.0	 22.0	 28.0	3.000	 2.0	10.0
1	2013	187	10195.0	 21.0	 25.0	3.000	 3.0	10.0
1	2013	188	15342.0	 21.0	 28.0	3.000	 2.0	 1.0
1	2013	189	9871.0	 21.0	 26.0	3.000	 2.0	18.0
1	2013	190	8654.0	 21.0	 27.0	3.000	 2.0	 3.0
1	2013	191	14976.0	 21.0	 28.0	3.000	 2.0	 1.0
1	2013	192	13442.0	 22.0	 27.0	3.000	 2.0	16.0
1	2013	193	14000.0	 21.0	 28.0	3.000	 2.0	10.0
1	2013	194	17421.0	 21.0	 29.0	3.000	 1.0	 6.0
1	2013	195	13719.0	 22.0	 29.0	3.000	 2.0	 5.0
1	2013	196	11623.0	 21.0	 26.0	3.000	 2.0	 8.0
1	2013	197	16675.0	 22.0	 30.0	3.000	 2.0	 2.0
1	2013	198	15836.0	 22.0	 29.0	3.000	 2.0	 0.0
1	2013	199	18208.0	 22.0	 29.0	3.000	 2.0	 2.0
1	2013	200	16112.0	 22.0	 28.0	3.000	 2.0	 6.0
1	2013	201	5705.0	 21.0	 23.0	3.000	 2.0	51.0
1	2013	202	12718.0	 21.0	 28.0	3.000	 2.0	 2.0
1	2013	203	14029.0	 21.0	 27.0	3.000	 2.0	 7.0
1	2013	204	18941.0	 22.0	 30.0	3.000	 3.0	 2.0
1	2013	205	13779.0	 22.0	 28.0	2.000	 2.0	 2.0
1	2013	206	5419.0	 21.0	 23.0	3.000	 3.0	 8.0
1	2013	207	13371.0	 21.0	 28.0	3.000	 2.0	 4.0
1	2013	208	15660.0	 21.0	 29.0	2.000	 3.0	 1.0
1	2013	209	14430.0	 22.0	 28.0	3.000	 3.0	 1.0
1	2013	210	14671.0	 22.0	 28.0	2.000	 3.0	 1.0
1	2013	211	15290.0	 22.0	 29.0	2.000	 3.0	 0.0
1	2013	212	15976.0	 21.0	 28.0	2.000	 3.0	 1.0
1	2013	213	16846.0	 21.0	 28.0	2.000	 3.0	 0.0
1	2013	214	13966.0	 22.0	 28.0	2.000	 3.0	 1.0
1	2013	215	15626.0	 21.0	 29.0	2.000	 2.0	 1.0
1	2013	216	14827.0	 22.0	 28.0	2.000	 3.0	 0.0
1	2013	217	15348.0	 22.0	 28.0	3.000	 3.0	 1.0
1	2013	218	15971.0	 22.0	 29.0	2.000	 3.0	 2.0
1	2013	219	14243.0	 22.0	 28.0	2.000	 3.0	 2.0
1	2013	220	11433.0	 22.0	 27.0	2.000	 3.0	 2.0
1	2013	221	12342.0	 21.0	 27.0	2.000	 3.0	 1.0
1	2013	222	19275.0	 21.0	 29.0	2.000	 2.0	 0.0
1	2013	223	18620.0	 22.0	 30.0	2.000	 2.0	 0.0
1	2013	224	10619.0	 21.0	 26.0	2.000	 3.0	 0.0
1	2013	225	12394.0	 21.0	 27.0	2.000	 2.0	 0.0
1	2013	226	11446.0	 22.0	 27.0	2.000	 2.0	 1.0
1	2013	227	15594.0	 22.0	 28.0	2.000	 3.0	 2.0
1	2013	228	14396.0	 21.0	 27.0	2.000	 3.0	 2.0
1	2013	229	11823.0	 22.0	 28.0	2.000	 3.0	 1.0
1	2013	230	11803.0	 22.0	 28.0	2.000	 2.0	 1.0
1	2013	231	21099.0	 21.0	 31.0	3.000	 1.0	 8.0
1	2013	232	17059.0	 21.0	 30.0	3.000	 2.0	10.0
1	2013	233	14771.0	 23.0	 29.0	3.000	 3.0	 2.0
1	2013	234	20170.0	 23.0	 31.0	3.000	 2.0	 1.0
1	2013	235	10687.0	 21.0	 26.0	3.000	 1.0	18.0
1	2013	236	10438.0	 21.0	 28.0	3.000	 2.0	 5.0
1	2013	237	11083.0	 22.0	 27.0	3.000	 2.0	 5.0
1	2013	238	12823.0	 22.0	 29.0	3.000	 2.0	 4.0
1	2013	239	16873.0	 22.0	 29.0	3.000	 2.0	 1.0
1	2013	240	16989.0	 22.0	 30.0	2.000	 2.0	 1.0
1	2013	241	9180.0	 22.0	 26.0	3.000	 1.0	 5.0
1	2013	242	4558.0	 21.0	 23.0	3.000	 2.0	30.0
1	2013	243	17795.0	 21.0	 28.0	3.000	 3.0	 2.0
1	2013	244	17575.0	 22.0	 30.0	3.000	 2.0	 3.0
1	2013	245	18165.0	 21.0	 29.0	3.000	 2.0	 1.0
1	2013	246	19447.0	 23.0	 30.0	3.000	 1.0	 2.0
1	2013	247	17884.0	 22.0	 29.0	3.000	 1.0	 5.0
1	2013	248	12977.0	 22.0	 28.0	3.000	 2.0	 6.0
1	2013	249	11301.0	 22.0	 26.0	3.000	 2.0	14.0
1	2013	250	13067.0	 22.0	 27.0	3.000	 1.0	 8.0
1	2013	251	20502.0	 21.0	 30.0	3.000	 1.0	 6.0
1	2013	252	11567.0	 21.0	 29.0	2.000	 1.0	 7.0
1	2013	253	18055.0	 22.0	 30.0	3.000	 2.0	 3.0
1	2013	254	14575.0	 22.0	 28.0	3.000	 2.0	19.0
1	2013	255	14781.0	 21.0	 28.0	3.000	 3.0	14.0
1	2013	256	17991.0	 21.0	 29.0	3.000	 2.0	 1.0
1	2013	257	15236.0	 21.0	 28.0	3.000	 0.0	19.0
1	2013	258	21128.0	 21.0	 31.0	3.000	 1.0	 6.0
1	2013	259	15589.0	 22.0	 29.0	3.000	 1.0	 2.0
1	2013	260	15607.0	 22.0	 30.0	3.000	 1.0	 6.0
1	2013	261	22899.0	 21.0	 32.0	3.000	 0.0	 2.0
1	2013	262	19904.0	 23.0	 31.0	3.000	 2.0	 7.0
1	2013	263	18276.0	 22.0	 30.0	3.000	 2.0	 8.0
1	2013	264	15242.0	 22.0	 29.0	3.000	 1.0	 8.0
1	2013	265	19294.0	 22.0	 31.0	3.000	 2.0	 4.0
1	2013	266	14038.0	 22.0	 29.0	3.000	 3.0	 7.0
1	2013	267	3808.0	 21.0	 23.0	3.000	 3.0	77.0
1	2013	268	15348.0	 21.0	 29.0	3.000	 2.0	 6.0
1	2013	269	16604.0	 21.0	 29.0	3.000	 1.0	 1.0
1	2013	270	19630.0	 22.0	 30.0	3.000	 1.0	13.0
1	2013	271	18537.0	 22.0	 31.0	3.000	 2.0	 1.0
1	2013	272	14186.0	 22.0	 30.0	3.000	 2.0	 1.0
1	2013	273	22023.0	 22.0	 32.0	3.000	 2.0	 1.0
1	2013	274	18497.0	 22.0	 29.0	3.000	 2.0	 5.0
1	2013	275	18457.0	 22.0	 30.0	3.000	 2.0	 2.0
1	2013	276	16793.0	 22.0	 30.0	3.000	 1.0	21.0
1	2013	277	14641.0	 22.0	 30.0	3.000	 1.0	 6.0
1	2013	278	11662.0	 22.0	 27.0	3.000	 1.0	 1.0
1	2013	279	20773.0	 22.0	 31.0	3.000	 2.0	 0.0
1	2013	280	20153.0	 22.0	 31.0	3.000	 1.0	 2.0
1	2013	281	18509.0	 21.0	 29.0	3.000	 1.0	18.0
1	2013	282	10535.0	 21.0	 26.0	3.000	 1.0	 8.0
1	2013	283	11654.0	 21.0	 28.0	2.000	 2.0	 0.0
1	2013	284	12458.0	 21.0	 27.0	3.000	 0.0	 3.0
1	2013	285	21397.0	 21.0	 32.0	3.000	 0.0	 1.0
1	2013	286	21802.0	 22.0	 33.0	3.000	 2.0	 0.0
1	2013	287	19642.0	 23.0	 30.0	3.000	 2.0	 8.0
1	2013	288	15721.0	 21.0	 30.0	3.000	 1.0	30.0
1	2013	289	20858.0	 22.0	 31.0	3.000	 1.0	 2.0
1	2013	290	18171.0	 22.0	 31.0	3.000	 1.0	 7.0
1	2013	291	22624.0	 22.0	 33.0	3.000	 2.0	 1.0
1	2013	292	17711.0	 22.0	 31.0	3.000	 2.0	 0.0
1	2013	293	20840.0	 22.0	 31.0	3.000	 2.0	 3.0
1	2013	294	16537.0	 22.0	 30.0	3.000	 2.0	 1.0
1	2013	295	19201.0	 22.0	 31.0	3.000	 2.0	 1.0
1	2013	296	20522.0	 22.0	 32.0	3.000	 2.0	 0.0
1	2013	297	21282.0	 22.0	 32.0	3.000	 2.0	 1.0
1	2013	298	18036.0	 23.0	 30.0	3.000	 2.0	 0.0
1	2013	299	18038.0	 22.0	 30.0	3.000	 2.0	 4.0
1	2013	300	16903.0	 22.0	 30.0	3.000	 1.0	 3.0
1	2013	301	18013.0	 22.0	 31.0	3.000	 2.0	 0.0
1	2013	302	19970.0	 22.0	 32.0	3.000	 2.0	 1.0
1	2013	303	19076.0	 23.0	 30.0	3.000	 1.0	 7.0
1	2013	304	18937.0	 22.0	 31.0	3.000	 1.0	 6.0
1	2013	305	18228.0	 21.0	 30.0	3.000	 2.0	12.0
1	2013	306	15870.0	 22.0	 30.0	3.000	 1.0	 1.0
1	2013	307	18940.0	 22.0	 31.0	3.000	 1.0	 0.0
1	2013	308	21380.0	 22.0	 33.0	2.000	 1.0	 0.0
1	2013	309	22344.0	 21.0	 33.0	2.000	 1.0	 0.0
1	2013	310	22898.0	 21.0	 33.0	2.000	 1.0	 0.0
1	2013	311	21253.0	 22.0	 33.0	3.000	 2.0	 0.0
1	2013	312	20226.0	 22.0	 32.0	3.000	 2.0	 1.0
1	2013	313	17643.0	 22.0	 31.0	3.000	 2.0	 1.0
1	2013	314	20616.0	 22.0	 33.0	3.000	 1.0	 0.0
1	2013	315	17251.0	 23.0	 31.0	3.000	 2.0	 1.0
1	2013	316	17100.0	 23.0	 31.0	3.000	 2.0	 0.0
1	2013	317	17523.0	 23.0	 30.0	3.000	 2.0	 4.0
1	2013	318	18311.0	 22.0	 31.0	3.000	 2.0	 1.0
1	2013	319	13847.0	 23.0	 29.0	3.000	 2.0	 1.0
1	2013	320	19346.0	 22.0	 32.0	3.000	 1.0	 6.0
1	2013	321	18249.0	 22.0	 30.0	3.000	 2.0	 1.0
1	2013	322	19828.0	 23.0	 32.0	3.000	 2.0	 8.0
1	2013	323	18858.0	 23.0	 32.0	3.000	 2.0	 4.0
1	2013	324	14800.0	 22.0	 29.0	3.000	 2.0	 3.0
1	2013	325	16675.0	 21.0	 30.0	3.000	 2.0	 9.0
1	2013	326	16002.0	 22.0	 29.0	3.000	 2.0	11.0
1	2013	327	11186.0	 22.0	 28.0	3.000	 3.0	 1.0
1	2013	328	16336.0	 22.0	 30.0	3.000	 2.0	 1.0
1	2013	329	18470.0	 22.0	 30.0	3.000	 1.0	14.0
1	2013	330	14693.0	 22.0	 29.0	3.000	 1.0	15.0
1	2013	331	15236.0	 22.0	 29.0	3.000	 1.0	 1.0
1	2013	332	19397.0	 22.0	 32.0	3.000	 1.0	 1.0
1	2013	333	20528.0	 23.0	 34.0	3.000	 1.0	 0.0
1	2013	334	19296.0	 23.0	 33.0	3.000	 2.0	 0.0
1	2013	335	18831.0	 23.0	 32.0	3.000	 2.0	 0.0
1	2013	336	19399.0	 23.0	 33.0	3.000	 1.0	 0.0
1	2013	337	15559.0	 23.0	 31.0	3.000	 1.0	 4.0
1	2013	338	17178.0	 22.0	 32.0	3.000	 1.0	 0.0
1	2013	339	20491.0	 22.0	 33.0	2.000	 1.0	 0.0
1	2013	340	21268.0	 22.0	 32.0	2.000	 1.0	 0.0
1	2013	341	21905.0	 19.0	 31.0	1.000	 1.0	 0.0
1	2013	342	21753.0	 18.0	 32.0	1.000	 1.0	 0.0
1	2013	343	21950.0	 19.0	 33.0	1.000	 2.0	 0.0
1	2013	344	22009.0	 19.0	 33.0	1.000	 1.0	 0.0
1	2013	345	20666.0	 21.0	 32.0	2.000	 2.0	 0.0
1	2013	346	19321.0	 21.0	 32.0	2.000	 2.0	 0.0
1	2013	347	19685.0	 22.0	 33.0	2.000	 2.0	 0.0
1	2013	348	14786.0	 22.0	 29.0	2.000	 2.0	 3.0
1	2013	349	17290.0	 22.0	 30.0	2.000	 0.0	 2.0
1	2013	350	18482.0	 21.0	 31.0	2.000	 1.0	 0.0
1	2013	351	21669.0	 21.0	 32.0	2.000	 2.0	 0.0
1	2013	352	21943.0	 19.0	 32.0	1.000	 3.0	 0.0
1	2013	353	22095.0	 19.0	 32.0	1.000	 2.0	 0.0
1	2013	354	21837.0	 19.0	 32.0	1.000	 1.0	 0.0
1	2013	355	21206.0	 19.0	 33.0	1.000	 1.0	 0.0
1	2013	356	21744.0	 19.0	 33.0	1.000	 1.0	 0.0
1	2013	357	21840.0	 20.0	 33.0	1.000	 2.0	 0.0
1	2013	358	21735.0	 19.0	 34.0	1.000	 1.0	 0.0
1	2013	359	21806.0	 21.0	 34.0	1.000	 2.0	 0.0
1	2013	360	21986.0	 19.0	 35.0	1.000	 1.0	 0.0
1	2013	361	20490.0	 21.0	 33.0	2.000	 2.0	 0.0
1	2013	362	20277.0	 22.0	 34.0	2.000	 1.0	 0.0
1	2013	363	19425.0	 22.0	 34.0	2.000	 1.0	 0.0
1	2013	364	19339.0	 22.0	 34.0	3.000	 2.0	 0.0
1	2013	365	19702.0	 23.0	 33.0	2.000	 2.0	 0.0
