*---------------------------------------------------
* Station: Brong_Ahafo
* Year: 2010
* Origin: ERA5-Reanalysis
* Columns & units
* ===================
* 1. station number
* 2. year
* 3. Day of Year
* 4. Irradiance   (kJ路m-2路d-1)
* 5. Daily minimum temperature (degC)
* 6. Daily maximum temperature (degC)
* 7. Vapour pressure (kPa)
* 8. Mean wind speed (m路s-1)
* 9. Precipitation (mm路d-1)
** WCCDESCRIPTION=Brong_Ahafo
** WCCFORMAT=2
** WCCYEARNR=2010
*------------------------------------------------------------*
-1.67  7.70  360.00 -0.18  -0.55
1	2010	1	17531.0	 22.0	 33.0	2.000	 1.0	 0.0
1	2010	2	20447.0	 23.0	 34.0	2.000	 0.0	 0.0
1	2010	3	21701.0	 20.0	 34.0	2.000	 1.0	 0.0
1	2010	4	21177.0	 20.0	 33.0	2.000	 1.0	 0.0
1	2010	5	21665.0	 20.0	 34.0	2.000	 1.0	 0.0
1	2010	6	20482.0	 22.0	 34.0	2.000	 1.0	 0.0
1	2010	7	20632.0	 22.0	 35.0	2.000	 1.0	 0.0
1	2010	8	21293.0	 22.0	 35.0	2.000	 1.0	 0.0
1	2010	9	21423.0	 22.0	 35.0	2.000	 0.0	 0.0
1	2010	10	19732.0	 23.0	 34.0	2.000	 1.0	 0.0
1	2010	11	20321.0	 23.0	 35.0	2.000	 0.0	 0.0
1	2010	12	22222.0	 23.0	 35.0	2.000	 1.0	 0.0
1	2010	13	21585.0	 21.0	 35.0	2.000	 1.0	 0.0
1	2010	14	21471.0	 22.0	 35.0	2.000	 2.0	 0.0
1	2010	15	20133.0	 23.0	 35.0	2.000	 1.0	 0.0
1	2010	16	20720.0	 23.0	 35.0	2.000	 1.0	 0.0
1	2010	17	21820.0	 22.0	 35.0	2.000	 0.0	 0.0
1	2010	18	22110.0	 21.0	 34.0	2.000	 0.0	 0.0
1	2010	19	22489.0	 20.0	 34.0	1.000	 2.0	 0.0
1	2010	20	23146.0	 19.0	 34.0	1.000	 2.0	 0.0
1	2010	21	22774.0	 19.0	 35.0	1.000	 1.0	 0.0
1	2010	22	22374.0	 20.0	 35.0	1.000	 1.0	 0.0
1	2010	23	21822.0	 21.0	 35.0	2.000	 0.0	 0.0
1	2010	24	21492.0	 23.0	 35.0	2.000	 0.0	 0.0
1	2010	25	21282.0	 24.0	 36.0	2.000	 1.0	 0.0
1	2010	26	20618.0	 24.0	 36.0	2.000	 2.0	 0.0
1	2010	27	16337.0	 25.0	 33.0	3.000	 2.0	 5.0
1	2010	28	17765.0	 24.0	 33.0	3.000	 1.0	 0.0
1	2010	29	21536.0	 24.0	 36.0	2.000	 1.0	 0.0
1	2010	30	23665.0	 21.0	 37.0	1.000	 2.0	 0.0
1	2010	31	22478.0	 20.0	 36.0	1.000	 1.0	 0.0
1	2010	32	23134.0	 21.0	 36.0	1.000	 1.0	 0.0
1	2010	33	23604.0	 22.0	 36.0	1.000	 1.0	 0.0
1	2010	34	22936.0	 21.0	 36.0	2.000	 0.0	 0.0
1	2010	35	22301.0	 23.0	 36.0	2.000	 1.0	 0.0
1	2010	36	21359.0	 24.0	 36.0	2.000	 0.0	 0.0
1	2010	37	24431.0	 21.0	 36.0	1.000	 3.0	 0.0
1	2010	38	24425.0	 19.0	 35.0	1.000	 2.0	 0.0
1	2010	39	24059.0	 20.0	 36.0	1.000	 1.0	 0.0
1	2010	40	19923.0	 22.0	 35.0	2.000	 1.0	 0.0
1	2010	41	20488.0	 24.0	 35.0	2.000	 2.0	 0.0
1	2010	42	18375.0	 25.0	 34.0	3.000	 2.0	 1.0
1	2010	43	15111.0	 24.0	 33.0	3.000	 2.0	13.0
1	2010	44	16974.0	 23.0	 32.0	3.000	 1.0	12.0
1	2010	45	19997.0	 23.0	 34.0	2.000	 1.0	 2.0
1	2010	46	15947.0	 24.0	 32.0	3.000	 2.0	 1.0
1	2010	47	21007.0	 25.0	 35.0	3.000	 2.0	 7.0
1	2010	48	20136.0	 24.0	 35.0	3.000	 2.0	 3.0
1	2010	49	20666.0	 24.0	 35.0	3.000	 2.0	 0.0
1	2010	50	20652.0	 25.0	 34.0	3.000	 2.0	 0.0
1	2010	51	19784.0	 25.0	 35.0	3.000	 2.0	 1.0
1	2010	52	20321.0	 25.0	 35.0	3.000	 2.0	 1.0
1	2010	53	20452.0	 25.0	 35.0	3.000	 2.0	 3.0
1	2010	54	19743.0	 25.0	 34.0	3.000	 2.0	 0.0
1	2010	55	22553.0	 25.0	 37.0	3.000	 2.0	 0.0
1	2010	56	21101.0	 25.0	 36.0	3.000	 3.0	 0.0
1	2010	57	19737.0	 25.0	 34.0	3.000	 3.0	 0.0
1	2010	58	20136.0	 25.0	 36.0	3.000	 2.0	 0.0
1	2010	59	22522.0	 25.0	 37.0	2.000	 2.0	 0.0
1	2010	60	21056.0	 25.0	 35.0	3.000	 3.0	 0.0
1	2010	61	21501.0	 25.0	 36.0	3.000	 1.0	 0.0
1	2010	62	20673.0	 25.0	 35.0	3.000	 2.0	 0.0
1	2010	63	19292.0	 25.0	 34.0	3.000	 2.0	 0.0
1	2010	64	19778.0	 25.0	 35.0	3.000	 2.0	 0.0
1	2010	65	18102.0	 25.0	 34.0	3.000	 2.0	 0.0
1	2010	66	19394.0	 25.0	 34.0	3.000	 2.0	 0.0
1	2010	67	20875.0	 25.0	 35.0	3.000	 2.0	 6.0
1	2010	68	17071.0	 25.0	 30.0	3.000	 2.0	18.0
1	2010	69	20193.0	 24.0	 34.0	3.000	 2.0	 2.0
1	2010	70	20600.0	 23.0	 33.0	3.000	 2.0	12.0
1	2010	71	19199.0	 24.0	 33.0	3.000	 2.0	 4.0
1	2010	72	20115.0	 24.0	 35.0	3.000	 3.0	 1.0
1	2010	73	18079.0	 25.0	 33.0	3.000	 3.0	 0.0
1	2010	74	18107.0	 25.0	 32.0	3.000	 3.0	 2.0
1	2010	75	15646.0	 24.0	 32.0	3.000	 3.0	 3.0
1	2010	76	17227.0	 24.0	 33.0	3.000	 2.0	27.0
1	2010	77	21842.0	 23.0	 36.0	2.000	 0.0	 0.0
1	2010	78	17263.0	 25.0	 33.0	3.000	 2.0	 3.0
1	2010	79	20779.0	 24.0	 34.0	3.000	 1.0	 0.0
1	2010	80	23297.0	 23.0	 35.0	3.000	 1.0	 0.0
1	2010	81	24606.0	 24.0	 36.0	2.000	 1.0	 0.0
1	2010	82	26173.0	 24.0	 36.0	2.000	 0.0	 0.0
1	2010	83	25924.0	 23.0	 36.0	2.000	 1.0	 0.0
1	2010	84	22118.0	 24.0	 35.0	3.000	 2.0	 0.0
1	2010	85	22877.0	 24.0	 37.0	2.000	 2.0	 0.0
1	2010	86	22877.0	 25.0	 36.0	3.000	 2.0	 0.0
1	2010	87	22556.0	 24.0	 36.0	3.000	 2.0	 0.0
1	2010	88	21866.0	 25.0	 35.0	3.000	 2.0	 0.0
1	2010	89	21291.0	 25.0	 35.0	3.000	 2.0	 0.0
1	2010	90	21673.0	 25.0	 35.0	3.000	 2.0	 0.0
1	2010	91	22491.0	 25.0	 36.0	3.000	 2.0	 0.0
1	2010	92	23356.0	 25.0	 37.0	3.000	 2.0	 0.0
1	2010	93	20325.0	 26.0	 34.0	3.000	 3.0	 1.0
1	2010	94	22712.0	 25.0	 36.0	3.000	 2.0	 3.0
1	2010	95	21793.0	 24.0	 34.0	3.000	 2.0	15.0
1	2010	96	17966.0	 23.0	 34.0	3.000	 2.0	 9.0
1	2010	97	20783.0	 25.0	 34.0	3.000	 2.0	 1.0
1	2010	98	24026.0	 25.0	 36.0	3.000	 2.0	 0.0
1	2010	99	19799.0	 25.0	 33.0	3.000	 3.0	 1.0
1	2010	100	18107.0	 24.0	 33.0	3.000	 3.0	 0.0
1	2010	101	23692.0	 25.0	 35.0	3.000	 2.0	 3.0
1	2010	102	22720.0	 25.0	 34.0	3.000	 2.0	 5.0
1	2010	103	23363.0	 24.0	 34.0	3.000	 3.0	 0.0
1	2010	104	20376.0	 25.0	 34.0	3.000	 2.0	 2.0
1	2010	105	19130.0	 25.0	 33.0	3.000	 2.0	 4.0
1	2010	106	19543.0	 25.0	 34.0	3.000	 2.0	 0.0
1	2010	107	21497.0	 25.0	 34.0	3.000	 1.0	 6.0
1	2010	108	23602.0	 25.0	 36.0	3.000	 2.0	 1.0
1	2010	109	22020.0	 25.0	 35.0	3.000	 3.0	 2.0
1	2010	110	17275.0	 25.0	 32.0	3.000	 3.0	 4.0
1	2010	111	23025.0	 24.0	 35.0	3.000	 3.0	 0.0
1	2010	112	19057.0	 24.0	 32.0	3.000	 3.0	 6.0
1	2010	113	16089.0	 24.0	 32.0	3.000	 2.0	 5.0
1	2010	114	20442.0	 24.0	 33.0	3.000	 2.0	 7.0
1	2010	115	16071.0	 23.0	 32.0	3.000	 2.0	 1.0
1	2010	116	23208.0	 24.0	 34.0	3.000	 2.0	10.0
1	2010	117	16239.0	 24.0	 30.0	3.000	 1.0	14.0
1	2010	118	16504.0	 24.0	 32.0	3.000	 2.0	 3.0
1	2010	119	20097.0	 23.0	 31.0	3.000	 2.0	 6.0
1	2010	120	20747.0	 24.0	 33.0	3.000	 2.0	 0.0
1	2010	121	21029.0	 24.0	 33.0	3.000	 2.0	13.0
1	2010	122	14404.0	 23.0	 31.0	3.000	 2.0	12.0
1	2010	123	18567.0	 23.0	 33.0	3.000	 2.0	 0.0
1	2010	124	19632.0	 24.0	 33.0	3.000	 1.0	 2.0
1	2010	125	19426.0	 24.0	 33.0	3.000	 2.0	 4.0
1	2010	126	17653.0	 24.0	 32.0	3.000	 2.0	 0.0
1	2010	127	20153.0	 24.0	 32.0	3.000	 1.0	10.0
1	2010	128	17048.0	 23.0	 31.0	3.000	 1.0	12.0
1	2010	129	19975.0	 23.0	 33.0	3.000	 2.0	 4.0
1	2010	130	24209.0	 24.0	 34.0	3.000	 2.0	 0.0
1	2010	131	20718.0	 25.0	 32.0	3.000	 2.0	 1.0
1	2010	132	19860.0	 25.0	 34.0	3.000	 2.0	 1.0
1	2010	133	18215.0	 24.0	 31.0	3.000	 2.0	 6.0
1	2010	134	17673.0	 25.0	 32.0	3.000	 2.0	 0.0
1	2010	135	21092.0	 24.0	 33.0	3.000	 2.0	 2.0
1	2010	136	20225.0	 23.0	 32.0	3.000	 2.0	 1.0
1	2010	137	21910.0	 24.0	 33.0	3.000	 2.0	 3.0
1	2010	138	19474.0	 24.0	 33.0	3.000	 2.0	 1.0
1	2010	139	21539.0	 24.0	 33.0	3.000	 2.0	 2.0
1	2010	140	18261.0	 23.0	 32.0	3.000	 2.0	 5.0
1	2010	141	10965.0	 23.0	 27.0	3.000	 1.0	21.0
1	2010	142	18681.0	 23.0	 31.0	3.000	 1.0	12.0
1	2010	143	21081.0	 24.0	 33.0	3.000	 2.0	 2.0
1	2010	144	16303.0	 24.0	 32.0	3.000	 2.0	 1.0
1	2010	145	18103.0	 24.0	 33.0	3.000	 2.0	 2.0
1	2010	146	16294.0	 24.0	 32.0	3.000	 2.0	 2.0
1	2010	147	16296.0	 24.0	 31.0	3.000	 2.0	 0.0
1	2010	148	16376.0	 24.0	 31.0	3.000	 2.0	 4.0
1	2010	149	20267.0	 24.0	 33.0	3.000	 2.0	 3.0
1	2010	150	17346.0	 24.0	 32.0	3.000	 2.0	 6.0
1	2010	151	19283.0	 23.0	 32.0	3.000	 3.0	 3.0
1	2010	152	18854.0	 23.0	 32.0	3.000	 2.0	 0.0
1	2010	153	15719.0	 23.0	 31.0	3.000	 2.0	 3.0
1	2010	154	19359.0	 22.0	 32.0	3.000	 2.0	 8.0
1	2010	155	7524.0	 22.0	 25.0	3.000	 1.0	18.0
1	2010	156	14236.0	 22.0	 29.0	3.000	 2.0	 4.0
1	2010	157	22238.0	 22.0	 33.0	3.000	 1.0	 2.0
1	2010	158	17126.0	 23.0	 30.0	3.000	 2.0	 8.0
1	2010	159	15431.0	 23.0	 30.0	3.000	 2.0	 6.0
1	2010	160	18580.0	 23.0	 31.0	3.000	 2.0	 6.0
1	2010	161	7474.0	 22.0	 27.0	3.000	 2.0	50.0
1	2010	162	17276.0	 23.0	 30.0	3.000	 1.0	 5.0
1	2010	163	17205.0	 22.0	 31.0	3.000	 1.0	14.0
1	2010	164	10684.0	 22.0	 28.0	3.000	 2.0	 6.0
1	2010	165	14276.0	 23.0	 29.0	3.000	 2.0	 2.0
1	2010	166	17976.0	 23.0	 31.0	3.000	 2.0	 7.0
1	2010	167	16224.0	 23.0	 29.0	3.000	 2.0	 4.0
1	2010	168	15454.0	 22.0	 31.0	3.000	 2.0	 0.0
1	2010	169	21283.0	 23.0	 32.0	3.000	 2.0	 1.0
1	2010	170	19356.0	 23.0	 31.0	3.000	 2.0	 0.0
1	2010	171	18830.0	 23.0	 31.0	3.000	 2.0	 1.0
1	2010	172	16084.0	 23.0	 31.0	3.000	 1.0	 2.0
1	2010	173	18880.0	 23.0	 32.0	3.000	 1.0	10.0
1	2010	174	15587.0	 23.0	 30.0	3.000	 2.0	 7.0
1	2010	175	12865.0	 23.0	 29.0	3.000	 3.0	 2.0
1	2010	176	14851.0	 23.0	 30.0	3.000	 3.0	 1.0
1	2010	177	11322.0	 22.0	 28.0	3.000	 2.0	 1.0
1	2010	178	11235.0	 22.0	 27.0	3.000	 2.0	 5.0
1	2010	179	19087.0	 22.0	 30.0	3.000	 1.0	 1.0
1	2010	180	14436.0	 23.0	 30.0	3.000	 2.0	 1.0
1	2010	181	21461.0	 23.0	 32.0	3.000	 2.0	 1.0
1	2010	182	16076.0	 22.0	 28.0	3.000	 3.0	15.0
1	2010	183	11434.0	 22.0	 27.0	2.000	 2.0	 4.0
1	2010	184	17788.0	 22.0	 30.0	3.000	 2.0	 4.0
1	2010	185	19216.0	 23.0	 31.0	3.000	 2.0	 4.0
1	2010	186	17876.0	 23.0	 31.0	3.000	 2.0	10.0
1	2010	187	17427.0	 22.0	 30.0	3.000	 3.0	 3.0
1	2010	188	15515.0	 23.0	 29.0	3.000	 2.0	 7.0
1	2010	189	17225.0	 22.0	 30.0	3.000	 1.0	 4.0
1	2010	190	14151.0	 22.0	 28.0	3.000	 2.0	 5.0
1	2010	191	12615.0	 22.0	 28.0	3.000	 2.0	 6.0
1	2010	192	7597.0	 21.0	 25.0	3.000	 2.0	15.0
1	2010	193	12353.0	 22.0	 28.0	3.000	 2.0	 0.0
1	2010	194	16213.0	 22.0	 30.0	3.000	 1.0	 2.0
1	2010	195	15327.0	 22.0	 30.0	3.000	 2.0	 8.0
1	2010	196	14735.0	 22.0	 30.0	3.000	 3.0	11.0
1	2010	197	15600.0	 22.0	 29.0	3.000	 3.0	 5.0
1	2010	198	12124.0	 21.0	 27.0	3.000	 3.0	 3.0
1	2010	199	14528.0	 22.0	 29.0	3.000	 1.0	 0.0
1	2010	200	13802.0	 22.0	 29.0	3.000	 2.0	 1.0
1	2010	201	16724.0	 23.0	 28.0	3.000	 3.0	 0.0
1	2010	202	14278.0	 22.0	 28.0	2.000	 3.0	 0.0
1	2010	203	22751.0	 21.0	 30.0	2.000	 3.0	 0.0
1	2010	204	12366.0	 21.0	 27.0	2.000	 4.0	 0.0
1	2010	205	17882.0	 21.0	 29.0	2.000	 3.0	 0.0
1	2010	206	20804.0	 21.0	 30.0	2.000	 3.0	 0.0
1	2010	207	20317.0	 22.0	 31.0	2.000	 2.0	 2.0
1	2010	208	13052.0	 22.0	 28.0	3.000	 3.0	 2.0
1	2010	209	17680.0	 22.0	 30.0	3.000	 2.0	 1.0
1	2010	210	16188.0	 22.0	 29.0	2.000	 2.0	 1.0
1	2010	211	14317.0	 22.0	 28.0	2.000	 3.0	 1.0
1	2010	212	7091.0	 22.0	 26.0	2.000	 3.0	 1.0
1	2010	213	17149.0	 22.0	 29.0	2.000	 3.0	 1.0
1	2010	214	16087.0	 22.0	 29.0	2.000	 2.0	 1.0
1	2010	215	12248.0	 22.0	 27.0	3.000	 3.0	 2.0
1	2010	216	12390.0	 22.0	 28.0	2.000	 3.0	 2.0
1	2010	217	15613.0	 22.0	 29.0	2.000	 2.0	 0.0
1	2010	218	14078.0	 22.0	 29.0	2.000	 3.0	 0.0
1	2010	219	16638.0	 23.0	 30.0	2.000	 3.0	 0.0
1	2010	220	10561.0	 22.0	 28.0	3.000	 3.0	 4.0
1	2010	221	16100.0	 22.0	 30.0	3.000	 2.0	 4.0
1	2010	222	18070.0	 22.0	 31.0	3.000	 2.0	 1.0
1	2010	223	14845.0	 22.0	 30.0	3.000	 3.0	 9.0
1	2010	224	15988.0	 22.0	 28.0	3.000	 4.0	 9.0
1	2010	225	14026.0	 22.0	 29.0	3.000	 3.0	 6.0
1	2010	226	11168.0	 21.0	 27.0	3.000	 2.0	 9.0
1	2010	227	16122.0	 22.0	 30.0	3.000	 1.0	 1.0
1	2010	228	19631.0	 22.0	 31.0	3.000	 1.0	15.0
1	2010	229	15390.0	 21.0	 29.0	3.000	 2.0	 9.0
1	2010	230	15144.0	 22.0	 28.0	3.000	 3.0	 1.0
1	2010	231	19138.0	 22.0	 31.0	3.000	 2.0	 1.0
1	2010	232	9925.0	 22.0	 28.0	3.000	 2.0	 2.0
1	2010	233	12041.0	 21.0	 28.0	3.000	 1.0	33.0
1	2010	234	19342.0	 22.0	 30.0	3.000	 3.0	12.0
1	2010	235	15521.0	 23.0	 29.0	3.000	 2.0	 1.0
1	2010	236	9889.0	 22.0	 28.0	3.000	 2.0	 0.0
1	2010	237	20115.0	 22.0	 31.0	3.000	 2.0	 4.0
1	2010	238	19462.0	 22.0	 31.0	3.000	 1.0	14.0
1	2010	239	19047.0	 23.0	 30.0	3.000	 2.0	 4.0
1	2010	240	15058.0	 22.0	 29.0	3.000	 2.0	14.0
1	2010	241	16607.0	 21.0	 29.0	3.000	 2.0	 3.0
1	2010	242	17153.0	 22.0	 29.0	3.000	 3.0	 2.0
1	2010	243	17059.0	 23.0	 29.0	3.000	 3.0	 1.0
1	2010	244	16732.0	 22.0	 29.0	3.000	 3.0	 1.0
1	2010	245	16606.0	 22.0	 30.0	3.000	 2.0	 3.0
1	2010	246	11065.0	 22.0	 27.0	3.000	 1.0	25.0
1	2010	247	7320.0	 21.0	 25.0	3.000	 1.0	28.0
1	2010	248	18472.0	 22.0	 30.0	3.000	 2.0	 3.0
1	2010	249	13984.0	 21.0	 27.0	3.000	 3.0	 8.0
1	2010	250	17986.0	 23.0	 30.0	3.000	 2.0	 2.0
1	2010	251	15389.0	 22.0	 29.0	3.000	 2.0	 7.0
1	2010	252	9781.0	 21.0	 26.0	3.000	 2.0	 9.0
1	2010	253	15353.0	 22.0	 29.0	3.000	 2.0	 8.0
1	2010	254	17608.0	 22.0	 29.0	3.000	 1.0	 6.0
1	2010	255	14279.0	 22.0	 28.0	3.000	 1.0	20.0
1	2010	256	15840.0	 22.0	 29.0	3.000	 1.0	 6.0
1	2010	257	12978.0	 22.0	 28.0	3.000	 1.0	 8.0
1	2010	258	17459.0	 22.0	 30.0	3.000	 1.0	 9.0
1	2010	259	20076.0	 21.0	 30.0	3.000	 1.0	 4.0
1	2010	260	11855.0	 23.0	 29.0	3.000	 2.0	 5.0
1	2010	261	9703.0	 22.0	 27.0	3.000	 1.0	23.0
1	2010	262	17810.0	 21.0	 30.0	3.000	 1.0	 3.0
1	2010	263	17361.0	 21.0	 29.0	3.000	 1.0	 9.0
1	2010	264	15349.0	 22.0	 29.0	3.000	 2.0	 3.0
1	2010	265	18419.0	 22.0	 30.0	3.000	 1.0	16.0
1	2010	266	13631.0	 22.0	 28.0	3.000	 1.0	16.0
1	2010	267	12157.0	 21.0	 28.0	3.000	 1.0	 6.0
1	2010	268	14131.0	 21.0	 27.0	3.000	 1.0	16.0
1	2010	269	18154.0	 22.0	 30.0	3.000	 2.0	 2.0
1	2010	270	18083.0	 22.0	 31.0	3.000	 1.0	 5.0
1	2010	271	14509.0	 21.0	 28.0	3.000	 0.0	20.0
1	2010	272	20670.0	 22.0	 31.0	3.000	 0.0	 3.0
1	2010	273	20503.0	 22.0	 31.0	3.000	 1.0	 7.0
1	2010	274	18516.0	 22.0	 30.0	3.000	 1.0	10.0
1	2010	275	14174.0	 22.0	 29.0	3.000	 1.0	 3.0
1	2010	276	17598.0	 23.0	 30.0	3.000	 1.0	 7.0
1	2010	277	15060.0	 22.0	 29.0	3.000	 2.0	 8.0
1	2010	278	17552.0	 22.0	 31.0	3.000	 2.0	 4.0
1	2010	279	16834.0	 22.0	 30.0	3.000	 1.0	 6.0
1	2010	280	15314.0	 22.0	 29.0	3.000	 1.0	16.0
1	2010	281	13720.0	 22.0	 28.0	3.000	 2.0	 3.0
1	2010	282	20170.0	 22.0	 30.0	3.000	 2.0	 3.0
1	2010	283	19141.0	 23.0	 30.0	3.000	 1.0	21.0
1	2010	284	14759.0	 22.0	 29.0	3.000	 2.0	 2.0
1	2010	285	19702.0	 22.0	 30.0	3.000	 1.0	13.0
1	2010	286	15406.0	 22.0	 30.0	3.000	 1.0	12.0
1	2010	287	18594.0	 22.0	 30.0	3.000	 1.0	10.0
1	2010	288	19017.0	 22.0	 31.0	3.000	 1.0	 2.0
1	2010	289	19819.0	 22.0	 32.0	3.000	 1.0	 1.0
1	2010	290	21299.0	 23.0	 32.0	3.000	 1.0	10.0
1	2010	291	15648.0	 22.0	 29.0	3.000	 2.0	 9.0
1	2010	292	20056.0	 22.0	 31.0	3.000	 2.0	 3.0
1	2010	293	10670.0	 22.0	 27.0	3.000	 1.0	13.0
1	2010	294	19429.0	 21.0	 31.0	3.000	 1.0	 5.0
1	2010	295	20867.0	 22.0	 31.0	3.000	 1.0	 9.0
1	2010	296	19574.0	 22.0	 31.0	3.000	 1.0	 1.0
1	2010	297	18809.0	 22.0	 30.0	3.000	 2.0	 7.0
1	2010	298	16081.0	 22.0	 29.0	3.000	 1.0	20.0
1	2010	299	14729.0	 22.0	 29.0	3.000	 1.0	 5.0
1	2010	300	19415.0	 22.0	 31.0	3.000	 1.0	 2.0
1	2010	301	17431.0	 21.0	 31.0	3.000	 0.0	 7.0
1	2010	302	20343.0	 22.0	 31.0	3.000	 1.0	 0.0
1	2010	303	20243.0	 22.0	 32.0	3.000	 1.0	15.0
1	2010	304	17063.0	 22.0	 30.0	3.000	 2.0	 9.0
1	2010	305	19585.0	 23.0	 32.0	3.000	 1.0	 2.0
1	2010	306	17092.0	 22.0	 31.0	3.000	 1.0	 3.0
1	2010	307	22274.0	 22.0	 33.0	3.000	 1.0	 0.0
1	2010	308	19975.0	 23.0	 33.0	3.000	 2.0	 0.0
1	2010	309	20313.0	 23.0	 32.0	3.000	 2.0	 7.0
1	2010	310	16768.0	 22.0	 29.0	3.000	 1.0	12.0
1	2010	311	14469.0	 23.0	 30.0	3.000	 1.0	 4.0
1	2010	312	19170.0	 22.0	 31.0	3.000	 0.0	 2.0
1	2010	313	20125.0	 22.0	 32.0	3.000	 1.0	 3.0
1	2010	314	19928.0	 23.0	 32.0	3.000	 2.0	 1.0
1	2010	315	18861.0	 23.0	 32.0	3.000	 1.0	 0.0
1	2010	316	21537.0	 23.0	 34.0	3.000	 2.0	 0.0
1	2010	317	15194.0	 23.0	 30.0	3.000	 3.0	 1.0
1	2010	318	17785.0	 22.0	 30.0	3.000	 2.0	 1.0
1	2010	319	20324.0	 22.0	 31.0	3.000	 2.0	 0.0
1	2010	320	20172.0	 23.0	 33.0	3.000	 1.0	 0.0
1	2010	321	19899.0	 22.0	 32.0	3.000	 2.0	 2.0
1	2010	322	18662.0	 22.0	 31.0	3.000	 2.0	 2.0
1	2010	323	19463.0	 22.0	 31.0	3.000	 2.0	 3.0
1	2010	324	19557.0	 22.0	 32.0	3.000	 1.0	 0.0
1	2010	325	18207.0	 23.0	 32.0	3.000	 2.0	 1.0
1	2010	326	19124.0	 23.0	 31.0	3.000	 2.0	 4.0
1	2010	327	17157.0	 22.0	 31.0	3.000	 1.0	 0.0
1	2010	328	19069.0	 22.0	 32.0	2.000	 1.0	 0.0
1	2010	329	20588.0	 22.0	 33.0	2.000	 1.0	 0.0
1	2010	330	20230.0	 23.0	 33.0	3.000	 2.0	 0.0
1	2010	331	18551.0	 22.0	 32.0	3.000	 2.0	 0.0
1	2010	332	16696.0	 23.0	 30.0	3.000	 2.0	 4.0
1	2010	333	19192.0	 22.0	 33.0	3.000	 1.0	 0.0
1	2010	334	18455.0	 23.0	 33.0	3.000	 2.0	 0.0
1	2010	335	19222.0	 23.0	 33.0	3.000	 2.0	 0.0
1	2010	336	19688.0	 22.0	 33.0	2.000	 2.0	 0.0
1	2010	337	18199.0	 23.0	 32.0	3.000	 2.0	 1.0
1	2010	338	19177.0	 22.0	 33.0	2.000	 1.0	 0.0
1	2010	339	18927.0	 23.0	 33.0	2.000	 2.0	 0.0
1	2010	340	17296.0	 22.0	 32.0	3.000	 2.0	 0.0
1	2010	341	18456.0	 22.0	 33.0	2.000	 1.0	 0.0
1	2010	342	18434.0	 22.0	 32.0	2.000	 2.0	 0.0
1	2010	343	18341.0	 22.0	 32.0	2.000	 1.0	 0.0
1	2010	344	21882.0	 21.0	 33.0	2.000	 1.0	 0.0
1	2010	345	22305.0	 19.0	 33.0	1.000	 1.0	 0.0
1	2010	346	22138.0	 18.0	 33.0	1.000	 1.0	 0.0
1	2010	347	21162.0	 19.0	 33.0	2.000	 2.0	 0.0
1	2010	348	17311.0	 22.0	 33.0	2.000	 1.0	 0.0
1	2010	349	18798.0	 23.0	 34.0	2.000	 1.0	 0.0
1	2010	350	19416.0	 22.0	 34.0	2.000	 1.0	 0.0
1	2010	351	20280.0	 23.0	 35.0	2.000	 1.0	 0.0
1	2010	352	20003.0	 23.0	 34.0	2.000	 2.0	 0.0
1	2010	353	17652.0	 24.0	 33.0	3.000	 2.0	 0.0
1	2010	354	19857.0	 23.0	 35.0	2.000	 0.0	 0.0
1	2010	355	21064.0	 21.0	 35.0	2.000	 1.0	 0.0
1	2010	356	19562.0	 22.0	 34.0	2.000	 2.0	 0.0
1	2010	357	18081.0	 24.0	 33.0	3.000	 2.0	 0.0
1	2010	358	18868.0	 23.0	 34.0	2.000	 1.0	 0.0
1	2010	359	17829.0	 23.0	 33.0	2.000	 2.0	 0.0
1	2010	360	17024.0	 22.0	 31.0	3.000	 2.0	 4.0
1	2010	361	17928.0	 22.0	 33.0	2.000	 2.0	 1.0
1	2010	362	20014.0	 22.0	 34.0	2.000	 1.0	 0.0
1	2010	363	17691.0	 23.0	 33.0	2.000	 2.0	 0.0
1	2010	364	20429.0	 23.0	 34.0	2.000	 1.0	 0.0
1	2010	365	21302.0	 21.0	 32.0	1.000	 2.0	 0.0
