*---------------------------------------------------
* Station: Brong_Ahafo
* Year: 2018
* Origin: ERA5-Reanalysis
* Columns & units
* ===================
* 1. station number
* 2. year
* 3. Day of Year
* 4. Irradiance   (kJ路m-2路d-1)
* 5. Daily minimum temperature (degC)
* 6. Daily maximum temperature (degC)
* 7. Vapour pressure (kPa)
* 8. Mean wind speed (m路s-1)
* 9. Precipitation (mm路d-1)
** WCCDESCRIPTION=Brong_Ahafo
** WCCFORMAT=2
** WCCYEARNR=2018
*------------------------------------------------------------*
-1.67  7.70  360.00 -0.18  -0.55
1	2018	1	22092.0	 20.0	 34.0	1.000	 3.0	 0.0
1	2018	2	22239.0	 19.0	 34.0	1.000	 2.0	 0.0
1	2018	3	22052.0	 19.0	 34.0	1.000	 2.0	 0.0
1	2018	4	22135.0	 19.0	 34.0	1.000	 2.0	 0.0
1	2018	5	22355.0	 20.0	 34.0	1.000	 1.0	 0.0
1	2018	6	21632.0	 20.0	 33.0	2.000	 1.0	 0.0
1	2018	7	17849.0	 21.0	 32.0	2.000	 2.0	 0.0
1	2018	8	19010.0	 22.0	 33.0	2.000	 0.0	 0.0
1	2018	9	22197.0	 21.0	 35.0	2.000	 1.0	 0.0
1	2018	10	22495.0	 20.0	 34.0	1.000	 1.0	 0.0
1	2018	11	22965.0	 18.0	 34.0	1.000	 2.0	 0.0
1	2018	12	22964.0	 17.0	 34.0	1.000	 1.0	 0.0
1	2018	13	23131.0	 17.0	 34.0	1.000	 1.0	 0.0
1	2018	14	23326.0	 17.0	 34.0	1.000	 1.0	 0.0
1	2018	15	22468.0	 19.0	 35.0	1.000	 0.0	 0.0
1	2018	16	18835.0	 22.0	 35.0	2.000	 2.0	 0.0
1	2018	17	20648.0	 23.0	 36.0	2.000	 1.0	 0.0
1	2018	18	22527.0	 22.0	 36.0	2.000	 1.0	 0.0
1	2018	19	22750.0	 20.0	 35.0	1.000	 1.0	 0.0
1	2018	20	21833.0	 19.0	 34.0	1.000	 1.0	 0.0
1	2018	21	23054.0	 19.0	 35.0	1.000	 1.0	 0.0
1	2018	22	23347.0	 20.0	 35.0	1.000	 3.0	 0.0
1	2018	23	22788.0	 20.0	 35.0	1.000	 1.0	 0.0
1	2018	24	23167.0	 19.0	 35.0	1.000	 2.0	 0.0
1	2018	25	22466.0	 20.0	 34.0	1.000	 2.0	 0.0
1	2018	26	22652.0	 19.0	 35.0	1.000	 1.0	 0.0
1	2018	27	22267.0	 20.0	 35.0	1.000	 1.0	 0.0
1	2018	28	20044.0	 23.0	 35.0	2.000	 0.0	 0.0
1	2018	29	20194.0	 23.0	 36.0	2.000	 0.0	 0.0
1	2018	30	22993.0	 21.0	 36.0	1.000	 2.0	 0.0
1	2018	31	22247.0	 21.0	 35.0	2.000	 1.0	 0.0
1	2018	32	19109.0	 24.0	 35.0	2.000	 1.0	 0.0
1	2018	33	18630.0	 25.0	 34.0	3.000	 2.0	 0.0
1	2018	34	18733.0	 25.0	 35.0	2.000	 1.0	 1.0
1	2018	35	23246.0	 24.0	 37.0	2.000	 1.0	 0.0
1	2018	36	22302.0	 24.0	 38.0	2.000	 0.0	 0.0
1	2018	37	21232.0	 24.0	 36.0	2.000	 2.0	 0.0
1	2018	38	20357.0	 25.0	 36.0	2.000	 1.0	 0.0
1	2018	39	22381.0	 24.0	 38.0	2.000	 1.0	 0.0
1	2018	40	22357.0	 24.0	 37.0	1.000	 1.0	 0.0
1	2018	41	23211.0	 22.0	 37.0	1.000	 1.0	 0.0
1	2018	42	21043.0	 23.0	 36.0	1.000	 1.0	 0.0
1	2018	43	23868.0	 23.0	 36.0	1.000	 2.0	 0.0
1	2018	44	24264.0	 22.0	 36.0	1.000	 2.0	 0.0
1	2018	45	23743.0	 22.0	 37.0	1.000	 1.0	 0.0
1	2018	46	22620.0	 23.0	 38.0	2.000	 0.0	 0.0
1	2018	47	23169.0	 24.0	 38.0	2.000	 0.0	 0.0
1	2018	48	22195.0	 25.0	 38.0	2.000	 1.0	 0.0
1	2018	49	20188.0	 25.0	 36.0	3.000	 3.0	 2.0
1	2018	50	20934.0	 24.0	 36.0	2.000	 2.0	 0.0
1	2018	51	20058.0	 25.0	 34.0	3.000	 2.0	 4.0
1	2018	52	20480.0	 24.0	 35.0	2.000	 3.0	 2.0
1	2018	53	20351.0	 24.0	 36.0	3.000	 2.0	 4.0
1	2018	54	21149.0	 24.0	 35.0	3.000	 3.0	 5.0
1	2018	55	17311.0	 23.0	 33.0	3.000	 1.0	21.0
1	2018	56	17273.0	 23.0	 33.0	3.000	 1.0	 9.0
1	2018	57	16732.0	 23.0	 32.0	3.000	 2.0	 2.0
1	2018	58	20433.0	 23.0	 35.0	3.000	 2.0	 7.0
1	2018	59	20335.0	 24.0	 34.0	3.000	 2.0	 1.0
1	2018	60	21743.0	 24.0	 34.0	3.000	 2.0	 3.0
1	2018	61	22484.0	 23.0	 35.0	2.000	 2.0	 0.0
1	2018	62	24045.0	 23.0	 36.0	2.000	 1.0	 0.0
1	2018	63	21869.0	 24.0	 34.0	3.000	 3.0	 1.0
1	2018	64	20840.0	 23.0	 34.0	3.000	 3.0	 3.0
1	2018	65	21924.0	 23.0	 35.0	3.000	 2.0	 2.0
1	2018	66	17052.0	 23.0	 32.0	3.000	 2.0	 7.0
1	2018	67	20218.0	 23.0	 34.0	3.000	 2.0	 7.0
1	2018	68	20122.0	 23.0	 35.0	3.000	 2.0	 2.0
1	2018	69	18791.0	 23.0	 32.0	3.000	 3.0	 1.0
1	2018	70	20392.0	 23.0	 34.0	3.000	 3.0	 1.0
1	2018	71	15290.0	 24.0	 31.0	3.000	 3.0	 1.0
1	2018	72	21662.0	 24.0	 34.0	3.000	 3.0	 1.0
1	2018	73	22185.0	 24.0	 34.0	3.000	 2.0	 1.0
1	2018	74	21496.0	 24.0	 34.0	3.000	 3.0	 2.0
1	2018	75	21253.0	 23.0	 32.0	3.000	 3.0	 8.0
1	2018	76	20964.0	 24.0	 33.0	3.000	 2.0	 3.0
1	2018	77	20293.0	 24.0	 33.0	3.000	 2.0	 2.0
1	2018	78	21760.0	 24.0	 33.0	3.000	 2.0	 3.0
1	2018	79	22491.0	 24.0	 34.0	3.000	 3.0	 4.0
1	2018	80	22366.0	 24.0	 34.0	3.000	 2.0	 9.0
1	2018	81	18786.0	 23.0	 32.0	3.000	 2.0	 6.0
1	2018	82	19599.0	 23.0	 32.0	3.000	 1.0	20.0
1	2018	83	17475.0	 22.0	 32.0	3.000	 1.0	 2.0
1	2018	84	20992.0	 23.0	 33.0	3.000	 1.0	 3.0
1	2018	85	25076.0	 24.0	 36.0	2.000	 2.0	 0.0
1	2018	86	21986.0	 24.0	 35.0	3.000	 2.0	 0.0
1	2018	87	23668.0	 24.0	 35.0	3.000	 3.0	 0.0
1	2018	88	20235.0	 24.0	 33.0	3.000	 3.0	 0.0
1	2018	89	21305.0	 24.0	 34.0	3.000	 2.0	11.0
1	2018	90	20345.0	 23.0	 32.0	3.000	 2.0	10.0
1	2018	91	22959.0	 23.0	 35.0	3.000	 1.0	 0.0
1	2018	92	19625.0	 24.0	 32.0	3.000	 3.0	 0.0
1	2018	93	23515.0	 24.0	 34.0	3.000	 3.0	 2.0
1	2018	94	22034.0	 24.0	 33.0	3.000	 2.0	 3.0
1	2018	95	21240.0	 23.0	 34.0	3.000	 2.0	 2.0
1	2018	96	22637.0	 24.0	 33.0	3.000	 2.0	 2.0
1	2018	97	19685.0	 23.0	 32.0	3.000	 3.0	 7.0
1	2018	98	16992.0	 23.0	 31.0	3.000	 2.0	 5.0
1	2018	99	22163.0	 23.0	 32.0	3.000	 2.0	 3.0
1	2018	100	15389.0	 23.0	 30.0	3.000	 2.0	 1.0
1	2018	101	24280.0	 23.0	 34.0	3.000	 2.0	 1.0
1	2018	102	23400.0	 24.0	 34.0	3.000	 2.0	 0.0
1	2018	103	21002.0	 25.0	 32.0	3.000	 3.0	 7.0
1	2018	104	23125.0	 24.0	 34.0	3.000	 2.0	 5.0
1	2018	105	18295.0	 24.0	 32.0	3.000	 2.0	 3.0
1	2018	106	23643.0	 23.0	 35.0	3.000	 2.0	 3.0
1	2018	107	21504.0	 24.0	 34.0	3.000	 2.0	 1.0
1	2018	108	19987.0	 24.0	 33.0	3.000	 2.0	 4.0
1	2018	109	19867.0	 24.0	 33.0	3.000	 3.0	 1.0
1	2018	110	20364.0	 24.0	 33.0	3.000	 2.0	 2.0
1	2018	111	17446.0	 23.0	 32.0	3.000	 3.0	 1.0
1	2018	112	24639.0	 23.0	 34.0	3.000	 2.0	 1.0
1	2018	113	21400.0	 24.0	 34.0	3.000	 3.0	 0.0
1	2018	114	23567.0	 24.0	 34.0	3.000	 3.0	 2.0
1	2018	115	23011.0	 24.0	 34.0	3.000	 3.0	 0.0
1	2018	116	21171.0	 24.0	 34.0	3.000	 2.0	 1.0
1	2018	117	22358.0	 23.0	 34.0	3.000	 2.0	 7.0
1	2018	118	19467.0	 23.0	 33.0	3.000	 1.0	 2.0
1	2018	119	20466.0	 23.0	 32.0	3.000	 2.0	18.0
1	2018	120	16093.0	 23.0	 32.0	3.000	 3.0	 2.0
1	2018	121	20049.0	 23.0	 33.0	3.000	 2.0	16.0
1	2018	122	23987.0	 23.0	 34.0	3.000	 2.0	10.0
1	2018	123	16656.0	 24.0	 32.0	3.000	 3.0	 0.0
1	2018	124	18945.0	 24.0	 33.0	3.000	 3.0	 1.0
1	2018	125	23149.0	 23.0	 33.0	3.000	 2.0	 2.0
1	2018	126	13345.0	 23.0	 30.0	3.000	 2.0	13.0
1	2018	127	21824.0	 23.0	 33.0	3.000	 2.0	 3.0
1	2018	128	24360.0	 24.0	 34.0	3.000	 3.0	 0.0
1	2018	129	12888.0	 24.0	 30.0	3.000	 3.0	 0.0
1	2018	130	17130.0	 23.0	 32.0	3.000	 2.0	18.0
1	2018	131	7700.0	 23.0	 26.0	3.000	 1.0	23.0
1	2018	132	12395.0	 22.0	 29.0	3.000	 2.0	 2.0
1	2018	133	14446.0	 22.0	 30.0	3.000	 2.0	 1.0
1	2018	134	23278.0	 23.0	 33.0	3.000	 2.0	 4.0
1	2018	135	18676.0	 23.0	 31.0	3.000	 2.0	 0.0
1	2018	136	19067.0	 24.0	 32.0	3.000	 2.0	 3.0
1	2018	137	20082.0	 23.0	 32.0	3.000	 2.0	 7.0
1	2018	138	15843.0	 23.0	 31.0	3.000	 2.0	 1.0
1	2018	139	17934.0	 23.0	 31.0	3.000	 2.0	 5.0
1	2018	140	20818.0	 23.0	 33.0	3.000	 3.0	 0.0
1	2018	141	21308.0	 24.0	 33.0	3.000	 2.0	 0.0
1	2018	142	18451.0	 24.0	 32.0	3.000	 2.0	 5.0
1	2018	143	15697.0	 24.0	 31.0	3.000	 2.0	 7.0
1	2018	144	18736.0	 23.0	 32.0	3.000	 2.0	 0.0
1	2018	145	16081.0	 24.0	 31.0	3.000	 2.0	 1.0
1	2018	146	16406.0	 23.0	 31.0	3.000	 3.0	 5.0
1	2018	147	14708.0	 23.0	 29.0	3.000	 3.0	 5.0
1	2018	148	16004.0	 22.0	 30.0	3.000	 2.0	 1.0
1	2018	149	19797.0	 23.0	 32.0	3.000	 2.0	 2.0
1	2018	150	19526.0	 23.0	 31.0	3.000	 2.0	 5.0
1	2018	151	19565.0	 23.0	 31.0	3.000	 2.0	 1.0
1	2018	152	18987.0	 23.0	 32.0	3.000	 2.0	 1.0
1	2018	153	19671.0	 23.0	 32.0	3.000	 1.0	 2.0
1	2018	154	14336.0	 23.0	 30.0	3.000	 2.0	13.0
1	2018	155	19985.0	 23.0	 32.0	3.000	 2.0	 3.0
1	2018	156	19930.0	 23.0	 32.0	3.000	 2.0	 1.0
1	2018	157	18263.0	 23.0	 31.0	3.000	 1.0	 2.0
1	2018	158	16330.0	 23.0	 31.0	3.000	 2.0	 2.0
1	2018	159	19652.0	 23.0	 32.0	3.000	 3.0	 0.0
1	2018	160	15310.0	 23.0	 30.0	3.000	 3.0	 5.0
1	2018	161	16204.0	 23.0	 31.0	3.000	 2.0	 7.0
1	2018	162	18064.0	 22.0	 31.0	3.000	 2.0	 6.0
1	2018	163	19760.0	 22.0	 32.0	3.000	 2.0	 1.0
1	2018	164	18751.0	 24.0	 31.0	3.000	 2.0	 3.0
1	2018	165	18979.0	 23.0	 31.0	3.000	 2.0	 2.0
1	2018	166	19014.0	 23.0	 30.0	3.000	 2.0	 5.0
1	2018	167	17356.0	 23.0	 31.0	3.000	 2.0	 5.0
1	2018	168	13503.0	 23.0	 28.0	3.000	 3.0	 2.0
1	2018	169	17194.0	 22.0	 31.0	3.000	 3.0	 5.0
1	2018	170	18730.0	 21.0	 31.0	3.000	 3.0	 3.0
1	2018	171	15563.0	 22.0	 29.0	3.000	 3.0	 7.0
1	2018	172	8839.0	 21.0	 26.0	3.000	 3.0	25.0
1	2018	173	15531.0	 21.0	 28.0	3.000	 3.0	 5.0
1	2018	174	15143.0	 22.0	 29.0	3.000	 3.0	 3.0
1	2018	175	13453.0	 21.0	 29.0	3.000	 2.0	13.0
1	2018	176	17939.0	 22.0	 30.0	3.000	 2.0	 1.0
1	2018	177	19464.0	 22.0	 31.0	3.000	 1.0	19.0
1	2018	178	13784.0	 21.0	 29.0	3.000	 3.0	 1.0
1	2018	179	15876.0	 21.0	 29.0	3.000	 2.0	 4.0
1	2018	180	15445.0	 21.0	 30.0	3.000	 2.0	 5.0
1	2018	181	14523.0	 21.0	 29.0	3.000	 2.0	14.0
1	2018	182	4839.0	 21.0	 23.0	3.000	 2.0	39.0
1	2018	183	11145.0	 21.0	 28.0	3.000	 2.0	15.0
1	2018	184	17029.0	 22.0	 30.0	3.000	 1.0	 4.0
1	2018	185	14321.0	 22.0	 29.0	3.000	 2.0	 3.0
1	2018	186	16079.0	 22.0	 29.0	3.000	 2.0	14.0
1	2018	187	14085.0	 21.0	 29.0	3.000	 2.0	11.0
1	2018	188	16983.0	 22.0	 30.0	3.000	 2.0	 9.0
1	2018	189	16272.0	 22.0	 29.0	3.000	 1.0	 6.0
1	2018	190	16197.0	 22.0	 29.0	3.000	 2.0	 2.0
1	2018	191	18221.0	 22.0	 30.0	3.000	 2.0	 2.0
1	2018	192	15073.0	 22.0	 29.0	3.000	 2.0	 4.0
1	2018	193	17954.0	 22.0	 29.0	3.000	 2.0	 9.0
1	2018	194	15276.0	 22.0	 28.0	3.000	 2.0	 4.0
1	2018	195	16517.0	 21.0	 30.0	3.000	 2.0	 1.0
1	2018	196	17150.0	 23.0	 29.0	3.000	 3.0	 1.0
1	2018	197	13942.0	 22.0	 29.0	3.000	 3.0	 8.0
1	2018	198	14342.0	 22.0	 29.0	3.000	 3.0	 4.0
1	2018	199	17302.0	 22.0	 29.0	3.000	 2.0	 2.0
1	2018	200	18338.0	 22.0	 31.0	3.000	 2.0	 2.0
1	2018	201	15996.0	 22.0	 29.0	3.000	 2.0	11.0
1	2018	202	12225.0	 22.0	 27.0	3.000	 3.0	10.0
1	2018	203	17063.0	 22.0	 30.0	3.000	 2.0	 1.0
1	2018	204	18618.0	 23.0	 30.0	3.000	 1.0	12.0
1	2018	205	17542.0	 22.0	 30.0	3.000	 3.0	 3.0
1	2018	206	14306.0	 22.0	 28.0	3.000	 3.0	 8.0
1	2018	207	10332.0	 22.0	 28.0	3.000	 3.0	 2.0
1	2018	208	17589.0	 21.0	 30.0	3.000	 1.0	 1.0
1	2018	209	20383.0	 22.0	 31.0	3.000	 2.0	 3.0
1	2018	210	13373.0	 22.0	 28.0	3.000	 3.0	 1.0
1	2018	211	15239.0	 22.0	 29.0	2.000	 3.0	 1.0
1	2018	212	17479.0	 22.0	 28.0	2.000	 3.0	 0.0
1	2018	213	23055.0	 21.0	 31.0	2.000	 2.0	 0.0
1	2018	214	20850.0	 22.0	 30.0	2.000	 2.0	 0.0
1	2018	215	13925.0	 22.0	 28.0	2.000	 2.0	15.0
1	2018	216	16297.0	 22.0	 29.0	2.000	 3.0	 2.0
1	2018	217	16728.0	 22.0	 29.0	2.000	 2.0	 1.0
1	2018	218	20099.0	 22.0	 30.0	2.000	 2.0	 1.0
1	2018	219	15576.0	 22.0	 28.0	2.000	 2.0	 1.0
1	2018	220	19349.0	 22.0	 29.0	2.000	 2.0	 1.0
1	2018	221	17149.0	 23.0	 28.0	2.000	 2.0	 1.0
1	2018	222	19003.0	 22.0	 29.0	3.000	 3.0	 2.0
1	2018	223	15216.0	 22.0	 29.0	3.000	 2.0	 1.0
1	2018	224	19356.0	 23.0	 31.0	3.000	 2.0	 3.0
1	2018	225	15091.0	 22.0	 30.0	3.000	 2.0	 6.0
1	2018	226	4646.0	 21.0	 25.0	3.000	 1.0	16.0
1	2018	227	20537.0	 22.0	 31.0	3.000	 2.0	 1.0
1	2018	228	19934.0	 23.0	 31.0	3.000	 2.0	 1.0
1	2018	229	14646.0	 22.0	 30.0	3.000	 2.0	 9.0
1	2018	230	12830.0	 22.0	 27.0	3.000	 3.0	14.0
1	2018	231	14937.0	 22.0	 28.0	3.000	 3.0	 6.0
1	2018	232	16750.0	 21.0	 30.0	3.000	 3.0	 8.0
1	2018	233	13492.0	 22.0	 29.0	3.000	 2.0	 5.0
1	2018	234	9709.0	 22.0	 28.0	3.000	 2.0	22.0
1	2018	235	9956.0	 22.0	 26.0	3.000	 3.0	 1.0
1	2018	236	10073.0	 22.0	 27.0	3.000	 3.0	12.0
1	2018	237	2648.0	 21.0	 22.0	3.000	 3.0	44.0
1	2018	238	14060.0	 21.0	 28.0	3.000	 3.0	16.0
1	2018	239	19016.0	 22.0	 30.0	3.000	 1.0	 2.0
1	2018	240	19843.0	 22.0	 31.0	3.000	 1.0	20.0
1	2018	241	12188.0	 22.0	 29.0	3.000	 1.0	 5.0
1	2018	242	15789.0	 22.0	 28.0	3.000	 2.0	13.0
1	2018	243	6972.0	 22.0	 26.0	3.000	 2.0	13.0
1	2018	244	12635.0	 22.0	 26.0	3.000	 3.0	 8.0
1	2018	245	18225.0	 22.0	 30.0	3.000	 2.0	 2.0
1	2018	246	18339.0	 22.0	 30.0	3.000	 2.0	11.0
1	2018	247	8410.0	 22.0	 25.0	3.000	 1.0	28.0
1	2018	248	16452.0	 22.0	 30.0	3.000	 2.0	 9.0
1	2018	249	19200.0	 22.0	 31.0	3.000	 2.0	 5.0
1	2018	250	16562.0	 22.0	 30.0	3.000	 3.0	 5.0
1	2018	251	7370.0	 21.0	 24.0	3.000	 3.0	12.0
1	2018	252	17174.0	 22.0	 29.0	3.000	 2.0	 1.0
1	2018	253	16613.0	 22.0	 30.0	3.000	 2.0	 2.0
1	2018	254	13844.0	 22.0	 28.0	3.000	 1.0	17.0
1	2018	255	7171.0	 21.0	 25.0	3.000	 1.0	10.0
1	2018	256	21995.0	 21.0	 32.0	3.000	 1.0	 8.0
1	2018	257	21717.0	 22.0	 31.0	3.000	 2.0	 3.0
1	2018	258	19580.0	 22.0	 31.0	3.000	 2.0	 3.0
1	2018	259	13312.0	 22.0	 28.0	3.000	 1.0	 9.0
1	2018	260	20259.0	 21.0	 31.0	3.000	 1.0	 3.0
1	2018	261	18198.0	 22.0	 30.0	3.000	 1.0	 4.0
1	2018	262	19383.0	 22.0	 31.0	3.000	 1.0	 7.0
1	2018	263	16850.0	 22.0	 30.0	3.000	 1.0	 9.0
1	2018	264	15606.0	 22.0	 30.0	3.000	 2.0	14.0
1	2018	265	10818.0	 21.0	 27.0	3.000	 1.0	19.0
1	2018	266	12101.0	 21.0	 28.0	3.000	 1.0	 2.0
1	2018	267	11410.0	 22.0	 29.0	3.000	 1.0	 2.0
1	2018	268	18473.0	 22.0	 31.0	3.000	 1.0	38.0
1	2018	269	12375.0	 22.0	 27.0	3.000	 1.0	30.0
1	2018	270	17816.0	 22.0	 30.0	3.000	 2.0	 1.0
1	2018	271	15327.0	 22.0	 28.0	3.000	 2.0	 8.0
1	2018	272	19502.0	 22.0	 31.0	3.000	 1.0	 3.0
1	2018	273	15625.0	 22.0	 29.0	3.000	 1.0	 8.0
1	2018	274	17721.0	 22.0	 31.0	3.000	 1.0	 4.0
1	2018	275	17678.0	 22.0	 31.0	3.000	 1.0	13.0
1	2018	276	19367.0	 22.0	 31.0	3.000	 1.0	17.0
1	2018	277	10880.0	 22.0	 28.0	3.000	 0.0	 1.0
1	2018	278	14958.0	 23.0	 29.0	3.000	 1.0	 5.0
1	2018	279	12875.0	 22.0	 28.0	3.000	 0.0	 9.0
1	2018	280	19204.0	 22.0	 31.0	3.000	 1.0	 1.0
1	2018	281	15563.0	 22.0	 30.0	3.000	 1.0	 9.0
1	2018	282	19440.0	 23.0	 30.0	3.000	 1.0	10.0
1	2018	283	18860.0	 22.0	 31.0	3.000	 1.0	 4.0
1	2018	284	12200.0	 22.0	 29.0	3.000	 0.0	 8.0
1	2018	285	18868.0	 22.0	 31.0	3.000	 1.0	 9.0
1	2018	286	9138.0	 22.0	 27.0	3.000	 2.0	 4.0
1	2018	287	20938.0	 22.0	 31.0	3.000	 1.0	 1.0
1	2018	288	18272.0	 22.0	 30.0	3.000	 0.0	12.0
1	2018	289	18076.0	 22.0	 30.0	3.000	 1.0	 9.0
1	2018	290	21483.0	 22.0	 32.0	3.000	 1.0	 1.0
1	2018	291	19301.0	 23.0	 31.0	3.000	 2.0	 0.0
1	2018	292	20808.0	 23.0	 32.0	3.000	 1.0	 0.0
1	2018	293	22048.0	 23.0	 32.0	3.000	 1.0	 0.0
1	2018	294	20415.0	 23.0	 32.0	3.000	 2.0	 3.0
1	2018	295	18152.0	 23.0	 31.0	3.000	 1.0	 8.0
1	2018	296	16644.0	 22.0	 31.0	3.000	 2.0	 2.0
1	2018	297	20044.0	 23.0	 32.0	3.000	 2.0	 1.0
1	2018	298	17879.0	 23.0	 31.0	3.000	 2.0	 0.0
1	2018	299	19466.0	 22.0	 32.0	3.000	 1.0	 1.0
1	2018	300	20680.0	 22.0	 32.0	3.000	 1.0	 6.0
1	2018	301	13781.0	 23.0	 28.0	3.000	 1.0	21.0
1	2018	302	7122.0	 22.0	 25.0	3.000	 0.0	11.0
1	2018	303	20185.0	 22.0	 32.0	3.000	 1.0	 1.0
1	2018	304	21619.0	 23.0	 33.0	3.000	 1.0	 1.0
1	2018	305	20491.0	 23.0	 33.0	3.000	 1.0	 0.0
1	2018	306	18640.0	 24.0	 31.0	3.000	 2.0	 2.0
1	2018	307	21277.0	 22.0	 32.0	3.000	 2.0	 0.0
1	2018	308	17498.0	 22.0	 31.0	3.000	 2.0	 1.0
1	2018	309	19977.0	 22.0	 32.0	3.000	 1.0	 5.0
1	2018	310	18773.0	 22.0	 32.0	3.000	 1.0	 6.0
1	2018	311	18341.0	 22.0	 32.0	3.000	 2.0	 2.0
1	2018	312	20626.0	 22.0	 32.0	3.000	 1.0	10.0
1	2018	313	19395.0	 23.0	 33.0	3.000	 2.0	 4.0
1	2018	314	18804.0	 23.0	 32.0	3.000	 2.0	 5.0
1	2018	315	18294.0	 22.0	 31.0	3.000	 1.0	 1.0
1	2018	316	20517.0	 23.0	 33.0	3.000	 2.0	 2.0
1	2018	317	21223.0	 23.0	 34.0	3.000	 1.0	 0.0
1	2018	318	17695.0	 23.0	 31.0	3.000	 2.0	 0.0
1	2018	319	19547.0	 23.0	 32.0	3.000	 2.0	 0.0
1	2018	320	18952.0	 23.0	 32.0	3.000	 2.0	 3.0
1	2018	321	20066.0	 23.0	 33.0	3.000	 2.0	 1.0
1	2018	322	17607.0	 23.0	 31.0	3.000	 2.0	 1.0
1	2018	323	18863.0	 23.0	 33.0	3.000	 1.0	 4.0
1	2018	324	18247.0	 22.0	 33.0	3.000	 1.0	 4.0
1	2018	325	20381.0	 22.0	 34.0	3.000	 2.0	 0.0
1	2018	326	18256.0	 23.0	 31.0	3.000	 2.0	 0.0
1	2018	327	19833.0	 23.0	 32.0	3.000	 2.0	 0.0
1	2018	328	19716.0	 23.0	 33.0	3.000	 2.0	 0.0
1	2018	329	20108.0	 23.0	 34.0	3.000	 2.0	 0.0
1	2018	330	19379.0	 23.0	 33.0	3.000	 2.0	 0.0
1	2018	331	19842.0	 23.0	 34.0	2.000	 1.0	 0.0
1	2018	332	17163.0	 23.0	 32.0	3.000	 1.0	 0.0
1	2018	333	19609.0	 23.0	 34.0	2.000	 0.0	 0.0
1	2018	334	19801.0	 23.0	 34.0	2.000	 2.0	 0.0
1	2018	335	20401.0	 23.0	 34.0	3.000	 2.0	 0.0
1	2018	336	19836.0	 23.0	 34.0	2.000	 1.0	 0.0
1	2018	337	20801.0	 23.0	 34.0	2.000	 0.0	 0.0
1	2018	338	21017.0	 23.0	 34.0	2.000	 1.0	 0.0
1	2018	339	17842.0	 23.0	 33.0	2.000	 1.0	 0.0
1	2018	340	21974.0	 22.0	 35.0	2.000	 1.0	 0.0
1	2018	341	21980.0	 21.0	 34.0	2.000	 1.0	 0.0
1	2018	342	19513.0	 21.0	 34.0	2.000	 0.0	 0.0
1	2018	343	21747.0	 20.0	 34.0	2.000	 1.0	 0.0
1	2018	344	21601.0	 21.0	 34.0	2.000	 1.0	 0.0
1	2018	345	20457.0	 21.0	 34.0	2.000	 0.0	 0.0
1	2018	346	19633.0	 22.0	 33.0	2.000	 1.0	 0.0
1	2018	347	19515.0	 23.0	 34.0	2.000	 0.0	 0.0
1	2018	348	21826.0	 21.0	 35.0	2.000	 1.0	 0.0
1	2018	349	21711.0	 20.0	 35.0	1.000	 1.0	 0.0
1	2018	350	20887.0	 22.0	 35.0	2.000	 1.0	 0.0
1	2018	351	21022.0	 22.0	 35.0	2.000	 1.0	 0.0
1	2018	352	20532.0	 22.0	 35.0	2.000	 0.0	 0.0
1	2018	353	21006.0	 23.0	 35.0	2.000	 0.0	 0.0
1	2018	354	21325.0	 22.0	 34.0	2.000	 0.0	 0.0
1	2018	355	21860.0	 21.0	 35.0	1.000	 1.0	 0.0
1	2018	356	21770.0	 21.0	 34.0	1.000	 1.0	 0.0
1	2018	357	22005.0	 20.0	 34.0	1.000	 2.0	 0.0
1	2018	358	21593.0	 20.0	 34.0	1.000	 2.0	 0.0
1	2018	359	21957.0	 19.0	 34.0	1.000	 2.0	 0.0
1	2018	360	22074.0	 18.0	 33.0	1.000	 2.0	 0.0
1	2018	361	21895.0	 20.0	 34.0	1.000	 2.0	 0.0
1	2018	362	20965.0	 20.0	 35.0	2.000	 0.0	 0.0
1	2018	363	20102.0	 22.0	 35.0	2.000	 0.0	 0.0
1	2018	364	20044.0	 23.0	 35.0	2.000	 1.0	 0.0
1	2018	365	21074.0	 22.0	 35.0	2.000	 1.0	 0.0
