*---------------------------------------------------
* Station: Brong_Ahafo
* Year: 2011
* Origin: ERA5-Reanalysis
* Columns & units
* ===================
* 1. station number
* 2. year
* 3. Day of Year
* 4. Irradiance   (kJ路m-2路d-1)
* 5. Daily minimum temperature (degC)
* 6. Daily maximum temperature (degC)
* 7. Vapour pressure (kPa)
* 8. Mean wind speed (m路s-1)
* 9. Precipitation (mm路d-1)
** WCCDESCRIPTION=Brong_Ahafo
** WCCFORMAT=2
** WCCYEARNR=2011
*------------------------------------------------------------*
-1.67  7.70  360.00 -0.18  -0.55
1	2011	1	21645.0	 20.0	 33.0	1.000	 3.0	 0.0
1	2011	2	22021.0	 18.0	 33.0	1.000	 1.0	 0.0
1	2011	3	21835.0	 19.0	 34.0	1.000	 1.0	 0.0
1	2011	4	21877.0	 21.0	 34.0	1.000	 1.0	 0.0
1	2011	5	21807.0	 20.0	 34.0	2.000	 1.0	 0.0
1	2011	6	21813.0	 21.0	 35.0	2.000	 0.0	 0.0
1	2011	7	20523.0	 22.0	 34.0	2.000	 0.0	 0.0
1	2011	8	22094.0	 20.0	 34.0	1.000	 2.0	 0.0
1	2011	9	22611.0	 19.0	 33.0	1.000	 2.0	 0.0
1	2011	10	22358.0	 19.0	 34.0	1.000	 1.0	 0.0
1	2011	11	22414.0	 20.0	 34.0	1.000	 2.0	 0.0
1	2011	12	22627.0	 20.0	 34.0	1.000	 2.0	 0.0
1	2011	13	22622.0	 18.0	 34.0	1.000	 1.0	 0.0
1	2011	14	22524.0	 19.0	 35.0	1.000	 1.0	 0.0
1	2011	15	21502.0	 19.0	 34.0	1.000	 1.0	 0.0
1	2011	16	22413.0	 20.0	 34.0	1.000	 2.0	 0.0
1	2011	17	22853.0	 19.0	 34.0	1.000	 2.0	 0.0
1	2011	18	23148.0	 18.0	 34.0	1.000	 2.0	 0.0
1	2011	19	22934.0	 19.0	 34.0	1.000	 1.0	 0.0
1	2011	20	22790.0	 18.0	 34.0	1.000	 0.0	 0.0
1	2011	21	21050.0	 20.0	 34.0	2.000	 1.0	 0.0
1	2011	22	20271.0	 22.0	 35.0	2.000	 1.0	 0.0
1	2011	23	19770.0	 23.0	 35.0	2.000	 1.0	 0.0
1	2011	24	19392.0	 24.0	 35.0	2.000	 1.0	 0.0
1	2011	25	17340.0	 23.0	 34.0	2.000	 2.0	 0.0
1	2011	26	19056.0	 24.0	 33.0	3.000	 2.0	 3.0
1	2011	27	20480.0	 23.0	 35.0	2.000	 2.0	 0.0
1	2011	28	20493.0	 23.0	 36.0	2.000	 1.0	 0.0
1	2011	29	21243.0	 23.0	 36.0	2.000	 2.0	 0.0
1	2011	30	19748.0	 24.0	 35.0	2.000	 2.0	 0.0
1	2011	31	18815.0	 24.0	 33.0	3.000	 2.0	 0.0
1	2011	32	19366.0	 24.0	 34.0	3.000	 3.0	 0.0
1	2011	33	19493.0	 23.0	 34.0	3.000	 3.0	 1.0
1	2011	34	15213.0	 23.0	 30.0	3.000	 1.0	19.0
1	2011	35	20943.0	 22.0	 33.0	2.000	 2.0	 0.0
1	2011	36	23154.0	 22.0	 33.0	1.000	 3.0	 0.0
1	2011	37	22597.0	 20.0	 34.0	1.000	 2.0	 0.0
1	2011	38	23581.0	 20.0	 35.0	1.000	 1.0	 0.0
1	2011	39	23674.0	 20.0	 35.0	1.000	 1.0	 0.0
1	2011	40	23092.0	 21.0	 36.0	2.000	 1.0	 0.0
1	2011	41	20394.0	 23.0	 34.0	2.000	 2.0	 0.0
1	2011	42	18226.0	 23.0	 34.0	2.000	 1.0	 0.0
1	2011	43	20297.0	 24.0	 35.0	2.000	 2.0	 3.0
1	2011	44	19784.0	 23.0	 33.0	3.000	 2.0	 5.0
1	2011	45	18888.0	 22.0	 33.0	2.000	 1.0	 6.0
1	2011	46	21686.0	 23.0	 35.0	2.000	 1.0	 0.0
1	2011	47	23335.0	 22.0	 36.0	2.000	 1.0	 0.0
1	2011	48	21856.0	 23.0	 35.0	2.000	 2.0	 0.0
1	2011	49	19619.0	 24.0	 34.0	2.000	 2.0	 1.0
1	2011	50	18298.0	 24.0	 33.0	2.000	 1.0	 0.0
1	2011	51	22611.0	 24.0	 37.0	2.000	 1.0	 0.0
1	2011	52	20784.0	 25.0	 35.0	3.000	 3.0	 4.0
1	2011	53	21496.0	 23.0	 35.0	3.000	 3.0	 4.0
1	2011	54	15632.0	 23.0	 32.0	2.000	 3.0	 1.0
1	2011	55	20119.0	 23.0	 35.0	2.000	 2.0	 1.0
1	2011	56	20466.0	 24.0	 34.0	3.000	 2.0	11.0
1	2011	57	10936.0	 21.0	 29.0	2.000	 2.0	18.0
1	2011	58	18744.0	 23.0	 33.0	3.000	 1.0	 7.0
1	2011	59	20527.0	 22.0	 33.0	2.000	 0.0	 3.0
1	2011	60	20390.0	 24.0	 35.0	3.000	 1.0	 3.0
1	2011	61	20524.0	 23.0	 34.0	3.000	 2.0	13.0
1	2011	62	19661.0	 23.0	 33.0	3.000	 2.0	 7.0
1	2011	63	15276.0	 22.0	 31.0	2.000	 1.0	 1.0
1	2011	64	21061.0	 24.0	 34.0	3.000	 2.0	 1.0
1	2011	65	21937.0	 24.0	 34.0	3.000	 2.0	 1.0
1	2011	66	21003.0	 24.0	 33.0	3.000	 2.0	 2.0
1	2011	67	22074.0	 23.0	 34.0	3.000	 2.0	 2.0
1	2011	68	20303.0	 24.0	 34.0	3.000	 3.0	 0.0
1	2011	69	19855.0	 24.0	 34.0	3.000	 2.0	 0.0
1	2011	70	23411.0	 24.0	 35.0	3.000	 2.0	 0.0
1	2011	71	22760.0	 24.0	 35.0	3.000	 2.0	 0.0
1	2011	72	22200.0	 24.0	 35.0	3.000	 3.0	 0.0
1	2011	73	19601.0	 24.0	 33.0	3.000	 3.0	 0.0
1	2011	74	21880.0	 23.0	 34.0	2.000	 2.0	 0.0
1	2011	75	22823.0	 24.0	 35.0	3.000	 2.0	 0.0
1	2011	76	21204.0	 24.0	 34.0	3.000	 3.0	 0.0
1	2011	77	21683.0	 24.0	 34.0	3.000	 3.0	 8.0
1	2011	78	21535.0	 23.0	 34.0	3.000	 2.0	 1.0
1	2011	79	22068.0	 23.0	 34.0	3.000	 2.0	 1.0
1	2011	80	22022.0	 23.0	 34.0	3.000	 2.0	 4.0
1	2011	81	14867.0	 23.0	 32.0	3.000	 2.0	11.0
1	2011	82	21974.0	 23.0	 34.0	3.000	 2.0	 5.0
1	2011	83	22319.0	 23.0	 35.0	3.000	 2.0	 2.0
1	2011	84	21722.0	 24.0	 34.0	3.000	 3.0	 0.0
1	2011	85	21169.0	 24.0	 34.0	3.000	 2.0	 0.0
1	2011	86	23989.0	 24.0	 35.0	3.000	 2.0	 0.0
1	2011	87	23074.0	 24.0	 34.0	3.000	 2.0	 0.0
1	2011	88	23260.0	 24.0	 35.0	3.000	 2.0	 0.0
1	2011	89	22098.0	 24.0	 34.0	3.000	 3.0	 0.0
1	2011	90	23960.0	 24.0	 36.0	3.000	 2.0	 0.0
1	2011	91	20169.0	 24.0	 34.0	3.000	 3.0	 0.0
1	2011	92	21141.0	 23.0	 33.0	3.000	 3.0	 0.0
1	2011	93	23840.0	 24.0	 34.0	3.000	 2.0	 4.0
1	2011	94	20817.0	 23.0	 33.0	3.000	 2.0	16.0
1	2011	95	16198.0	 22.0	 31.0	3.000	 1.0	 0.0
1	2011	96	22271.0	 24.0	 34.0	2.000	 1.0	 0.0
1	2011	97	26396.0	 23.0	 36.0	2.000	 0.0	 0.0
1	2011	98	21820.0	 24.0	 34.0	3.000	 3.0	 0.0
1	2011	99	23486.0	 24.0	 34.0	3.000	 2.0	 3.0
1	2011	100	21593.0	 23.0	 34.0	3.000	 2.0	12.0
1	2011	101	17001.0	 23.0	 32.0	3.000	 2.0	 0.0
1	2011	102	21911.0	 24.0	 33.0	3.000	 2.0	16.0
1	2011	103	21533.0	 23.0	 32.0	3.000	 2.0	 8.0
1	2011	104	23365.0	 23.0	 34.0	3.000	 2.0	 0.0
1	2011	105	24075.0	 24.0	 35.0	3.000	 3.0	 0.0
1	2011	106	18645.0	 24.0	 33.0	3.000	 3.0	 2.0
1	2011	107	22683.0	 23.0	 33.0	3.000	 2.0	19.0
1	2011	108	12334.0	 23.0	 30.0	3.000	 2.0	 6.0
1	2011	109	24503.0	 24.0	 34.0	3.000	 2.0	 2.0
1	2011	110	24706.0	 24.0	 35.0	3.000	 3.0	 0.0
1	2011	111	24117.0	 24.0	 34.0	3.000	 2.0	 1.0
1	2011	112	21855.0	 24.0	 33.0	3.000	 2.0	 0.0
1	2011	113	22977.0	 25.0	 34.0	3.000	 3.0	 1.0
1	2011	114	15091.0	 23.0	 30.0	3.000	 2.0	 0.0
1	2011	115	23128.0	 23.0	 34.0	3.000	 1.0	 6.0
1	2011	116	21438.0	 23.0	 32.0	3.000	 2.0	24.0
1	2011	117	20089.0	 23.0	 33.0	3.000	 3.0	 1.0
1	2011	118	19589.0	 23.0	 32.0	3.000	 3.0	 1.0
1	2011	119	14249.0	 24.0	 30.0	3.000	 3.0	 1.0
1	2011	120	20067.0	 23.0	 32.0	3.000	 2.0	 3.0
1	2011	121	21355.0	 23.0	 32.0	3.000	 2.0	 1.0
1	2011	122	22634.0	 24.0	 34.0	3.000	 2.0	 2.0
1	2011	123	16808.0	 24.0	 31.0	3.000	 2.0	 6.0
1	2011	124	20790.0	 23.0	 34.0	3.000	 2.0	 0.0
1	2011	125	21667.0	 24.0	 33.0	3.000	 3.0	 0.0
1	2011	126	22852.0	 24.0	 34.0	3.000	 3.0	 0.0
1	2011	127	24036.0	 24.0	 34.0	3.000	 2.0	 0.0
1	2011	128	18993.0	 24.0	 32.0	3.000	 1.0	15.0
1	2011	129	18944.0	 23.0	 33.0	3.000	 2.0	 8.0
1	2011	130	18609.0	 23.0	 31.0	3.000	 2.0	 0.0
1	2011	131	23236.0	 23.0	 33.0	3.000	 2.0	 5.0
1	2011	132	18488.0	 23.0	 33.0	3.000	 1.0	 0.0
1	2011	133	20660.0	 24.0	 32.0	3.000	 1.0	 2.0
1	2011	134	18944.0	 23.0	 32.0	3.000	 1.0	 6.0
1	2011	135	23101.0	 23.0	 33.0	3.000	 1.0	 3.0
1	2011	136	21976.0	 24.0	 33.0	3.000	 1.0	 0.0
1	2011	137	18423.0	 25.0	 31.0	3.000	 2.0	 1.0
1	2011	138	18063.0	 24.0	 33.0	3.000	 2.0	 1.0
1	2011	139	18873.0	 24.0	 32.0	3.000	 2.0	 1.0
1	2011	140	22535.0	 23.0	 33.0	3.000	 2.0	 0.0
1	2011	141	19151.0	 23.0	 32.0	3.000	 3.0	 1.0
1	2011	142	20274.0	 23.0	 32.0	3.000	 3.0	 1.0
1	2011	143	19565.0	 23.0	 32.0	3.000	 3.0	 0.0
1	2011	144	19700.0	 23.0	 32.0	3.000	 2.0	 0.0
1	2011	145	21087.0	 23.0	 33.0	3.000	 3.0	 0.0
1	2011	146	15561.0	 24.0	 31.0	3.000	 3.0	 2.0
1	2011	147	14216.0	 23.0	 30.0	3.000	 3.0	 1.0
1	2011	148	13840.0	 23.0	 29.0	3.000	 2.0	 8.0
1	2011	149	20424.0	 22.0	 31.0	3.000	 2.0	 2.0
1	2011	150	16033.0	 23.0	 31.0	3.000	 2.0	 2.0
1	2011	151	12975.0	 23.0	 30.0	3.000	 2.0	 0.0
1	2011	152	15338.0	 23.0	 31.0	3.000	 2.0	 0.0
1	2011	153	15344.0	 23.0	 31.0	3.000	 2.0	 0.0
1	2011	154	18967.0	 24.0	 32.0	3.000	 2.0	 3.0
1	2011	155	15376.0	 23.0	 31.0	3.000	 2.0	 3.0
1	2011	156	10165.0	 23.0	 28.0	3.000	 1.0	 4.0
1	2011	157	15923.0	 22.0	 31.0	3.000	 2.0	 0.0
1	2011	158	21435.0	 23.0	 33.0	3.000	 2.0	 7.0
1	2011	159	13466.0	 23.0	 30.0	3.000	 2.0	 5.0
1	2011	160	12571.0	 22.0	 29.0	3.000	 2.0	 4.0
1	2011	161	15252.0	 22.0	 30.0	3.000	 2.0	 1.0
1	2011	162	17068.0	 23.0	 30.0	3.000	 3.0	 7.0
1	2011	163	18458.0	 22.0	 31.0	3.000	 3.0	 1.0
1	2011	164	16511.0	 22.0	 30.0	3.000	 2.0	 0.0
1	2011	165	19434.0	 23.0	 31.0	3.000	 2.0	 1.0
1	2011	166	18466.0	 23.0	 31.0	3.000	 2.0	 4.0
1	2011	167	16970.0	 23.0	 31.0	3.000	 2.0	 5.0
1	2011	168	18801.0	 23.0	 31.0	3.000	 2.0	 2.0
1	2011	169	9677.0	 23.0	 28.0	3.000	 2.0	 0.0
1	2011	170	16596.0	 22.0	 30.0	3.000	 2.0	 9.0
1	2011	171	18038.0	 22.0	 31.0	3.000	 1.0	 2.0
1	2011	172	16383.0	 23.0	 30.0	3.000	 2.0	 4.0
1	2011	173	13065.0	 22.0	 29.0	3.000	 2.0	 6.0
1	2011	174	15794.0	 23.0	 31.0	3.000	 2.0	 3.0
1	2011	175	14525.0	 22.0	 29.0	3.000	 2.0	11.0
1	2011	176	18822.0	 21.0	 30.0	3.000	 1.0	 4.0
1	2011	177	20386.0	 22.0	 31.0	3.000	 2.0	 2.0
1	2011	178	14929.0	 22.0	 29.0	3.000	 2.0	 1.0
1	2011	179	20252.0	 22.0	 30.0	3.000	 2.0	 2.0
1	2011	180	19600.0	 22.0	 31.0	3.000	 2.0	 4.0
1	2011	181	13367.0	 22.0	 28.0	3.000	 1.0	17.0
1	2011	182	17813.0	 21.0	 30.0	3.000	 2.0	 5.0
1	2011	183	15936.0	 22.0	 30.0	3.000	 1.0	 1.0
1	2011	184	16991.0	 22.0	 31.0	3.000	 2.0	 4.0
1	2011	185	16220.0	 22.0	 29.0	3.000	 2.0	 7.0
1	2011	186	17171.0	 21.0	 30.0	3.000	 2.0	 0.0
1	2011	187	16533.0	 22.0	 29.0	3.000	 2.0	 6.0
1	2011	188	17792.0	 22.0	 30.0	3.000	 2.0	 6.0
1	2011	189	19268.0	 23.0	 31.0	3.000	 3.0	 3.0
1	2011	190	16370.0	 23.0	 29.0	3.000	 3.0	 3.0
1	2011	191	12305.0	 22.0	 28.0	3.000	 3.0	 9.0
1	2011	192	10851.0	 21.0	 26.0	3.000	 2.0	11.0
1	2011	193	15875.0	 21.0	 29.0	3.000	 2.0	 5.0
1	2011	194	18437.0	 22.0	 30.0	3.000	 2.0	 2.0
1	2011	195	14719.0	 21.0	 28.0	3.000	 2.0	15.0
1	2011	196	15277.0	 22.0	 29.0	3.000	 1.0	 7.0
1	2011	197	15633.0	 21.0	 29.0	3.000	 1.0	11.0
1	2011	198	19751.0	 22.0	 30.0	3.000	 2.0	 3.0
1	2011	199	4979.0	 21.0	 24.0	3.000	 2.0	30.0
1	2011	200	15453.0	 21.0	 29.0	3.000	 2.0	 0.0
1	2011	201	17267.0	 22.0	 30.0	3.000	 2.0	 1.0
1	2011	202	13825.0	 21.0	 28.0	3.000	 3.0	 6.0
1	2011	203	9616.0	 21.0	 27.0	3.000	 3.0	 1.0
1	2011	204	15083.0	 21.0	 28.0	3.000	 3.0	 3.0
1	2011	205	12717.0	 22.0	 27.0	2.000	 3.0	 1.0
1	2011	206	12057.0	 22.0	 26.0	2.000	 3.0	 0.0
1	2011	207	9404.0	 21.0	 25.0	2.000	 3.0	 0.0
1	2011	208	13408.0	 21.0	 28.0	2.000	 3.0	 1.0
1	2011	209	18964.0	 21.0	 29.0	2.000	 2.0	 1.0
1	2011	210	15053.0	 23.0	 28.0	2.000	 3.0	 2.0
1	2011	211	15139.0	 21.0	 29.0	3.000	 2.0	 2.0
1	2011	212	14878.0	 22.0	 29.0	3.000	 2.0	 2.0
1	2011	213	19601.0	 22.0	 31.0	3.000	 1.0	 3.0
1	2011	214	20080.0	 22.0	 31.0	3.000	 1.0	 7.0
1	2011	215	14469.0	 22.0	 30.0	3.000	 1.0	 2.0
1	2011	216	5528.0	 22.0	 25.0	3.000	 3.0	14.0
1	2011	217	8324.0	 22.0	 28.0	2.000	 3.0	 0.0
1	2011	218	13683.0	 22.0	 29.0	3.000	 3.0	 1.0
1	2011	219	10268.0	 22.0	 26.0	3.000	 3.0	10.0
1	2011	220	11663.0	 21.0	 28.0	3.000	 2.0	 7.0
1	2011	221	15883.0	 22.0	 29.0	2.000	 2.0	 1.0
1	2011	222	11527.0	 22.0	 28.0	2.000	 2.0	 0.0
1	2011	223	17300.0	 22.0	 30.0	3.000	 2.0	 4.0
1	2011	224	17553.0	 22.0	 29.0	3.000	 3.0	 2.0
1	2011	225	7167.0	 21.0	 24.0	3.000	 3.0	12.0
1	2011	226	11990.0	 21.0	 28.0	3.000	 3.0	 3.0
1	2011	227	17408.0	 21.0	 30.0	3.000	 2.0	 3.0
1	2011	228	13337.0	 22.0	 27.0	3.000	 2.0	 4.0
1	2011	229	14947.0	 21.0	 29.0	3.000	 3.0	 3.0
1	2011	230	14371.0	 22.0	 29.0	2.000	 3.0	 1.0
1	2011	231	15466.0	 22.0	 28.0	2.000	 2.0	 1.0
1	2011	232	22904.0	 21.0	 31.0	2.000	 2.0	 0.0
1	2011	233	21722.0	 22.0	 31.0	2.000	 2.0	 0.0
1	2011	234	16430.0	 22.0	 29.0	2.000	 2.0	 4.0
1	2011	235	13609.0	 22.0	 28.0	3.000	 2.0	 4.0
1	2011	236	17080.0	 21.0	 30.0	3.000	 2.0	 9.0
1	2011	237	13728.0	 21.0	 29.0	3.000	 2.0	 3.0
1	2011	238	13622.0	 21.0	 28.0	3.000	 2.0	 2.0
1	2011	239	18862.0	 21.0	 30.0	3.000	 2.0	42.0
1	2011	240	7223.0	 21.0	 25.0	3.000	 1.0	60.0
1	2011	241	14522.0	 22.0	 29.0	3.000	 2.0	 1.0
1	2011	242	20068.0	 21.0	 31.0	3.000	 1.0	 4.0
1	2011	243	10828.0	 22.0	 28.0	3.000	 2.0	12.0
1	2011	244	16924.0	 21.0	 30.0	3.000	 1.0	 5.0
1	2011	245	16837.0	 22.0	 31.0	3.000	 1.0	 2.0
1	2011	246	9730.0	 21.0	 26.0	3.000	 2.0	 9.0
1	2011	247	18625.0	 21.0	 30.0	3.000	 2.0	 5.0
1	2011	248	13740.0	 22.0	 30.0	3.000	 2.0	 5.0
1	2011	249	20283.0	 21.0	 30.0	3.000	 1.0	23.0
1	2011	250	19104.0	 22.0	 30.0	3.000	 2.0	 2.0
1	2011	251	15662.0	 22.0	 28.0	3.000	 2.0	 3.0
1	2011	252	15145.0	 22.0	 29.0	3.000	 2.0	12.0
1	2011	253	15209.0	 21.0	 28.0	3.000	 1.0	23.0
1	2011	254	17815.0	 22.0	 30.0	3.000	 1.0	 2.0
1	2011	255	18936.0	 22.0	 31.0	3.000	 2.0	 3.0
1	2011	256	20425.0	 23.0	 31.0	3.000	 2.0	 5.0
1	2011	257	12685.0	 21.0	 26.0	3.000	 2.0	 9.0
1	2011	258	16327.0	 22.0	 29.0	3.000	 2.0	 1.0
1	2011	259	19426.0	 21.0	 30.0	3.000	 2.0	 5.0
1	2011	260	10998.0	 21.0	 27.0	3.000	 2.0	10.0
1	2011	261	17304.0	 22.0	 30.0	3.000	 2.0	 4.0
1	2011	262	16135.0	 22.0	 28.0	3.000	 1.0	 5.0
1	2011	263	19906.0	 22.0	 30.0	3.000	 1.0	 9.0
1	2011	264	17064.0	 22.0	 29.0	3.000	 2.0	13.0
1	2011	265	17024.0	 22.0	 29.0	3.000	 1.0	 1.0
1	2011	266	19849.0	 22.0	 31.0	3.000	 1.0	 5.0
1	2011	267	17296.0	 22.0	 30.0	3.000	 1.0	11.0
1	2011	268	13611.0	 21.0	 30.0	3.000	 2.0	 1.0
1	2011	269	20673.0	 22.0	 32.0	3.000	 1.0	 2.0
1	2011	270	13421.0	 22.0	 28.0	3.000	 1.0	 8.0
1	2011	271	7300.0	 21.0	 25.0	3.000	 1.0	19.0
1	2011	272	17584.0	 21.0	 30.0	3.000	 2.0	 9.0
1	2011	273	18685.0	 22.0	 30.0	3.000	 1.0	 8.0
1	2011	274	4766.0	 21.0	 25.0	3.000	 1.0	26.0
1	2011	275	10697.0	 20.0	 28.0	3.000	 2.0	 0.0
1	2011	276	20166.0	 22.0	 32.0	3.000	 1.0	 5.0
1	2011	277	20043.0	 22.0	 31.0	3.000	 1.0	 2.0
1	2011	278	20001.0	 23.0	 31.0	3.000	 2.0	 2.0
1	2011	279	18112.0	 23.0	 31.0	3.000	 2.0	 3.0
1	2011	280	13136.0	 23.0	 28.0	3.000	 1.0	 7.0
1	2011	281	16379.0	 22.0	 30.0	3.000	 1.0	10.0
1	2011	282	16559.0	 22.0	 30.0	3.000	 1.0	16.0
1	2011	283	16084.0	 22.0	 29.0	3.000	 1.0	10.0
1	2011	284	16810.0	 21.0	 30.0	3.000	 1.0	 5.0
1	2011	285	17915.0	 22.0	 31.0	3.000	 1.0	 2.0
1	2011	286	14001.0	 22.0	 29.0	3.000	 1.0	20.0
1	2011	287	20223.0	 21.0	 31.0	3.000	 1.0	 8.0
1	2011	288	15278.0	 22.0	 29.0	3.000	 1.0	 5.0
1	2011	289	18933.0	 21.0	 31.0	3.000	 1.0	 1.0
1	2011	290	21258.0	 22.0	 33.0	3.000	 1.0	 2.0
1	2011	291	21559.0	 22.0	 32.0	3.000	 2.0	 5.0
1	2011	292	18927.0	 22.0	 31.0	3.000	 1.0	 1.0
1	2011	293	20585.0	 22.0	 32.0	3.000	 1.0	 3.0
1	2011	294	17785.0	 22.0	 31.0	3.000	 1.0	 8.0
1	2011	295	11310.0	 22.0	 28.0	3.000	 2.0	11.0
1	2011	296	18036.0	 22.0	 30.0	3.000	 1.0	 7.0
1	2011	297	22001.0	 21.0	 32.0	3.000	 1.0	 3.0
1	2011	298	13763.0	 21.0	 28.0	3.000	 2.0	 7.0
1	2011	299	7375.0	 21.0	 26.0	3.000	 1.0	 2.0
1	2011	300	20619.0	 21.0	 31.0	3.000	 1.0	 1.0
1	2011	301	20653.0	 22.0	 32.0	2.000	 2.0	 0.0
1	2011	302	22760.0	 21.0	 32.0	2.000	 2.0	 0.0
1	2011	303	22576.0	 22.0	 32.0	3.000	 2.0	 0.0
1	2011	304	20819.0	 22.0	 32.0	3.000	 2.0	 0.0
1	2011	305	19158.0	 22.0	 31.0	3.000	 2.0	 0.0
1	2011	306	19407.0	 22.0	 31.0	3.000	 1.0	 0.0
1	2011	307	19442.0	 22.0	 32.0	3.000	 2.0	 0.0
1	2011	308	18871.0	 23.0	 31.0	3.000	 2.0	 0.0
1	2011	309	18442.0	 23.0	 30.0	3.000	 2.0	 0.0
1	2011	310	18713.0	 22.0	 31.0	3.000	 2.0	 0.0
1	2011	311	19863.0	 22.0	 31.0	3.000	 2.0	 1.0
1	2011	312	19603.0	 22.0	 31.0	3.000	 2.0	 0.0
1	2011	313	18941.0	 23.0	 32.0	3.000	 2.0	 0.0
1	2011	314	20268.0	 22.0	 32.0	3.000	 2.0	 0.0
1	2011	315	18101.0	 23.0	 31.0	3.000	 2.0	 1.0
1	2011	316	19321.0	 22.0	 31.0	3.000	 2.0	 0.0
1	2011	317	20244.0	 22.0	 32.0	3.000	 2.0	 0.0
1	2011	318	18202.0	 23.0	 32.0	3.000	 2.0	 0.0
1	2011	319	20902.0	 22.0	 34.0	2.000	 1.0	 0.0
1	2011	320	19169.0	 23.0	 32.0	3.000	 1.0	 0.0
1	2011	321	21047.0	 23.0	 34.0	2.000	 1.0	 0.0
1	2011	322	20971.0	 23.0	 33.0	3.000	 2.0	 0.0
1	2011	323	19780.0	 23.0	 33.0	3.000	 2.0	 1.0
1	2011	324	19281.0	 23.0	 33.0	2.000	 2.0	 0.0
1	2011	325	20208.0	 23.0	 34.0	3.000	 2.0	 0.0
1	2011	326	19165.0	 23.0	 33.0	3.000	 2.0	 0.0
1	2011	327	20578.0	 23.0	 33.0	2.000	 2.0	 0.0
1	2011	328	18787.0	 23.0	 32.0	2.000	 2.0	 0.0
1	2011	329	16847.0	 23.0	 31.0	3.000	 2.0	 1.0
1	2011	330	17607.0	 22.0	 31.0	2.000	 2.0	 1.0
1	2011	331	18778.0	 22.0	 32.0	2.000	 2.0	 0.0
1	2011	332	18605.0	 22.0	 33.0	2.000	 1.0	 0.0
1	2011	333	19082.0	 23.0	 33.0	2.000	 1.0	 0.0
1	2011	334	20140.0	 22.0	 33.0	2.000	 1.0	 0.0
1	2011	335	22252.0	 21.0	 34.0	2.000	 1.0	 0.0
1	2011	336	22669.0	 19.0	 34.0	1.000	 0.0	 0.0
1	2011	337	22707.0	 20.0	 34.0	2.000	 1.0	 0.0
1	2011	338	22524.0	 18.0	 34.0	1.000	 0.0	 0.0
1	2011	339	19706.0	 21.0	 33.0	2.000	 1.0	 0.0
1	2011	340	19923.0	 21.0	 34.0	2.000	 1.0	 0.0
1	2011	341	20123.0	 22.0	 34.0	2.000	 1.0	 0.0
1	2011	342	20337.0	 22.0	 34.0	2.000	 0.0	 0.0
1	2011	343	21854.0	 20.0	 34.0	2.000	 0.0	 0.0
1	2011	344	21479.0	 20.0	 33.0	2.000	 0.0	 0.0
1	2011	345	22192.0	 20.0	 34.0	1.000	 1.0	 0.0
1	2011	346	22124.0	 19.0	 33.0	1.000	 1.0	 0.0
1	2011	347	22326.0	 19.0	 33.0	1.000	 2.0	 0.0
1	2011	348	22332.0	 18.0	 33.0	1.000	 1.0	 0.0
1	2011	349	21974.0	 20.0	 33.0	1.000	 1.0	 0.0
1	2011	350	22379.0	 19.0	 33.0	1.000	 2.0	 0.0
1	2011	351	21860.0	 18.0	 34.0	1.000	 1.0	 0.0
1	2011	352	21131.0	 19.0	 33.0	2.000	 1.0	 0.0
1	2011	353	19953.0	 21.0	 34.0	2.000	 1.0	 0.0
1	2011	354	19135.0	 22.0	 35.0	2.000	 1.0	 0.0
1	2011	355	20732.0	 22.0	 34.0	2.000	 1.0	 0.0
1	2011	356	21260.0	 21.0	 34.0	1.000	 1.0	 0.0
1	2011	357	21388.0	 21.0	 34.0	1.000	 1.0	 0.0
1	2011	358	21892.0	 20.0	 34.0	1.000	 1.0	 0.0
1	2011	359	21645.0	 19.0	 34.0	1.000	 1.0	 0.0
1	2011	360	21283.0	 20.0	 35.0	1.000	 1.0	 0.0
1	2011	361	20944.0	 22.0	 35.0	2.000	 1.0	 0.0
1	2011	362	21425.0	 21.0	 35.0	1.000	 1.0	 0.0
1	2011	363	20249.0	 21.0	 33.0	1.000	 1.0	 0.0
1	2011	364	22059.0	 19.0	 33.0	1.000	 2.0	 0.0
1	2011	365	22244.0	 19.0	 33.0	1.000	 3.0	 0.0
