*---------------------------------------------------
* Station: Brong_Ahafo
* Year: 2016
* Origin: ERA5-Reanalysis
* Columns & units
* ===================
* 1. station number
* 2. year
* 3. Day of Year
* 4. Irradiance   (kJ路m-2路d-1)
* 5. Daily minimum temperature (degC)
* 6. Daily maximum temperature (degC)
* 7. Vapour pressure (kPa)
* 8. Mean wind speed (m路s-1)
* 9. Precipitation (mm路d-1)
** WCCDESCRIPTION=Brong_Ahafo
** WCCFORMAT=2
** WCCYEARNR=2016
*------------------------------------------------------------*
-1.67  7.70  360.00 -0.18  -0.55
1	2016	1	21737.0	 20.0	 34.0	1.000	 2.0	 0.0
1	2016	2	21680.0	 21.0	 34.0	1.000	 2.0	 0.0
1	2016	3	21918.0	 20.0	 34.0	1.000	 3.0	 0.0
1	2016	4	21812.0	 20.0	 35.0	1.000	 3.0	 0.0
1	2016	5	21539.0	 20.0	 34.0	1.000	 2.0	 0.0
1	2016	6	22016.0	 22.0	 32.0	1.000	 4.0	 0.0
1	2016	7	21989.0	 20.0	 34.0	1.000	 3.0	 0.0
1	2016	8	21887.0	 22.0	 36.0	1.000	 3.0	 0.0
1	2016	9	22087.0	 21.0	 36.0	1.000	 1.0	 0.0
1	2016	10	21768.0	 21.0	 36.0	2.000	 0.0	 0.0
1	2016	11	22102.0	 21.0	 37.0	2.000	 1.0	 0.0
1	2016	12	21730.0	 23.0	 36.0	2.000	 1.0	 0.0
1	2016	13	21606.0	 23.0	 36.0	2.000	 0.0	 0.0
1	2016	14	22321.0	 21.0	 35.0	2.000	 1.0	 0.0
1	2016	15	21765.0	 22.0	 35.0	2.000	 1.0	 0.0
1	2016	16	22032.0	 21.0	 36.0	1.000	 0.0	 0.0
1	2016	17	21818.0	 22.0	 35.0	2.000	 0.0	 0.0
1	2016	18	20669.0	 22.0	 35.0	2.000	 0.0	 0.0
1	2016	19	20372.0	 23.0	 35.0	2.000	 0.0	 0.0
1	2016	20	20191.0	 24.0	 36.0	2.000	 1.0	 1.0
1	2016	21	20690.0	 24.0	 36.0	2.000	 1.0	 0.0
1	2016	22	23334.0	 20.0	 35.0	1.000	 2.0	 0.0
1	2016	23	20556.0	 20.0	 35.0	1.000	 3.0	 0.0
1	2016	24	22824.0	 20.0	 35.0	1.000	 3.0	 0.0
1	2016	25	22844.0	 20.0	 35.0	1.000	 2.0	 0.0
1	2016	26	23206.0	 21.0	 35.0	1.000	 3.0	 0.0
1	2016	27	23047.0	 20.0	 34.0	1.000	 2.0	 0.0
1	2016	28	23371.0	 19.0	 34.0	1.000	 3.0	 0.0
1	2016	29	23352.0	 21.0	 34.0	1.000	 3.0	 0.0
1	2016	30	23486.0	 21.0	 35.0	1.000	 3.0	 0.0
1	2016	31	23589.0	 19.0	 35.0	1.000	 2.0	 0.0
1	2016	32	23988.0	 20.0	 36.0	1.000	 2.0	 0.0
1	2016	33	24374.0	 20.0	 35.0	0.000	 3.0	 0.0
1	2016	34	24226.0	 19.0	 36.0	1.000	 2.0	 0.0
1	2016	35	23842.0	 20.0	 37.0	1.000	 1.0	 0.0
1	2016	36	23984.0	 21.0	 37.0	1.000	 2.0	 0.0
1	2016	37	24145.0	 21.0	 38.0	1.000	 2.0	 0.0
1	2016	38	24125.0	 21.0	 37.0	1.000	 3.0	 0.0
1	2016	39	24488.0	 20.0	 36.0	1.000	 2.0	 0.0
1	2016	40	24541.0	 20.0	 36.0	1.000	 2.0	 0.0
1	2016	41	25011.0	 21.0	 37.0	1.000	 3.0	 0.0
1	2016	42	24968.0	 20.0	 37.0	1.000	 1.0	 0.0
1	2016	43	24805.0	 19.0	 36.0	1.000	 2.0	 0.0
1	2016	44	24492.0	 19.0	 37.0	1.000	 1.0	 0.0
1	2016	45	23247.0	 23.0	 36.0	2.000	 1.0	 0.0
1	2016	46	21709.0	 23.0	 37.0	2.000	 2.0	 0.0
1	2016	47	20340.0	 25.0	 37.0	2.000	 1.0	 0.0
1	2016	48	22772.0	 24.0	 38.0	2.000	 1.0	 0.0
1	2016	49	21870.0	 25.0	 38.0	2.000	 1.0	 0.0
1	2016	50	22808.0	 25.0	 38.0	2.000	 1.0	 0.0
1	2016	51	23203.0	 25.0	 39.0	2.000	 1.0	 0.0
1	2016	52	21362.0	 25.0	 37.0	2.000	 2.0	 0.0
1	2016	53	22069.0	 26.0	 38.0	2.000	 1.0	 0.0
1	2016	54	22661.0	 26.0	 39.0	2.000	 1.0	 0.0
1	2016	55	23378.0	 26.0	 39.0	2.000	 1.0	 0.0
1	2016	56	20960.0	 26.0	 37.0	2.000	 2.0	 0.0
1	2016	57	21111.0	 26.0	 37.0	2.000	 2.0	 0.0
1	2016	58	19672.0	 26.0	 37.0	3.000	 2.0	 3.0
1	2016	59	21378.0	 25.0	 36.0	3.000	 2.0	11.0
1	2016	60	20289.0	 24.0	 36.0	3.000	 2.0	 9.0
1	2016	61	15244.0	 23.0	 34.0	3.000	 1.0	15.0
1	2016	62	23959.0	 24.0	 37.0	2.000	 0.0	 0.0
1	2016	63	23895.0	 24.0	 36.0	2.000	 2.0	 0.0
1	2016	64	22635.0	 25.0	 35.0	3.000	 3.0	 0.0
1	2016	65	23913.0	 25.0	 37.0	2.000	 3.0	 0.0
1	2016	66	22693.0	 25.0	 36.0	2.000	 3.0	 0.0
1	2016	67	21056.0	 26.0	 36.0	3.000	 2.0	 1.0
1	2016	68	21016.0	 25.0	 36.0	3.000	 2.0	 1.0
1	2016	69	21974.0	 25.0	 37.0	3.000	 2.0	 1.0
1	2016	70	22074.0	 26.0	 36.0	3.000	 3.0	 5.0
1	2016	71	20892.0	 25.0	 35.0	3.000	 3.0	 8.0
1	2016	72	21488.0	 24.0	 35.0	3.000	 2.0	10.0
1	2016	73	21620.0	 24.0	 35.0	3.000	 2.0	19.0
1	2016	74	19475.0	 24.0	 33.0	3.000	 2.0	 6.0
1	2016	75	21671.0	 24.0	 34.0	3.000	 1.0	 1.0
1	2016	76	18807.0	 25.0	 33.0	3.000	 1.0	 2.0
1	2016	77	21319.0	 24.0	 34.0	3.000	 2.0	16.0
1	2016	78	18054.0	 23.0	 33.0	3.000	 1.0	11.0
1	2016	79	20423.0	 24.0	 34.0	3.000	 2.0	 8.0
1	2016	80	22206.0	 25.0	 35.0	3.000	 2.0	 6.0
1	2016	81	21186.0	 25.0	 33.0	3.000	 2.0	10.0
1	2016	82	18610.0	 24.0	 32.0	3.000	 2.0	 6.0
1	2016	83	18313.0	 24.0	 32.0	3.000	 2.0	 8.0
1	2016	84	16012.0	 24.0	 32.0	3.000	 3.0	 5.0
1	2016	85	20022.0	 24.0	 34.0	3.000	 2.0	12.0
1	2016	86	20090.0	 24.0	 33.0	3.000	 1.0	12.0
1	2016	87	22402.0	 24.0	 35.0	3.000	 2.0	 1.0
1	2016	88	20149.0	 25.0	 33.0	3.000	 2.0	 3.0
1	2016	89	21772.0	 25.0	 36.0	3.000	 2.0	 2.0
1	2016	90	21190.0	 25.0	 35.0	3.000	 3.0	 3.0
1	2016	91	17274.0	 25.0	 32.0	3.000	 3.0	 1.0
1	2016	92	19295.0	 25.0	 33.0	3.000	 3.0	 8.0
1	2016	93	18586.0	 24.0	 33.0	3.000	 2.0	 1.0
1	2016	94	22121.0	 25.0	 34.0	3.000	 2.0	 1.0
1	2016	95	18013.0	 25.0	 33.0	3.000	 3.0	 1.0
1	2016	96	16754.0	 24.0	 32.0	3.000	 3.0	10.0
1	2016	97	22530.0	 24.0	 34.0	3.000	 3.0	 4.0
1	2016	98	17659.0	 25.0	 32.0	3.000	 3.0	 1.0
1	2016	99	18683.0	 24.0	 33.0	3.000	 2.0	 5.0
1	2016	100	18339.0	 24.0	 32.0	3.000	 1.0	11.0
1	2016	101	13779.0	 23.0	 32.0	3.000	 1.0	 0.0
1	2016	102	21685.0	 25.0	 34.0	3.000	 2.0	 1.0
1	2016	103	19740.0	 25.0	 33.0	3.000	 1.0	 1.0
1	2016	104	17849.0	 24.0	 33.0	3.000	 2.0	 1.0
1	2016	105	21059.0	 25.0	 35.0	3.000	 2.0	16.0
1	2016	106	19507.0	 24.0	 33.0	3.000	 2.0	 1.0
1	2016	107	17560.0	 24.0	 32.0	3.000	 2.0	 3.0
1	2016	108	22653.0	 24.0	 34.0	3.000	 2.0	 1.0
1	2016	109	16437.0	 24.0	 32.0	3.000	 2.0	 1.0
1	2016	110	23745.0	 24.0	 36.0	3.000	 2.0	 1.0
1	2016	111	21437.0	 25.0	 35.0	3.000	 2.0	 5.0
1	2016	112	19689.0	 23.0	 34.0	3.000	 2.0	13.0
1	2016	113	23847.0	 25.0	 35.0	3.000	 2.0	 0.0
1	2016	114	24571.0	 25.0	 35.0	3.000	 3.0	 0.0
1	2016	115	23640.0	 25.0	 34.0	3.000	 3.0	 0.0
1	2016	116	23874.0	 25.0	 35.0	3.000	 3.0	 0.0
1	2016	117	22566.0	 25.0	 34.0	3.000	 3.0	 0.0
1	2016	118	21165.0	 25.0	 34.0	3.000	 2.0	 2.0
1	2016	119	19761.0	 24.0	 33.0	3.000	 1.0	 2.0
1	2016	120	20173.0	 24.0	 33.0	3.000	 2.0	 0.0
1	2016	121	22872.0	 25.0	 34.0	3.000	 2.0	 0.0
1	2016	122	22779.0	 25.0	 34.0	3.000	 3.0	 0.0
1	2016	123	15292.0	 25.0	 32.0	3.000	 3.0	 1.0
1	2016	124	23265.0	 25.0	 35.0	3.000	 2.0	 0.0
1	2016	125	22825.0	 25.0	 34.0	3.000	 3.0	 0.0
1	2016	126	23212.0	 25.0	 34.0	3.000	 3.0	 0.0
1	2016	127	20661.0	 25.0	 33.0	3.000	 3.0	 7.0
1	2016	128	18131.0	 24.0	 32.0	3.000	 2.0	 0.0
1	2016	129	23168.0	 24.0	 34.0	3.000	 2.0	 5.0
1	2016	130	21837.0	 24.0	 33.0	3.000	 2.0	 5.0
1	2016	131	22534.0	 24.0	 34.0	3.000	 2.0	 1.0
1	2016	132	23107.0	 25.0	 35.0	3.000	 2.0	 2.0
1	2016	133	19441.0	 25.0	 34.0	3.000	 2.0	 7.0
1	2016	134	19618.0	 24.0	 33.0	3.000	 3.0	 0.0
1	2016	135	18088.0	 25.0	 33.0	3.000	 2.0	 1.0
1	2016	136	17530.0	 24.0	 32.0	3.000	 2.0	 1.0
1	2016	137	14237.0	 24.0	 31.0	3.000	 2.0	 0.0
1	2016	138	18955.0	 24.0	 32.0	3.000	 2.0	 8.0
1	2016	139	15756.0	 24.0	 31.0	3.000	 3.0	 1.0
1	2016	140	18653.0	 23.0	 32.0	3.000	 2.0	 2.0
1	2016	141	21365.0	 24.0	 33.0	3.000	 2.0	 1.0
1	2016	142	20517.0	 25.0	 33.0	3.000	 2.0	 2.0
1	2016	143	14642.0	 24.0	 31.0	3.000	 3.0	 3.0
1	2016	144	10749.0	 24.0	 27.0	3.000	 3.0	 9.0
1	2016	145	4855.0	 23.0	 25.0	3.000	 3.0	37.0
1	2016	146	17241.0	 22.0	 30.0	3.000	 2.0	 2.0
1	2016	147	20418.0	 23.0	 32.0	3.000	 1.0	 4.0
1	2016	148	16388.0	 23.0	 32.0	3.000	 2.0	 1.0
1	2016	149	17953.0	 24.0	 32.0	3.000	 2.0	 1.0
1	2016	150	15920.0	 23.0	 31.0	3.000	 2.0	 7.0
1	2016	151	18462.0	 23.0	 30.0	3.000	 2.0	 1.0
1	2016	152	21203.0	 22.0	 32.0	3.000	 1.0	 2.0
1	2016	153	21257.0	 23.0	 32.0	3.000	 2.0	 2.0
1	2016	154	20821.0	 24.0	 32.0	3.000	 2.0	 3.0
1	2016	155	18094.0	 23.0	 31.0	3.000	 2.0	 1.0
1	2016	156	19295.0	 23.0	 32.0	3.000	 2.0	 0.0
1	2016	157	20687.0	 23.0	 32.0	3.000	 1.0	 2.0
1	2016	158	13069.0	 23.0	 31.0	3.000	 1.0	 0.0
1	2016	159	16873.0	 23.0	 32.0	3.000	 2.0	 7.0
1	2016	160	21264.0	 23.0	 33.0	3.000	 2.0	 0.0
1	2016	161	16566.0	 24.0	 31.0	3.000	 2.0	 3.0
1	2016	162	7442.0	 22.0	 25.0	3.000	 2.0	68.0
1	2016	163	14567.0	 22.0	 30.0	3.000	 3.0	 1.0
1	2016	164	16057.0	 23.0	 30.0	3.000	 3.0	 1.0
1	2016	165	18575.0	 22.0	 30.0	3.000	 2.0	 3.0
1	2016	166	15749.0	 23.0	 29.0	3.000	 3.0	 0.0
1	2016	167	15021.0	 22.0	 29.0	3.000	 3.0	 0.0
1	2016	168	11719.0	 22.0	 27.0	3.000	 2.0	11.0
1	2016	169	14257.0	 21.0	 29.0	3.000	 2.0	 5.0
1	2016	170	15950.0	 22.0	 29.0	3.000	 2.0	 1.0
1	2016	171	17316.0	 23.0	 31.0	3.000	 3.0	 3.0
1	2016	172	14945.0	 22.0	 28.0	3.000	 4.0	10.0
1	2016	173	14841.0	 22.0	 28.0	3.000	 3.0	 8.0
1	2016	174	18749.0	 22.0	 29.0	3.000	 2.0	 2.0
1	2016	175	18012.0	 22.0	 30.0	3.000	 2.0	 2.0
1	2016	176	14875.0	 22.0	 29.0	3.000	 2.0	 6.0
1	2016	177	14839.0	 22.0	 28.0	3.000	 2.0	 7.0
1	2016	178	17388.0	 22.0	 29.0	3.000	 2.0	 1.0
1	2016	179	16943.0	 23.0	 30.0	3.000	 2.0	11.0
1	2016	180	10254.0	 22.0	 27.0	3.000	 2.0	11.0
1	2016	181	16029.0	 22.0	 29.0	3.000	 2.0	 1.0
1	2016	182	12706.0	 23.0	 29.0	3.000	 3.0	 2.0
1	2016	183	16550.0	 22.0	 30.0	3.000	 2.0	 1.0
1	2016	184	18494.0	 23.0	 31.0	3.000	 2.0	 1.0
1	2016	185	14580.0	 23.0	 29.0	3.000	 2.0	21.0
1	2016	186	16513.0	 23.0	 30.0	3.000	 3.0	 3.0
1	2016	187	17416.0	 23.0	 31.0	3.000	 2.0	 1.0
1	2016	188	18428.0	 22.0	 31.0	3.000	 2.0	 7.0
1	2016	189	17223.0	 22.0	 30.0	3.000	 2.0	 4.0
1	2016	190	20000.0	 22.0	 31.0	3.000	 2.0	 1.0
1	2016	191	14845.0	 23.0	 30.0	3.000	 3.0	 2.0
1	2016	192	14263.0	 22.0	 30.0	3.000	 3.0	 1.0
1	2016	193	12768.0	 22.0	 27.0	3.000	 3.0	 1.0
1	2016	194	17793.0	 22.0	 29.0	2.000	 3.0	 0.0
1	2016	195	9813.0	 22.0	 27.0	2.000	 2.0	 1.0
1	2016	196	10401.0	 22.0	 26.0	2.000	 3.0	 1.0
1	2016	197	15704.0	 22.0	 29.0	2.000	 3.0	 1.0
1	2016	198	20352.0	 22.0	 31.0	3.000	 2.0	 1.0
1	2016	199	14315.0	 22.0	 29.0	3.000	 2.0	 1.0
1	2016	200	18488.0	 22.0	 30.0	3.000	 2.0	 1.0
1	2016	201	20276.0	 23.0	 31.0	3.000	 2.0	 8.0
1	2016	202	11870.0	 22.0	 28.0	3.000	 3.0	 1.0
1	2016	203	19573.0	 22.0	 30.0	3.000	 3.0	 5.0
1	2016	204	18298.0	 22.0	 30.0	3.000	 2.0	 0.0
1	2016	205	14708.0	 22.0	 28.0	3.000	 2.0	15.0
1	2016	206	7614.0	 21.0	 24.0	3.000	 2.0	10.0
1	2016	207	16162.0	 21.0	 28.0	3.000	 2.0	10.0
1	2016	208	11450.0	 22.0	 28.0	3.000	 2.0	 5.0
1	2016	209	17134.0	 22.0	 29.0	3.000	 2.0	 4.0
1	2016	210	12752.0	 22.0	 27.0	3.000	 2.0	 7.0
1	2016	211	13794.0	 22.0	 29.0	3.000	 2.0	 4.0
1	2016	212	19112.0	 22.0	 30.0	3.000	 2.0	 5.0
1	2016	213	16202.0	 22.0	 30.0	3.000	 2.0	 1.0
1	2016	214	18871.0	 22.0	 30.0	3.000	 2.0	 4.0
1	2016	215	20021.0	 22.0	 31.0	3.000	 2.0	 1.0
1	2016	216	15646.0	 22.0	 28.0	3.000	 2.0	 1.0
1	2016	217	16249.0	 22.0	 29.0	3.000	 2.0	 1.0
1	2016	218	16904.0	 23.0	 30.0	3.000	 2.0	 2.0
1	2016	219	14395.0	 22.0	 30.0	3.000	 2.0	 1.0
1	2016	220	14550.0	 22.0	 29.0	3.000	 3.0	11.0
1	2016	221	17747.0	 22.0	 30.0	3.000	 2.0	 1.0
1	2016	222	17231.0	 23.0	 30.0	3.000	 2.0	 2.0
1	2016	223	16260.0	 22.0	 29.0	3.000	 2.0	 1.0
1	2016	224	18126.0	 22.0	 31.0	3.000	 1.0	15.0
1	2016	225	17867.0	 22.0	 30.0	3.000	 1.0	 6.0
1	2016	226	15330.0	 23.0	 28.0	3.000	 2.0	 2.0
1	2016	227	19004.0	 22.0	 30.0	3.000	 2.0	 1.0
1	2016	228	9372.0	 23.0	 27.0	2.000	 2.0	 1.0
1	2016	229	16048.0	 23.0	 29.0	2.000	 2.0	 1.0
1	2016	230	12612.0	 22.0	 27.0	2.000	 2.0	 4.0
1	2016	231	6467.0	 22.0	 26.0	3.000	 2.0	 1.0
1	2016	232	12553.0	 22.0	 29.0	3.000	 2.0	 1.0
1	2016	233	18286.0	 22.0	 30.0	3.000	 1.0	 6.0
1	2016	234	18592.0	 22.0	 31.0	3.000	 2.0	 8.0
1	2016	235	14102.0	 22.0	 30.0	3.000	 2.0	 0.0
1	2016	236	16081.0	 23.0	 30.0	3.000	 2.0	 1.0
1	2016	237	18151.0	 23.0	 30.0	3.000	 2.0	 2.0
1	2016	238	17907.0	 22.0	 30.0	3.000	 2.0	 5.0
1	2016	239	16188.0	 22.0	 30.0	3.000	 1.0	15.0
1	2016	240	14000.0	 22.0	 29.0	3.000	 2.0	 7.0
1	2016	241	11469.0	 21.0	 27.0	3.000	 3.0	17.0
1	2016	242	17526.0	 22.0	 29.0	3.000	 2.0	 1.0
1	2016	243	14857.0	 22.0	 28.0	3.000	 1.0	24.0
1	2016	244	16819.0	 21.0	 31.0	3.000	 1.0	 5.0
1	2016	245	12976.0	 22.0	 29.0	3.000	 1.0	 2.0
1	2016	246	19608.0	 22.0	 32.0	3.000	 1.0	 4.0
1	2016	247	15801.0	 22.0	 29.0	3.000	 1.0	 7.0
1	2016	248	15218.0	 22.0	 29.0	3.000	 1.0	11.0
1	2016	249	11338.0	 22.0	 26.0	3.000	 2.0	21.0
1	2016	250	15651.0	 22.0	 30.0	3.000	 1.0	 6.0
1	2016	251	19195.0	 22.0	 31.0	3.000	 1.0	 5.0
1	2016	252	16625.0	 22.0	 30.0	3.000	 1.0	 4.0
1	2016	253	18701.0	 21.0	 31.0	3.000	 1.0	 5.0
1	2016	254	14757.0	 22.0	 29.0	3.000	 1.0	 9.0
1	2016	255	13461.0	 22.0	 28.0	3.000	 2.0	21.0
1	2016	256	14903.0	 21.0	 29.0	3.000	 2.0	 1.0
1	2016	257	17152.0	 21.0	 31.0	3.000	 1.0	11.0
1	2016	258	10168.0	 22.0	 26.0	3.000	 2.0	11.0
1	2016	259	11905.0	 22.0	 28.0	3.000	 2.0	10.0
1	2016	260	15251.0	 22.0	 30.0	3.000	 1.0	 2.0
1	2016	261	16281.0	 21.0	 29.0	3.000	 1.0	12.0
1	2016	262	18540.0	 22.0	 30.0	3.000	 1.0	 4.0
1	2016	263	19618.0	 22.0	 30.0	3.000	 1.0	 2.0
1	2016	264	10966.0	 22.0	 27.0	3.000	 0.0	 4.0
1	2016	265	11802.0	 21.0	 29.0	3.000	 1.0	 4.0
1	2016	266	13236.0	 22.0	 29.0	3.000	 1.0	 2.0
1	2016	267	16869.0	 22.0	 30.0	3.000	 1.0	24.0
1	2016	268	15386.0	 22.0	 30.0	3.000	 1.0	 4.0
1	2016	269	11627.0	 22.0	 28.0	3.000	 1.0	40.0
1	2016	270	12671.0	 22.0	 28.0	3.000	 1.0	 6.0
1	2016	271	15995.0	 22.0	 29.0	3.000	 1.0	 6.0
1	2016	272	16000.0	 22.0	 30.0	3.000	 1.0	 2.0
1	2016	273	17048.0	 22.0	 29.0	3.000	 1.0	 3.0
1	2016	274	14787.0	 23.0	 29.0	3.000	 1.0	 4.0
1	2016	275	16554.0	 22.0	 31.0	3.000	 1.0	 8.0
1	2016	276	9990.0	 22.0	 27.0	3.000	 1.0	10.0
1	2016	277	12186.0	 22.0	 29.0	3.000	 1.0	 1.0
1	2016	278	20213.0	 23.0	 32.0	3.000	 1.0	 0.0
1	2016	279	21244.0	 22.0	 32.0	3.000	 1.0	 2.0
1	2016	280	21421.0	 23.0	 32.0	3.000	 1.0	 1.0
1	2016	281	19343.0	 23.0	 32.0	3.000	 1.0	10.0
1	2016	282	12191.0	 22.0	 28.0	3.000	 1.0	15.0
1	2016	283	10679.0	 22.0	 29.0	3.000	 1.0	 3.0
1	2016	284	14861.0	 22.0	 31.0	3.000	 2.0	 0.0
1	2016	285	20951.0	 22.0	 33.0	3.000	 1.0	 5.0
1	2016	286	14503.0	 22.0	 30.0	3.000	 1.0	 2.0
1	2016	287	17947.0	 22.0	 31.0	3.000	 1.0	 2.0
1	2016	288	16695.0	 23.0	 30.0	3.000	 1.0	 7.0
1	2016	289	21102.0	 22.0	 32.0	3.000	 1.0	 2.0
1	2016	290	20838.0	 22.0	 32.0	3.000	 1.0	 1.0
1	2016	291	20330.0	 23.0	 32.0	3.000	 2.0	 2.0
1	2016	292	19629.0	 23.0	 32.0	3.000	 2.0	 1.0
1	2016	293	20477.0	 22.0	 31.0	3.000	 2.0	 4.0
1	2016	294	20682.0	 22.0	 32.0	3.000	 1.0	 1.0
1	2016	295	21805.0	 23.0	 32.0	3.000	 2.0	 7.0
1	2016	296	16127.0	 22.0	 30.0	3.000	 1.0	14.0
1	2016	297	22646.0	 22.0	 32.0	3.000	 1.0	 0.0
1	2016	298	23826.0	 23.0	 34.0	3.000	 1.0	 0.0
1	2016	299	22030.0	 23.0	 33.0	3.000	 2.0	 2.0
1	2016	300	19636.0	 23.0	 31.0	3.000	 2.0	 8.0
1	2016	301	21131.0	 22.0	 32.0	3.000	 1.0	 0.0
1	2016	302	19410.0	 22.0	 32.0	3.000	 2.0	 1.0
1	2016	303	17242.0	 23.0	 30.0	3.000	 2.0	 3.0
1	2016	304	18854.0	 22.0	 31.0	3.000	 2.0	 9.0
1	2016	305	18750.0	 22.0	 31.0	3.000	 1.0	 6.0
1	2016	306	19448.0	 22.0	 32.0	3.000	 1.0	 5.0
1	2016	307	14641.0	 22.0	 29.0	3.000	 2.0	 4.0
1	2016	308	20928.0	 23.0	 33.0	3.000	 1.0	 3.0
1	2016	309	20644.0	 23.0	 32.0	3.000	 1.0	 0.0
1	2016	310	20330.0	 23.0	 33.0	3.000	 1.0	 0.0
1	2016	311	19413.0	 23.0	 31.0	3.000	 1.0	 0.0
1	2016	312	18141.0	 23.0	 32.0	3.000	 2.0	 0.0
1	2016	313	20249.0	 23.0	 32.0	3.000	 1.0	 0.0
1	2016	314	22123.0	 22.0	 34.0	2.000	 1.0	 0.0
1	2016	315	23104.0	 22.0	 34.0	2.000	 1.0	 0.0
1	2016	316	21769.0	 22.0	 33.0	2.000	 2.0	 0.0
1	2016	317	19455.0	 22.0	 32.0	2.000	 2.0	 0.0
1	2016	318	18873.0	 23.0	 32.0	3.000	 1.0	 1.0
1	2016	319	20283.0	 23.0	 33.0	3.000	 1.0	 1.0
1	2016	320	20909.0	 22.0	 34.0	2.000	 1.0	 0.0
1	2016	321	19465.0	 23.0	 33.0	3.000	 1.0	 0.0
1	2016	322	19798.0	 23.0	 34.0	3.000	 2.0	 0.0
1	2016	323	19403.0	 23.0	 33.0	3.000	 2.0	 0.0
1	2016	324	19573.0	 23.0	 33.0	3.000	 2.0	 0.0
1	2016	325	20443.0	 23.0	 35.0	3.000	 2.0	 0.0
1	2016	326	19134.0	 24.0	 33.0	3.000	 2.0	 0.0
1	2016	327	17113.0	 23.0	 32.0	3.000	 2.0	 1.0
1	2016	328	17803.0	 23.0	 32.0	3.000	 1.0	 7.0
1	2016	329	19257.0	 23.0	 34.0	3.000	 1.0	 0.0
1	2016	330	18586.0	 24.0	 35.0	3.000	 1.0	 0.0
1	2016	331	17997.0	 24.0	 34.0	3.000	 2.0	 0.0
1	2016	332	16208.0	 24.0	 31.0	3.000	 2.0	 0.0
1	2016	333	19114.0	 23.0	 33.0	3.000	 2.0	 1.0
1	2016	334	19725.0	 23.0	 33.0	3.000	 2.0	 0.0
1	2016	335	18223.0	 24.0	 33.0	3.000	 1.0	 0.0
1	2016	336	17986.0	 23.0	 34.0	3.000	 2.0	 0.0
1	2016	337	20271.0	 23.0	 35.0	2.000	 1.0	 0.0
1	2016	338	19100.0	 23.0	 34.0	2.000	 0.0	 0.0
1	2016	339	22084.0	 21.0	 35.0	2.000	 1.0	 0.0
1	2016	340	18436.0	 23.0	 33.0	2.000	 2.0	 0.0
1	2016	341	18566.0	 23.0	 34.0	2.000	 1.0	 0.0
1	2016	342	19399.0	 23.0	 34.0	2.000	 1.0	 0.0
1	2016	343	20456.0	 23.0	 36.0	2.000	 1.0	 0.0
1	2016	344	19362.0	 23.0	 35.0	2.000	 1.0	 0.0
1	2016	345	21407.0	 22.0	 36.0	2.000	 1.0	 0.0
1	2016	346	20362.0	 23.0	 34.0	2.000	 1.0	 0.0
1	2016	347	17865.0	 23.0	 35.0	3.000	 1.0	 5.0
1	2016	348	19591.0	 22.0	 35.0	2.000	 1.0	 0.0
1	2016	349	20741.0	 23.0	 36.0	2.000	 1.0	 0.0
1	2016	350	18718.0	 23.0	 34.0	2.000	 2.0	 0.0
1	2016	351	18364.0	 22.0	 33.0	2.000	 1.0	 0.0
1	2016	352	17575.0	 23.0	 33.0	2.000	 2.0	 0.0
1	2016	353	16252.0	 23.0	 33.0	3.000	 2.0	 6.0
1	2016	354	20262.0	 23.0	 35.0	2.000	 1.0	 0.0
1	2016	355	19026.0	 24.0	 35.0	2.000	 1.0	 0.0
1	2016	356	20808.0	 23.0	 36.0	2.000	 1.0	 0.0
1	2016	357	20597.0	 24.0	 36.0	2.000	 1.0	 0.0
1	2016	358	21870.0	 21.0	 36.0	1.000	 1.0	 0.0
1	2016	359	21509.0	 20.0	 35.0	2.000	 1.0	 0.0
1	2016	360	20638.0	 22.0	 35.0	2.000	 0.0	 0.0
1	2016	361	21949.0	 22.0	 35.0	1.000	 3.0	 0.0
1	2016	362	21889.0	 20.0	 34.0	1.000	 2.0	 0.0
1	2016	363	21402.0	 21.0	 35.0	1.000	 2.0	 0.0
1	2016	364	21852.0	 21.0	 35.0	1.000	 2.0	 0.0
1	2016	365	21875.0	 20.0	 35.0	1.000	 1.0	 0.0
1	2016	366	21967.0	 20.0	 35.0	1.000	 2.0	 0.0
