*---------------------------------------------------
* Station: Brong_Ahafo
* Year: 2012
* Origin: ERA5-Reanalysis
* Columns & units
* ===================
* 1. station number
* 2. year
* 3. Day of Year
* 4. Irradiance   (kJ路m-2路d-1)
* 5. Daily minimum temperature (degC)
* 6. Daily maximum temperature (degC)
* 7. Vapour pressure (kPa)
* 8. Mean wind speed (m路s-1)
* 9. Precipitation (mm路d-1)
** WCCDESCRIPTION=Brong_Ahafo
** WCCFORMAT=2
** WCCYEARNR=2012
*------------------------------------------------------------*
-1.67  7.70  360.00 -0.18  -0.55
1	2012	1	22194.0	 20.0	 35.0	1.000	 2.0	 0.0
1	2012	2	21698.0	 19.0	 35.0	1.000	 1.0	 0.0
1	2012	3	21194.0	 21.0	 34.0	2.000	 0.0	 0.0
1	2012	4	22407.0	 20.0	 35.0	1.000	 2.0	 0.0
1	2012	5	22402.0	 19.0	 34.0	1.000	 2.0	 0.0
1	2012	6	22184.0	 20.0	 34.0	1.000	 2.0	 0.0
1	2012	7	22484.0	 20.0	 35.0	1.000	 2.0	 0.0
1	2012	8	22666.0	 19.0	 34.0	1.000	 2.0	 0.0
1	2012	9	22442.0	 18.0	 35.0	1.000	 1.0	 0.0
1	2012	10	22316.0	 20.0	 35.0	1.000	 1.0	 0.0
1	2012	11	22860.0	 20.0	 35.0	1.000	 2.0	 0.0
1	2012	12	23017.0	 19.0	 34.0	1.000	 2.0	 0.0
1	2012	13	23062.0	 19.0	 34.0	1.000	 3.0	 0.0
1	2012	14	23038.0	 19.0	 33.0	1.000	 3.0	 0.0
1	2012	15	23048.0	 19.0	 34.0	1.000	 3.0	 0.0
1	2012	16	22927.0	 19.0	 34.0	1.000	 3.0	 0.0
1	2012	17	23064.0	 18.0	 34.0	1.000	 2.0	 0.0
1	2012	18	22780.0	 18.0	 35.0	1.000	 1.0	 0.0
1	2012	19	19509.0	 20.0	 34.0	2.000	 2.0	 0.0
1	2012	20	18430.0	 23.0	 33.0	2.000	 2.0	 0.0
1	2012	21	14975.0	 22.0	 31.0	2.000	 1.0	 2.0
1	2012	22	21370.0	 21.0	 34.0	1.000	 2.0	 0.0
1	2012	23	21526.0	 21.0	 34.0	1.000	 2.0	 0.0
1	2012	24	22850.0	 21.0	 36.0	1.000	 2.0	 0.0
1	2012	25	23115.0	 20.0	 36.0	1.000	 1.0	 0.0
1	2012	26	23020.0	 21.0	 36.0	1.000	 1.0	 0.0
1	2012	27	19568.0	 23.0	 34.0	2.000	 2.0	 0.0
1	2012	28	20298.0	 23.0	 35.0	2.000	 1.0	 0.0
1	2012	29	20444.0	 24.0	 35.0	2.000	 1.0	 0.0
1	2012	30	20635.0	 23.0	 35.0	2.000	 1.0	 0.0
1	2012	31	20526.0	 23.0	 36.0	2.000	 1.0	 0.0
1	2012	32	21359.0	 24.0	 36.0	2.000	 1.0	 0.0
1	2012	33	20722.0	 24.0	 35.0	2.000	 1.0	 0.0
1	2012	34	18947.0	 24.0	 34.0	2.000	 1.0	 1.0
1	2012	35	18539.0	 24.0	 34.0	2.000	 2.0	 0.0
1	2012	36	17396.0	 24.0	 33.0	3.000	 2.0	 3.0
1	2012	37	21623.0	 23.0	 35.0	1.000	 2.0	 0.0
1	2012	38	24200.0	 20.0	 34.0	1.000	 3.0	 0.0
1	2012	39	23815.0	 20.0	 35.0	0.500	 2.0	 0.0
1	2012	40	24052.0	 20.0	 36.0	1.000	 1.0	 0.0
1	2012	41	23847.0	 20.0	 37.0	1.000	 1.0	 0.0
1	2012	42	23159.0	 22.0	 36.0	2.000	 1.0	 0.0
1	2012	43	22408.0	 23.0	 36.0	2.000	 1.0	 0.0
1	2012	44	22601.0	 23.0	 36.0	2.000	 1.0	 0.0
1	2012	45	22550.0	 23.0	 37.0	2.000	 1.0	 0.0
1	2012	46	20979.0	 23.0	 36.0	2.000	 2.0	 0.0
1	2012	47	21707.0	 24.0	 35.0	2.000	 2.0	 0.0
1	2012	48	20949.0	 24.0	 35.0	2.000	 3.0	 0.0
1	2012	49	18907.0	 24.0	 34.0	2.000	 2.0	 3.0
1	2012	50	19757.0	 23.0	 34.0	3.000	 3.0	 4.0
1	2012	51	19009.0	 22.0	 34.0	3.000	 2.0	16.0
1	2012	52	11577.0	 22.0	 29.0	2.000	 0.0	 7.0
1	2012	53	17545.0	 23.0	 30.0	3.000	 1.0	12.0
1	2012	54	15083.0	 22.0	 30.0	3.000	 2.0	10.0
1	2012	55	21490.0	 21.0	 34.0	2.000	 0.0	 1.0
1	2012	56	22272.0	 22.0	 35.0	2.000	 1.0	 0.0
1	2012	57	22179.0	 23.0	 34.0	2.000	 2.0	 0.0
1	2012	58	21423.0	 23.0	 34.0	3.000	 3.0	 0.0
1	2012	59	21033.0	 23.0	 34.0	3.000	 2.0	 5.0
1	2012	60	21385.0	 23.0	 35.0	2.000	 2.0	 0.0
1	2012	61	22294.0	 23.0	 35.0	2.000	 2.0	 1.0
1	2012	62	20370.0	 24.0	 33.0	3.000	 2.0	 8.0
1	2012	63	21176.0	 23.0	 35.0	3.000	 2.0	 7.0
1	2012	64	15998.0	 23.0	 31.0	3.000	 2.0	 4.0
1	2012	65	20139.0	 22.0	 33.0	3.000	 2.0	 9.0
1	2012	66	18518.0	 23.0	 31.0	3.000	 2.0	12.0
1	2012	67	21545.0	 22.0	 34.0	3.000	 1.0	 1.0
1	2012	68	23695.0	 23.0	 35.0	3.000	 2.0	 0.0
1	2012	69	21280.0	 24.0	 34.0	3.000	 2.0	 4.0
1	2012	70	18998.0	 22.0	 32.0	2.000	 0.0	 6.0
1	2012	71	25692.0	 22.0	 34.0	1.000	 1.0	 0.0
1	2012	72	26144.0	 19.0	 35.0	1.000	 1.0	 0.0
1	2012	73	26068.0	 20.0	 35.0	1.000	 0.0	 0.0
1	2012	74	26000.0	 21.0	 36.0	2.000	 1.0	 0.0
1	2012	75	22416.0	 23.0	 35.0	2.000	 2.0	 0.0
1	2012	76	23927.0	 24.0	 37.0	3.000	 2.0	 0.0
1	2012	77	23608.0	 24.0	 36.0	3.000	 1.0	 0.0
1	2012	78	20935.0	 24.0	 35.0	3.000	 2.0	 0.0
1	2012	79	22572.0	 24.0	 35.0	2.000	 2.0	 0.0
1	2012	80	23766.0	 24.0	 36.0	2.000	 1.0	 0.0
1	2012	81	24281.0	 24.0	 37.0	2.000	 1.0	 0.0
1	2012	82	24959.0	 25.0	 37.0	3.000	 2.0	 0.0
1	2012	83	23648.0	 25.0	 37.0	2.000	 1.0	 0.0
1	2012	84	23279.0	 25.0	 36.0	2.000	 3.0	 0.0
1	2012	85	21368.0	 24.0	 34.0	3.000	 2.0	 4.0
1	2012	86	23078.0	 24.0	 35.0	3.000	 2.0	 0.0
1	2012	87	19696.0	 24.0	 33.0	3.000	 2.0	 2.0
1	2012	88	23366.0	 24.0	 35.0	3.000	 2.0	 0.0
1	2012	89	22151.0	 25.0	 35.0	3.000	 3.0	 1.0
1	2012	90	22950.0	 25.0	 36.0	3.000	 3.0	 1.0
1	2012	91	23347.0	 25.0	 35.0	3.000	 2.0	 1.0
1	2012	92	21800.0	 25.0	 34.0	3.000	 3.0	 2.0
1	2012	93	21255.0	 24.0	 33.0	3.000	 2.0	 4.0
1	2012	94	21947.0	 24.0	 33.0	3.000	 2.0	 7.0
1	2012	95	18864.0	 23.0	 33.0	3.000	 2.0	 3.0
1	2012	96	21663.0	 24.0	 34.0	3.000	 1.0	 7.0
1	2012	97	22809.0	 23.0	 33.0	3.000	 2.0	 2.0
1	2012	98	15250.0	 24.0	 31.0	3.000	 3.0	 1.0
1	2012	99	23357.0	 24.0	 35.0	3.000	 2.0	 0.0
1	2012	100	13686.0	 23.0	 31.0	3.000	 2.0	 4.0
1	2012	101	19974.0	 24.0	 33.0	3.000	 3.0	 3.0
1	2012	102	23015.0	 24.0	 34.0	3.000	 2.0	 5.0
1	2012	103	19066.0	 24.0	 32.0	3.000	 3.0	18.0
1	2012	104	11371.0	 22.0	 29.0	3.000	 2.0	13.0
1	2012	105	21434.0	 23.0	 35.0	3.000	 1.0	 0.0
1	2012	106	18892.0	 24.0	 32.0	3.000	 3.0	 0.0
1	2012	107	23143.0	 24.0	 34.0	3.000	 3.0	 8.0
1	2012	108	16355.0	 24.0	 31.0	3.000	 2.0	 8.0
1	2012	109	18089.0	 23.0	 32.0	3.000	 2.0	 1.0
1	2012	110	20995.0	 23.0	 32.0	3.000	 1.0	25.0
1	2012	111	16805.0	 21.0	 31.0	3.000	 1.0	 8.0
1	2012	112	24798.0	 24.0	 35.0	3.000	 2.0	 3.0
1	2012	113	25263.0	 24.0	 35.0	3.000	 2.0	 0.0
1	2012	114	19088.0	 24.0	 31.0	3.000	 3.0	 2.0
1	2012	115	23048.0	 24.0	 34.0	3.000	 2.0	 2.0
1	2012	116	17367.0	 24.0	 30.0	3.000	 2.0	 4.0
1	2012	117	20392.0	 23.0	 31.0	3.000	 2.0	 4.0
1	2012	118	23044.0	 23.0	 34.0	3.000	 2.0	 0.0
1	2012	119	19795.0	 24.0	 32.0	3.000	 2.0	 1.0
1	2012	120	21882.0	 24.0	 34.0	3.000	 2.0	 0.0
1	2012	121	24440.0	 24.0	 34.0	3.000	 2.0	 6.0
1	2012	122	21225.0	 24.0	 32.0	3.000	 2.0	 2.0
1	2012	123	18528.0	 23.0	 32.0	3.000	 2.0	19.0
1	2012	124	16481.0	 23.0	 31.0	3.000	 3.0	 5.0
1	2012	125	14271.0	 23.0	 30.0	3.000	 3.0	 0.0
1	2012	126	21376.0	 23.0	 33.0	3.000	 2.0	 1.0
1	2012	127	22610.0	 23.0	 33.0	3.000	 2.0	 2.0
1	2012	128	17059.0	 23.0	 32.0	3.000	 3.0	 3.0
1	2012	129	17899.0	 23.0	 31.0	3.000	 2.0	11.0
1	2012	130	17561.0	 22.0	 31.0	3.000	 2.0	 0.0
1	2012	131	21121.0	 23.0	 32.0	3.000	 2.0	 1.0
1	2012	132	22382.0	 23.0	 32.0	3.000	 1.0	 1.0
1	2012	133	19984.0	 23.0	 31.0	3.000	 1.0	14.0
1	2012	134	19012.0	 22.0	 30.0	3.000	 2.0	 5.0
1	2012	135	11434.0	 23.0	 27.0	3.000	 2.0	 7.0
1	2012	136	17415.0	 22.0	 29.0	3.000	 1.0	 9.0
1	2012	137	17461.0	 22.0	 31.0	3.000	 1.0	 9.0
1	2012	138	16200.0	 22.0	 30.0	3.000	 2.0	 3.0
1	2012	139	22864.0	 23.0	 33.0	3.000	 2.0	 2.0
1	2012	140	16172.0	 24.0	 31.0	3.000	 2.0	 3.0
1	2012	141	18166.0	 23.0	 31.0	3.000	 2.0	 5.0
1	2012	142	19132.0	 23.0	 31.0	3.000	 2.0	11.0
1	2012	143	17960.0	 22.0	 32.0	3.000	 2.0	 1.0
1	2012	144	20571.0	 23.0	 32.0	3.000	 2.0	 6.0
1	2012	145	18517.0	 23.0	 31.0	3.000	 3.0	 6.0
1	2012	146	17332.0	 23.0	 31.0	3.000	 3.0	 5.0
1	2012	147	15840.0	 22.0	 30.0	3.000	 3.0	 1.0
1	2012	148	21760.0	 22.0	 32.0	3.000	 2.0	 0.0
1	2012	149	14680.0	 23.0	 30.0	3.000	 3.0	 9.0
1	2012	150	14342.0	 22.0	 29.0	3.000	 2.0	11.0
1	2012	151	15779.0	 22.0	 29.0	3.000	 2.0	 3.0
1	2012	152	12548.0	 22.0	 27.0	3.000	 2.0	 4.0
1	2012	153	13760.0	 22.0	 28.0	3.000	 1.0	11.0
1	2012	154	19246.0	 22.0	 30.0	3.000	 1.0	18.0
1	2012	155	17021.0	 22.0	 30.0	3.000	 2.0	 4.0
1	2012	156	22221.0	 22.0	 32.0	3.000	 2.0	 0.0
1	2012	157	22091.0	 23.0	 32.0	3.000	 2.0	 1.0
1	2012	158	16898.0	 23.0	 30.0	2.000	 3.0	 0.0
1	2012	159	21220.0	 22.0	 31.0	3.000	 2.0	 2.0
1	2012	160	18628.0	 22.0	 31.0	3.000	 2.0	 9.0
1	2012	161	16856.0	 22.0	 31.0	3.000	 1.0	 0.0
1	2012	162	18522.0	 23.0	 31.0	3.000	 2.0	 0.0
1	2012	163	19262.0	 24.0	 31.0	3.000	 3.0	 1.0
1	2012	164	16828.0	 23.0	 29.0	3.000	 3.0	 2.0
1	2012	165	11545.0	 22.0	 28.0	3.000	 2.0	 1.0
1	2012	166	19013.0	 22.0	 31.0	3.000	 2.0	17.0
1	2012	167	18543.0	 22.0	 31.0	3.000	 2.0	17.0
1	2012	168	17001.0	 23.0	 30.0	3.000	 3.0	 2.0
1	2012	169	16658.0	 23.0	 29.0	3.000	 2.0	12.0
1	2012	170	12079.0	 22.0	 27.0	3.000	 3.0	 6.0
1	2012	171	14947.0	 22.0	 29.0	3.000	 3.0	 1.0
1	2012	172	16197.0	 22.0	 30.0	3.000	 2.0	 3.0
1	2012	173	14354.0	 22.0	 29.0	3.000	 3.0	 2.0
1	2012	174	15227.0	 22.0	 28.0	3.000	 3.0	 1.0
1	2012	175	13726.0	 22.0	 29.0	3.000	 2.0	 2.0
1	2012	176	14309.0	 21.0	 29.0	3.000	 2.0	11.0
1	2012	177	10050.0	 21.0	 25.0	3.000	 1.0	10.0
1	2012	178	16130.0	 21.0	 29.0	3.000	 2.0	 6.0
1	2012	179	13237.0	 21.0	 29.0	3.000	 3.0	 1.0
1	2012	180	8211.0	 21.0	 26.0	3.000	 3.0	17.0
1	2012	181	16167.0	 21.0	 29.0	3.000	 2.0	 2.0
1	2012	182	16061.0	 22.0	 29.0	2.000	 2.0	 1.0
1	2012	183	18645.0	 22.0	 30.0	3.000	 2.0	 8.0
1	2012	184	13464.0	 22.0	 27.0	3.000	 3.0	 2.0
1	2012	185	14716.0	 21.0	 28.0	3.000	 3.0	 5.0
1	2012	186	13869.0	 21.0	 28.0	3.000	 3.0	 8.0
1	2012	187	10990.0	 21.0	 27.0	3.000	 2.0	 2.0
1	2012	188	17063.0	 21.0	 29.0	2.000	 2.0	 1.0
1	2012	189	17104.0	 22.0	 29.0	2.000	 2.0	 0.0
1	2012	190	11591.0	 22.0	 26.0	3.000	 2.0	12.0
1	2012	191	14168.0	 21.0	 28.0	3.000	 3.0	 1.0
1	2012	192	16478.0	 22.0	 29.0	3.000	 2.0	 2.0
1	2012	193	16686.0	 22.0	 29.0	3.000	 2.0	 1.0
1	2012	194	14885.0	 22.0	 29.0	3.000	 2.0	 2.0
1	2012	195	17264.0	 22.0	 30.0	3.000	 1.0	 4.0
1	2012	196	16716.0	 22.0	 29.0	3.000	 3.0	 2.0
1	2012	197	13865.0	 22.0	 28.0	2.000	 3.0	 9.0
1	2012	198	4975.0	 21.0	 23.0	2.000	 3.0	 2.0
1	2012	199	12298.0	 20.0	 28.0	2.000	 2.0	 0.0
1	2012	200	17210.0	 21.0	 30.0	2.000	 2.0	 0.0
1	2012	201	6839.0	 22.0	 25.0	2.000	 3.0	 2.0
1	2012	202	16089.0	 21.0	 28.0	3.000	 2.0	 3.0
1	2012	203	14703.0	 22.0	 28.0	3.000	 2.0	 3.0
1	2012	204	5693.0	 21.0	 23.0	3.000	 2.0	 4.0
1	2012	205	14697.0	 21.0	 28.0	3.000	 2.0	 3.0
1	2012	206	12691.0	 21.0	 27.0	2.000	 3.0	 3.0
1	2012	207	12889.0	 21.0	 27.0	2.000	 3.0	 1.0
1	2012	208	9365.0	 21.0	 26.0	2.000	 2.0	 1.0
1	2012	209	14095.0	 22.0	 28.0	2.000	 2.0	 2.0
1	2012	210	13710.0	 21.0	 27.0	3.000	 3.0	 2.0
1	2012	211	12172.0	 22.0	 27.0	2.000	 2.0	 1.0
1	2012	212	16743.0	 22.0	 29.0	2.000	 2.0	 0.0
1	2012	213	15210.0	 22.0	 28.0	2.000	 2.0	 2.0
1	2012	214	14592.0	 22.0	 29.0	2.000	 3.0	 4.0
1	2012	215	14402.0	 21.0	 27.0	2.000	 3.0	 2.0
1	2012	216	13159.0	 21.0	 28.0	2.000	 2.0	 0.0
1	2012	217	14059.0	 22.0	 28.0	2.000	 3.0	 2.0
1	2012	218	15154.0	 21.0	 28.0	2.000	 3.0	 1.0
1	2012	219	11681.0	 22.0	 28.0	2.000	 3.0	 1.0
1	2012	220	9535.0	 22.0	 27.0	2.000	 3.0	 4.0
1	2012	221	10938.0	 21.0	 27.0	2.000	 3.0	 3.0
1	2012	222	13838.0	 21.0	 27.0	2.000	 3.0	 1.0
1	2012	223	13987.0	 21.0	 28.0	2.000	 2.0	 2.0
1	2012	224	8387.0	 21.0	 26.0	2.000	 3.0	 3.0
1	2012	225	8078.0	 21.0	 26.0	2.000	 3.0	 3.0
1	2012	226	12646.0	 21.0	 27.0	2.000	 2.0	 1.0
1	2012	227	15077.0	 22.0	 28.0	2.000	 3.0	 2.0
1	2012	228	5993.0	 20.0	 25.0	2.000	 3.0	 4.0
1	2012	229	15952.0	 21.0	 29.0	2.000	 2.0	 1.0
1	2012	230	17615.0	 21.0	 29.0	2.000	 2.0	 1.0
1	2012	231	17985.0	 22.0	 29.0	2.000	 2.0	 3.0
1	2012	232	8091.0	 21.0	 25.0	3.000	 3.0	20.0
1	2012	233	17377.0	 21.0	 30.0	2.000	 2.0	 1.0
1	2012	234	16702.0	 22.0	 30.0	3.000	 2.0	 2.0
1	2012	235	5347.0	 21.0	 24.0	3.000	 2.0	10.0
1	2012	236	16403.0	 21.0	 28.0	2.000	 3.0	 2.0
1	2012	237	18062.0	 22.0	 29.0	2.000	 3.0	 1.0
1	2012	238	15817.0	 22.0	 29.0	3.000	 2.0	 1.0
1	2012	239	18304.0	 22.0	 30.0	3.000	 1.0	 2.0
1	2012	240	17273.0	 22.0	 29.0	3.000	 2.0	 1.0
1	2012	241	18931.0	 22.0	 30.0	3.000	 2.0	 4.0
1	2012	242	15893.0	 22.0	 30.0	3.000	 2.0	 1.0
1	2012	243	18921.0	 22.0	 29.0	3.000	 2.0	 2.0
1	2012	244	16166.0	 22.0	 29.0	2.000	 3.0	 0.0
1	2012	245	10694.0	 22.0	 27.0	2.000	 2.0	 0.0
1	2012	246	10112.0	 21.0	 26.0	3.000	 2.0	 4.0
1	2012	247	16896.0	 21.0	 29.0	3.000	 2.0	 4.0
1	2012	248	18498.0	 22.0	 30.0	3.000	 2.0	 3.0
1	2012	249	16976.0	 21.0	 29.0	3.000	 2.0	 5.0
1	2012	250	12866.0	 21.0	 27.0	3.000	 2.0	14.0
1	2012	251	21213.0	 22.0	 31.0	3.000	 1.0	 1.0
1	2012	252	16217.0	 22.0	 29.0	3.000	 1.0	16.0
1	2012	253	19103.0	 21.0	 30.0	3.000	 2.0	 1.0
1	2012	254	20654.0	 22.0	 31.0	3.000	 1.0	 3.0
1	2012	255	13559.0	 22.0	 28.0	3.000	 1.0	 6.0
1	2012	256	10841.0	 21.0	 26.0	3.000	 2.0	21.0
1	2012	257	14884.0	 21.0	 28.0	3.000	 2.0	 1.0
1	2012	258	19819.0	 22.0	 30.0	3.000	 2.0	 4.0
1	2012	259	16203.0	 22.0	 28.0	3.000	 2.0	 2.0
1	2012	260	14019.0	 22.0	 28.0	3.000	 2.0	 3.0
1	2012	261	16447.0	 23.0	 30.0	3.000	 2.0	 2.0
1	2012	262	18386.0	 22.0	 30.0	3.000	 1.0	 3.0
1	2012	263	17404.0	 22.0	 29.0	3.000	 1.0	14.0
1	2012	264	9621.0	 21.0	 25.0	3.000	 1.0	12.0
1	2012	265	14959.0	 22.0	 29.0	3.000	 1.0	15.0
1	2012	266	18895.0	 21.0	 30.0	3.000	 1.0	 8.0
1	2012	267	8830.0	 22.0	 26.0	3.000	 1.0	 7.0
1	2012	268	21943.0	 22.0	 32.0	3.000	 1.0	 3.0
1	2012	269	19248.0	 22.0	 31.0	3.000	 2.0	 6.0
1	2012	270	16845.0	 23.0	 29.0	3.000	 2.0	 4.0
1	2012	271	12461.0	 22.0	 27.0	3.000	 1.0	31.0
1	2012	272	7610.0	 22.0	 27.0	3.000	 1.0	18.0
1	2012	273	21977.0	 22.0	 32.0	3.000	 1.0	15.0
1	2012	274	14839.0	 22.0	 29.0	3.000	 1.0	11.0
1	2012	275	13094.0	 21.0	 27.0	3.000	 2.0	17.0
1	2012	276	16903.0	 22.0	 30.0	3.000	 1.0	 6.0
1	2012	277	15218.0	 22.0	 28.0	3.000	 0.0	11.0
1	2012	278	12300.0	 22.0	 29.0	3.000	 1.0	 1.0
1	2012	279	21265.0	 22.0	 32.0	3.000	 1.0	 1.0
1	2012	280	20540.0	 22.0	 32.0	3.000	 1.0	 1.0
1	2012	281	16508.0	 22.0	 30.0	3.000	 2.0	 1.0
1	2012	282	14380.0	 22.0	 29.0	3.000	 1.0	15.0
1	2012	283	18986.0	 22.0	 31.0	3.000	 0.0	 9.0
1	2012	284	20589.0	 22.0	 32.0	3.000	 1.0	 8.0
1	2012	285	16018.0	 22.0	 29.0	3.000	 2.0	 4.0
1	2012	286	16976.0	 22.0	 30.0	3.000	 2.0	 0.0
1	2012	287	18870.0	 23.0	 31.0	3.000	 2.0	 1.0
1	2012	288	15946.0	 23.0	 29.0	3.000	 1.0	 4.0
1	2012	289	19447.0	 22.0	 31.0	3.000	 1.0	 4.0
1	2012	290	17877.0	 22.0	 30.0	3.000	 1.0	 4.0
1	2012	291	15194.0	 22.0	 30.0	3.000	 1.0	 3.0
1	2012	292	17860.0	 22.0	 30.0	3.000	 1.0	 3.0
1	2012	293	19576.0	 22.0	 31.0	3.000	 2.0	14.0
1	2012	294	17654.0	 22.0	 30.0	3.000	 1.0	 5.0
1	2012	295	19061.0	 22.0	 31.0	3.000	 1.0	 1.0
1	2012	296	22642.0	 22.0	 32.0	3.000	 2.0	 8.0
1	2012	297	14763.0	 22.0	 30.0	3.000	 1.0	 1.0
1	2012	298	16422.0	 22.0	 29.0	2.000	 2.0	 1.0
1	2012	299	18680.0	 22.0	 29.0	3.000	 1.0	19.0
1	2012	300	17797.0	 21.0	 30.0	3.000	 1.0	 4.0
1	2012	301	16831.0	 22.0	 30.0	3.000	 1.0	 3.0
1	2012	302	19042.0	 22.0	 31.0	3.000	 1.0	 2.0
1	2012	303	15532.0	 22.0	 30.0	3.000	 0.0	 1.0
1	2012	304	20564.0	 23.0	 32.0	3.000	 1.0	 3.0
1	2012	305	19915.0	 22.0	 31.0	3.000	 2.0	 1.0
1	2012	306	21193.0	 22.0	 32.0	3.000	 1.0	 0.0
1	2012	307	18566.0	 23.0	 31.0	3.000	 2.0	 0.0
1	2012	308	19237.0	 22.0	 31.0	3.000	 2.0	 1.0
1	2012	309	21482.0	 22.0	 32.0	3.000	 2.0	 1.0
1	2012	310	20443.0	 22.0	 32.0	3.000	 1.0	 0.0
1	2012	311	19875.0	 23.0	 31.0	3.000	 2.0	 0.0
1	2012	312	18369.0	 22.0	 30.0	3.000	 2.0	 1.0
1	2012	313	18586.0	 23.0	 30.0	3.000	 2.0	 3.0
1	2012	314	16348.0	 21.0	 30.0	3.000	 1.0	 1.0
1	2012	315	20933.0	 21.0	 32.0	3.000	 2.0	 0.0
1	2012	316	19548.0	 22.0	 32.0	3.000	 2.0	 2.0
1	2012	317	19042.0	 23.0	 32.0	3.000	 1.0	 1.0
1	2012	318	16886.0	 23.0	 32.0	3.000	 2.0	 3.0
1	2012	319	17103.0	 23.0	 31.0	3.000	 2.0	 6.0
1	2012	320	19042.0	 22.0	 32.0	3.000	 1.0	 0.0
1	2012	321	20075.0	 23.0	 33.0	3.000	 1.0	 0.0
1	2012	322	19550.0	 23.0	 33.0	3.000	 2.0	 0.0
1	2012	323	18766.0	 23.0	 32.0	3.000	 2.0	 0.0
1	2012	324	19634.0	 23.0	 32.0	3.000	 2.0	 1.0
1	2012	325	19573.0	 23.0	 33.0	3.000	 2.0	 4.0
1	2012	326	18789.0	 23.0	 33.0	3.000	 2.0	 3.0
1	2012	327	16646.0	 23.0	 31.0	3.000	 2.0	 3.0
1	2012	328	19283.0	 22.0	 32.0	3.000	 2.0	 5.0
1	2012	329	14447.0	 23.0	 31.0	3.000	 2.0	11.0
1	2012	330	18432.0	 21.0	 32.0	3.000	 1.0	 4.0
1	2012	331	19457.0	 23.0	 32.0	3.000	 2.0	 0.0
1	2012	332	17856.0	 22.0	 32.0	3.000	 1.0	 0.0
1	2012	333	18664.0	 22.0	 32.0	3.000	 2.0	 0.0
1	2012	334	19243.0	 22.0	 32.0	3.000	 1.0	 0.0
1	2012	335	17163.0	 23.0	 31.0	3.000	 2.0	 0.0
1	2012	336	18954.0	 23.0	 33.0	3.000	 2.0	 0.0
1	2012	337	16712.0	 23.0	 31.0	3.000	 2.0	 6.0
1	2012	338	18395.0	 22.0	 32.0	3.000	 2.0	 6.0
1	2012	339	20857.0	 23.0	 34.0	2.000	 2.0	 0.0
1	2012	340	20303.0	 22.0	 32.0	2.000	 2.0	 0.0
1	2012	341	20325.0	 22.0	 33.0	2.000	 2.0	 0.0
1	2012	342	20305.0	 22.0	 33.0	2.000	 2.0	 0.0
1	2012	343	16551.0	 23.0	 31.0	3.000	 2.0	 1.0
1	2012	344	19436.0	 22.0	 34.0	3.000	 1.0	 1.0
1	2012	345	18263.0	 23.0	 33.0	3.000	 2.0	 1.0
1	2012	346	17643.0	 23.0	 32.0	3.000	 2.0	 0.0
1	2012	347	16247.0	 23.0	 32.0	3.000	 2.0	 1.0
1	2012	348	16062.0	 22.0	 31.0	3.000	 1.0	 1.0
1	2012	349	18200.0	 23.0	 33.0	3.000	 1.0	 0.0
1	2012	350	19670.0	 22.0	 34.0	2.000	 1.0	 0.0
1	2012	351	20759.0	 22.0	 34.0	2.000	 1.0	 0.0
1	2012	352	19452.0	 22.0	 33.0	2.000	 2.0	 0.0
1	2012	353	21214.0	 22.0	 34.0	2.000	 0.0	 0.0
1	2012	354	20515.0	 21.0	 34.0	2.000	 1.0	 0.0
1	2012	355	21326.0	 20.0	 33.0	1.000	 1.0	 0.0
1	2012	356	21540.0	 20.0	 33.0	2.000	 1.0	 0.0
1	2012	357	20399.0	 22.0	 34.0	2.000	 1.0	 0.0
1	2012	358	21818.0	 21.0	 34.0	2.000	 1.0	 0.0
1	2012	359	21641.0	 21.0	 34.0	2.000	 0.0	 0.0
1	2012	360	19977.0	 22.0	 34.0	2.000	 1.0	 0.0
1	2012	361	21294.0	 22.0	 34.0	2.000	 0.0	 0.0
1	2012	362	20724.0	 22.0	 33.0	2.000	 0.0	 0.0
1	2012	363	22114.0	 20.0	 34.0	1.000	 1.0	 0.0
1	2012	364	22290.0	 19.0	 34.0	1.000	 1.0	 0.0
1	2012	365	22395.0	 18.0	 33.0	1.000	 1.0	 0.0
1	2012	366	22209.0	 19.0	 33.0	1.000	 3.0	 0.0
