*---------------------------------------------------
* Station: Volta
* Year: 2016
* Origin: ERA5-Reanalysis
* Columns & units
* ===================
* 1. station number
* 2. year
* 3. Day of Year
* 4. Irradiance   (kJ路m-2路d-1)
* 5. Daily minimum temperature (degC)
* 6. Daily maximum temperature (degC)
* 7. Vapour pressure (kPa)
* 8. Mean wind speed (m路s-1)
* 9. Precipitation (mm路d-1)
** WCCDESCRIPTION=Volta
** WCCFORMAT=2
** WCCYEARNR=2016
*------------------------------------------------------------*
0.40  7.24  734.00 -0.18  -0.55
1	2016	1	20945.0	 21.0	 33.0	2.000	 0.0	 0.0
1	2016	2	22096.0	 20.0	 33.0	1.000	 1.0	 0.0
1	2016	3	21972.0	 20.0	 34.0	1.000	 1.0	 0.0
1	2016	4	21959.0	 20.0	 34.0	1.000	 1.0	 0.0
1	2016	5	21930.0	 22.0	 33.0	2.000	 0.0	 0.0
1	2016	6	22124.0	 22.0	 31.0	1.000	 2.0	 0.0
1	2016	7	22143.0	 20.0	 34.0	1.000	 2.0	 0.0
1	2016	8	22407.0	 20.0	 35.0	1.000	 1.0	 0.0
1	2016	9	21688.0	 20.0	 34.0	2.000	 1.0	 0.0
1	2016	10	21778.0	 21.0	 33.0	3.000	 1.0	 0.0
1	2016	11	22222.0	 21.0	 35.0	3.000	 1.0	 0.0
1	2016	12	21501.0	 22.0	 34.0	3.000	 1.0	 0.0
1	2016	13	20261.0	 23.0	 33.0	3.000	 1.0	 0.0
1	2016	14	21673.0	 22.0	 33.0	3.000	 1.0	 0.0
1	2016	15	20684.0	 23.0	 32.0	3.000	 1.0	 0.0
1	2016	16	22416.0	 23.0	 34.0	2.000	 0.0	 0.0
1	2016	17	20592.0	 24.0	 33.0	3.000	 1.0	 0.0
1	2016	18	18056.0	 24.0	 31.0	3.000	 1.0	 0.0
1	2016	19	19240.0	 24.0	 32.0	3.000	 1.0	 0.0
1	2016	20	16143.0	 24.0	 32.0	3.000	 1.0	 3.0
1	2016	21	21305.0	 24.0	 33.0	3.000	 0.0	 0.0
1	2016	22	22491.0	 23.0	 34.0	2.000	 0.0	 0.0
1	2016	23	20742.0	 20.0	 34.0	1.000	 1.0	 0.0
1	2016	24	23123.0	 22.0	 34.0	1.000	 1.0	 0.0
1	2016	25	22832.0	 21.0	 35.0	1.000	 1.0	 0.0
1	2016	26	17456.0	 22.0	 32.0	1.000	 1.0	 0.0
1	2016	27	23549.0	 20.0	 34.0	1.000	 1.0	 0.0
1	2016	28	23553.0	 20.0	 33.0	1.000	 1.0	 0.0
1	2016	29	23573.0	 21.0	 34.0	1.000	 1.0	 0.0
1	2016	30	23747.0	 20.0	 34.0	1.000	 1.0	 0.0
1	2016	31	23678.0	 20.0	 33.0	1.000	 0.0	 0.0
1	2016	32	24057.0	 20.0	 34.0	1.000	 1.0	 0.0
1	2016	33	24207.0	 19.0	 34.0	1.000	 0.0	 0.0
1	2016	34	23537.0	 21.0	 34.0	2.000	 1.0	 0.0
1	2016	35	22971.0	 22.0	 35.0	2.000	 1.0	 0.0
1	2016	36	24143.0	 22.0	 36.0	2.000	 0.0	 0.0
1	2016	37	23949.0	 21.0	 37.0	2.000	 1.0	 0.0
1	2016	38	23655.0	 21.0	 35.0	2.000	 1.0	 0.0
1	2016	39	23314.0	 22.0	 34.0	2.000	 1.0	 0.0
1	2016	40	24351.0	 22.0	 35.0	2.000	 1.0	 0.0
1	2016	41	25002.0	 22.0	 36.0	1.000	 1.0	 0.0
1	2016	42	24768.0	 20.0	 35.0	1.000	 1.0	 0.0
1	2016	43	24349.0	 22.0	 34.0	2.000	 1.0	 0.0
1	2016	44	23317.0	 21.0	 34.0	2.000	 1.0	 0.0
1	2016	45	23031.0	 22.0	 34.0	2.000	 1.0	 0.0
1	2016	46	22837.0	 23.0	 34.0	2.000	 1.0	 0.0
1	2016	47	21215.0	 24.0	 34.0	3.000	 1.0	 0.0
1	2016	48	20162.0	 24.0	 34.0	3.000	 2.0	 1.0
1	2016	49	20174.0	 24.0	 33.0	3.000	 2.0	 0.0
1	2016	50	22081.0	 24.0	 33.0	3.000	 1.0	 0.0
1	2016	51	22789.0	 24.0	 36.0	3.000	 1.0	 0.0
1	2016	52	21441.0	 25.0	 35.0	3.000	 2.0	 0.0
1	2016	53	20262.0	 25.0	 35.0	3.000	 2.0	 0.0
1	2016	54	23173.0	 25.0	 37.0	3.000	 2.0	 0.0
1	2016	55	23927.0	 25.0	 37.0	3.000	 2.0	 0.0
1	2016	56	20111.0	 25.0	 34.0	3.000	 1.0	 0.0
1	2016	57	21199.0	 25.0	 35.0	3.000	 1.0	 0.0
1	2016	58	17721.0	 25.0	 34.0	3.000	 2.0	 1.0
1	2016	59	20614.0	 25.0	 34.0	3.000	 2.0	 1.0
1	2016	60	19164.0	 25.0	 32.0	3.000	 1.0	12.0
1	2016	61	12672.0	 24.0	 29.0	3.000	 1.0	27.0
1	2016	62	22312.0	 24.0	 32.0	3.000	 1.0	 0.0
1	2016	63	22540.0	 24.0	 32.0	3.000	 1.0	 0.0
1	2016	64	22366.0	 24.0	 32.0	3.000	 2.0	 0.0
1	2016	65	22074.0	 25.0	 33.0	3.000	 1.0	 0.0
1	2016	66	20226.0	 25.0	 33.0	3.000	 3.0	 0.0
1	2016	67	22196.0	 25.0	 33.0	3.000	 1.0	11.0
1	2016	68	17351.0	 24.0	 31.0	3.000	 1.0	 6.0
1	2016	69	21391.0	 25.0	 32.0	3.000	 1.0	 1.0
1	2016	70	20939.0	 25.0	 32.0	3.000	 2.0	 1.0
1	2016	71	19845.0	 25.0	 31.0	3.000	 2.0	 5.0
1	2016	72	20409.0	 24.0	 31.0	3.000	 1.0	 1.0
1	2016	73	18721.0	 23.0	 31.0	3.000	 1.0	 3.0
1	2016	74	16589.0	 24.0	 30.0	3.000	 1.0	 3.0
1	2016	75	21567.0	 23.0	 31.0	3.000	 0.0	 8.0
1	2016	76	13618.0	 24.0	 30.0	3.000	 1.0	18.0
1	2016	77	17555.0	 24.0	 30.0	3.000	 1.0	16.0
1	2016	78	18748.0	 23.0	 32.0	3.000	 1.0	33.0
1	2016	79	18423.0	 24.0	 31.0	3.000	 2.0	 8.0
1	2016	80	21977.0	 24.0	 31.0	3.000	 2.0	12.0
1	2016	81	19900.0	 24.0	 31.0	3.000	 2.0	 4.0
1	2016	82	20829.0	 24.0	 31.0	3.000	 2.0	 8.0
1	2016	83	18990.0	 24.0	 31.0	3.000	 1.0	13.0
1	2016	84	15127.0	 24.0	 30.0	3.000	 1.0	 5.0
1	2016	85	17094.0	 23.0	 31.0	3.000	 1.0	 1.0
1	2016	86	20073.0	 24.0	 31.0	3.000	 1.0	 7.0
1	2016	87	20118.0	 24.0	 32.0	3.000	 1.0	 6.0
1	2016	88	18924.0	 25.0	 31.0	3.000	 2.0	 9.0
1	2016	89	22291.0	 25.0	 32.0	3.000	 2.0	 2.0
1	2016	90	18740.0	 25.0	 31.0	3.000	 2.0	 5.0
1	2016	91	16874.0	 25.0	 30.0	3.000	 2.0	 6.0
1	2016	92	21276.0	 24.0	 31.0	3.000	 2.0	27.0
1	2016	93	13221.0	 23.0	 29.0	3.000	 1.0	16.0
1	2016	94	20106.0	 24.0	 31.0	3.000	 1.0	 8.0
1	2016	95	19359.0	 24.0	 31.0	3.000	 2.0	 2.0
1	2016	96	15108.0	 24.0	 29.0	3.000	 2.0	11.0
1	2016	97	18007.0	 24.0	 30.0	3.000	 1.0	 7.0
1	2016	98	16716.0	 24.0	 30.0	3.000	 2.0	 3.0
1	2016	99	20761.0	 23.0	 30.0	3.000	 1.0	 4.0
1	2016	100	19422.0	 24.0	 29.0	3.000	 0.0	11.0
1	2016	101	20134.0	 24.0	 31.0	3.000	 1.0	 6.0
1	2016	102	20319.0	 24.0	 31.0	3.000	 1.0	12.0
1	2016	103	20237.0	 24.0	 31.0	3.000	 1.0	 6.0
1	2016	104	22000.0	 25.0	 32.0	3.000	 2.0	 1.0
1	2016	105	23601.0	 24.0	 33.0	3.000	 1.0	 2.0
1	2016	106	18349.0	 25.0	 31.0	3.000	 1.0	11.0
1	2016	107	21709.0	 25.0	 31.0	3.000	 1.0	 7.0
1	2016	108	19325.0	 24.0	 31.0	3.000	 1.0	 6.0
1	2016	109	18733.0	 24.0	 30.0	3.000	 2.0	 1.0
1	2016	110	23915.0	 24.0	 32.0	3.000	 1.0	 2.0
1	2016	111	21045.0	 24.0	 31.0	3.000	 2.0	 2.0
1	2016	112	21089.0	 25.0	 31.0	3.000	 2.0	 2.0
1	2016	113	24396.0	 24.0	 32.0	3.000	 2.0	 1.0
1	2016	114	23781.0	 24.0	 32.0	3.000	 2.0	 0.0
1	2016	115	23199.0	 24.0	 32.0	3.000	 2.0	 1.0
1	2016	116	21341.0	 25.0	 31.0	3.000	 2.0	 0.0
1	2016	117	18705.0	 26.0	 31.0	3.000	 2.0	 2.0
1	2016	118	18799.0	 25.0	 30.0	3.000	 1.0	 3.0
1	2016	119	17593.0	 24.0	 30.0	3.000	 1.0	 6.0
1	2016	120	20104.0	 24.0	 31.0	3.000	 2.0	 2.0
1	2016	121	20396.0	 24.0	 31.0	3.000	 2.0	 3.0
1	2016	122	20417.0	 24.0	 31.0	3.000	 2.0	 1.0
1	2016	123	18868.0	 25.0	 31.0	3.000	 2.0	 2.0
1	2016	124	21495.0	 24.0	 32.0	3.000	 2.0	 6.0
1	2016	125	15618.0	 24.0	 30.0	3.000	 2.0	 0.0
1	2016	126	23191.0	 23.0	 31.0	3.000	 2.0	 0.0
1	2016	127	19258.0	 25.0	 30.0	3.000	 2.0	13.0
1	2016	128	20678.0	 24.0	 30.0	3.000	 2.0	 3.0
1	2016	129	19235.0	 24.0	 30.0	3.000	 1.0	 4.0
1	2016	130	21392.0	 24.0	 31.0	3.000	 2.0	10.0
1	2016	131	21503.0	 23.0	 31.0	3.000	 1.0	 2.0
1	2016	132	22222.0	 24.0	 32.0	3.000	 1.0	 1.0
1	2016	133	13552.0	 25.0	 29.0	3.000	 1.0	 5.0
1	2016	134	19799.0	 24.0	 30.0	3.000	 2.0	 1.0
1	2016	135	19614.0	 24.0	 29.0	3.000	 2.0	 5.0
1	2016	136	17848.0	 24.0	 30.0	3.000	 1.0	 4.0
1	2016	137	12068.0	 24.0	 28.0	3.000	 1.0	28.0
1	2016	138	16233.0	 23.0	 29.0	3.000	 2.0	20.0
1	2016	139	16304.0	 24.0	 29.0	3.000	 2.0	13.0
1	2016	140	18916.0	 23.0	 29.0	3.000	 1.0	 7.0
1	2016	141	19157.0	 23.0	 30.0	3.000	 1.0	 2.0
1	2016	142	15006.0	 24.0	 29.0	3.000	 1.0	 8.0
1	2016	143	14062.0	 24.0	 29.0	3.000	 2.0	16.0
1	2016	144	10161.0	 23.0	 26.0	3.000	 2.0	42.0
1	2016	145	7145.0	 23.0	 26.0	3.000	 2.0	19.0
1	2016	146	17672.0	 23.0	 28.0	3.000	 1.0	 4.0
1	2016	147	18240.0	 23.0	 29.0	3.000	 0.0	14.0
1	2016	148	17928.0	 24.0	 30.0	3.000	 2.0	 2.0
1	2016	149	17710.0	 23.0	 29.0	3.000	 2.0	 2.0
1	2016	150	14866.0	 23.0	 28.0	3.000	 1.0	10.0
1	2016	151	19485.0	 23.0	 29.0	3.000	 1.0	 4.0
1	2016	152	19830.0	 23.0	 29.0	3.000	 1.0	11.0
1	2016	153	21015.0	 23.0	 29.0	3.000	 1.0	 4.0
1	2016	154	18790.0	 24.0	 30.0	3.000	 2.0	 6.0
1	2016	155	15858.0	 23.0	 29.0	3.000	 2.0	 9.0
1	2016	156	18704.0	 22.0	 29.0	3.000	 1.0	 3.0
1	2016	157	16099.0	 23.0	 29.0	3.000	 1.0	 9.0
1	2016	158	17246.0	 22.0	 29.0	3.000	 1.0	 4.0
1	2016	159	13589.0	 24.0	 28.0	3.000	 2.0	 7.0
1	2016	160	16156.0	 23.0	 29.0	3.000	 2.0	 2.0
1	2016	161	14810.0	 23.0	 29.0	3.000	 2.0	15.0
1	2016	162	11805.0	 23.0	 27.0	3.000	 1.0	 8.0
1	2016	163	17284.0	 23.0	 27.0	3.000	 1.0	 3.0
1	2016	164	11907.0	 23.0	 27.0	3.000	 1.0	21.0
1	2016	165	14061.0	 22.0	 28.0	3.000	 2.0	 2.0
1	2016	166	15299.0	 23.0	 27.0	3.000	 2.0	 3.0
1	2016	167	13986.0	 22.0	 27.0	3.000	 2.0	 1.0
1	2016	168	4195.0	 22.0	 23.0	3.000	 1.0	93.0
1	2016	169	16880.0	 21.0	 27.0	3.000	 1.0	 2.0
1	2016	170	17801.0	 22.0	 28.0	3.000	 1.0	 5.0
1	2016	171	16299.0	 23.0	 28.0	3.000	 2.0	11.0
1	2016	172	13312.0	 23.0	 27.0	3.000	 3.0	 7.0
1	2016	173	14167.0	 22.0	 26.0	3.000	 2.0	 5.0
1	2016	174	17635.0	 22.0	 27.0	3.000	 1.0	 2.0
1	2016	175	18708.0	 21.0	 28.0	3.000	 1.0	 1.0
1	2016	176	12743.0	 21.0	 26.0	3.000	 1.0	 8.0
1	2016	177	6612.0	 22.0	 25.0	3.000	 1.0	26.0
1	2016	178	15614.0	 22.0	 27.0	3.000	 1.0	 6.0
1	2016	179	12158.0	 22.0	 26.0	3.000	 1.0	12.0
1	2016	180	8869.0	 22.0	 25.0	3.000	 1.0	29.0
1	2016	181	14050.0	 21.0	 27.0	3.000	 1.0	 6.0
1	2016	182	10543.0	 22.0	 26.0	3.000	 1.0	 8.0
1	2016	183	16192.0	 21.0	 28.0	3.000	 1.0	 8.0
1	2016	184	16327.0	 22.0	 27.0	3.000	 1.0	 5.0
1	2016	185	13366.0	 23.0	 26.0	3.000	 1.0	22.0
1	2016	186	16433.0	 22.0	 28.0	3.000	 2.0	 6.0
1	2016	187	16109.0	 22.0	 28.0	3.000	 2.0	 6.0
1	2016	188	16712.0	 23.0	 28.0	3.000	 1.0	 7.0
1	2016	189	14447.0	 23.0	 27.0	3.000	 1.0	 7.0
1	2016	190	17021.0	 23.0	 28.0	3.000	 1.0	 2.0
1	2016	191	13720.0	 23.0	 28.0	3.000	 2.0	11.0
1	2016	192	15157.0	 23.0	 28.0	3.000	 2.0	 8.0
1	2016	193	10065.0	 22.0	 26.0	3.000	 2.0	 8.0
1	2016	194	17529.0	 22.0	 27.0	3.000	 2.0	 2.0
1	2016	195	7939.0	 22.0	 25.0	3.000	 1.0	 3.0
1	2016	196	10386.0	 22.0	 25.0	3.000	 1.0	12.0
1	2016	197	15373.0	 22.0	 27.0	3.000	 2.0	 2.0
1	2016	198	14365.0	 22.0	 27.0	3.000	 1.0	 5.0
1	2016	199	10328.0	 22.0	 25.0	3.000	 2.0	 8.0
1	2016	200	18165.0	 22.0	 27.0	3.000	 2.0	 2.0
1	2016	201	16488.0	 22.0	 27.0	3.000	 1.0	 3.0
1	2016	202	9599.0	 22.0	 26.0	3.000	 2.0	11.0
1	2016	203	19056.0	 21.0	 28.0	3.000	 1.0	 1.0
1	2016	204	14070.0	 22.0	 27.0	3.000	 1.0	 9.0
1	2016	205	10654.0	 22.0	 25.0	3.000	 1.0	21.0
1	2016	206	4899.0	 21.0	 23.0	3.000	 1.0	22.0
1	2016	207	15447.0	 21.0	 26.0	3.000	 1.0	10.0
1	2016	208	13170.0	 22.0	 26.0	3.000	 2.0	 4.0
1	2016	209	14891.0	 22.0	 27.0	3.000	 2.0	 6.0
1	2016	210	13516.0	 22.0	 26.0	3.000	 2.0	10.0
1	2016	211	15550.0	 22.0	 27.0	3.000	 1.0	 3.0
1	2016	212	14653.0	 22.0	 27.0	3.000	 2.0	 4.0
1	2016	213	13713.0	 22.0	 27.0	3.000	 2.0	21.0
1	2016	214	17285.0	 22.0	 28.0	3.000	 1.0	 3.0
1	2016	215	15767.0	 22.0	 27.0	3.000	 2.0	 2.0
1	2016	216	14844.0	 22.0	 27.0	3.000	 2.0	12.0
1	2016	217	15634.0	 22.0	 27.0	3.000	 1.0	 5.0
1	2016	218	14223.0	 22.0	 27.0	3.000	 1.0	 6.0
1	2016	219	9598.0	 22.0	 26.0	3.000	 1.0	17.0
1	2016	220	14689.0	 22.0	 27.0	3.000	 2.0	 2.0
1	2016	221	17635.0	 22.0	 28.0	3.000	 2.0	 2.0
1	2016	222	15136.0	 22.0	 28.0	3.000	 2.0	 2.0
1	2016	223	13280.0	 22.0	 27.0	3.000	 2.0	 3.0
1	2016	224	15110.0	 22.0	 28.0	3.000	 1.0	18.0
1	2016	225	14690.0	 22.0	 27.0	3.000	 1.0	 6.0
1	2016	226	13080.0	 22.0	 27.0	3.000	 2.0	 8.0
1	2016	227	10211.0	 22.0	 26.0	3.000	 1.0	14.0
1	2016	228	7143.0	 22.0	 24.0	3.000	 1.0	13.0
1	2016	229	11945.0	 22.0	 26.0	3.000	 1.0	 2.0
1	2016	230	15140.0	 22.0	 27.0	3.000	 1.0	 6.0
1	2016	231	15325.0	 21.0	 27.0	3.000	 1.0	16.0
1	2016	232	12452.0	 21.0	 27.0	3.000	 1.0	23.0
1	2016	233	15451.0	 22.0	 28.0	3.000	 1.0	14.0
1	2016	234	15095.0	 22.0	 28.0	3.000	 1.0	10.0
1	2016	235	15930.0	 23.0	 28.0	3.000	 2.0	 5.0
1	2016	236	13652.0	 22.0	 27.0	3.000	 1.0	10.0
1	2016	237	16205.0	 22.0	 27.0	3.000	 1.0	 9.0
1	2016	238	14357.0	 23.0	 26.0	3.000	 1.0	13.0
1	2016	239	13104.0	 22.0	 26.0	3.000	 1.0	20.0
1	2016	240	8422.0	 22.0	 25.0	3.000	 1.0	26.0
1	2016	241	13636.0	 22.0	 27.0	3.000	 2.0	 3.0
1	2016	242	16346.0	 22.0	 28.0	3.000	 1.0	 5.0
1	2016	243	11890.0	 21.0	 26.0	3.000	 0.0	31.0
1	2016	244	18993.0	 21.0	 29.0	3.000	 1.0	 6.0
1	2016	245	15927.0	 22.0	 27.0	3.000	 1.0	18.0
1	2016	246	18515.0	 22.0	 28.0	3.000	 1.0	 9.0
1	2016	247	15827.0	 22.0	 27.0	3.000	 1.0	14.0
1	2016	248	19211.0	 22.0	 28.0	3.000	 1.0	 6.0
1	2016	249	10487.0	 23.0	 26.0	3.000	 1.0	14.0
1	2016	250	10816.0	 22.0	 26.0	3.000	 1.0	10.0
1	2016	251	13165.0	 22.0	 26.0	3.000	 1.0	 6.0
1	2016	252	16534.0	 22.0	 27.0	3.000	 1.0	 5.0
1	2016	253	19681.0	 22.0	 28.0	3.000	 1.0	10.0
1	2016	254	14249.0	 22.0	 27.0	3.000	 1.0	16.0
1	2016	255	9756.0	 22.0	 25.0	3.000	 1.0	21.0
1	2016	256	14909.0	 22.0	 27.0	3.000	 1.0	13.0
1	2016	257	13119.0	 21.0	 27.0	3.000	 1.0	 8.0
1	2016	258	11906.0	 22.0	 26.0	3.000	 2.0	18.0
1	2016	259	10854.0	 22.0	 27.0	3.000	 2.0	18.0
1	2016	260	13109.0	 22.0	 27.0	3.000	 1.0	 2.0
1	2016	261	13637.0	 22.0	 27.0	3.000	 0.0	 6.0
1	2016	262	19494.0	 22.0	 28.0	3.000	 1.0	13.0
1	2016	263	19174.0	 22.0	 28.0	3.000	 1.0	 6.0
1	2016	264	14875.0	 21.0	 27.0	3.000	 1.0	13.0
1	2016	265	12377.0	 21.0	 27.0	3.000	 1.0	22.0
1	2016	266	14933.0	 22.0	 28.0	3.000	 1.0	12.0
1	2016	267	13801.0	 22.0	 27.0	3.000	 0.0	 5.0
1	2016	268	13071.0	 22.0	 27.0	3.000	 1.0	21.0
1	2016	269	9957.0	 22.0	 27.0	3.000	 1.0	25.0
1	2016	270	16947.0	 22.0	 28.0	3.000	 1.0	 8.0
1	2016	271	17019.0	 22.0	 28.0	3.000	 1.0	15.0
1	2016	272	17012.0	 22.0	 28.0	3.000	 1.0	16.0
1	2016	273	19210.0	 22.0	 30.0	3.000	 1.0	 3.0
1	2016	274	16201.0	 22.0	 27.0	3.000	 0.0	14.0
1	2016	275	12447.0	 22.0	 28.0	3.000	 0.0	27.0
1	2016	276	5575.0	 22.0	 25.0	3.000	 1.0	13.0
1	2016	277	12224.0	 22.0	 28.0	3.000	 1.0	 0.0
1	2016	278	19766.0	 22.0	 29.0	3.000	 0.0	 5.0
1	2016	279	19706.0	 22.0	 29.0	3.000	 1.0	 9.0
1	2016	280	20364.0	 23.0	 30.0	3.000	 1.0	 1.0
1	2016	281	19755.0	 23.0	 30.0	3.000	 1.0	14.0
1	2016	282	14203.0	 22.0	 28.0	3.000	 2.0	17.0
1	2016	283	15343.0	 23.0	 28.0	3.000	 1.0	 9.0
1	2016	284	17875.0	 23.0	 29.0	3.000	 1.0	 5.0
1	2016	285	15792.0	 22.0	 28.0	3.000	 1.0	12.0
1	2016	286	15618.0	 23.0	 29.0	3.000	 1.0	 7.0
1	2016	287	19666.0	 22.0	 30.0	3.000	 1.0	 5.0
1	2016	288	15229.0	 23.0	 28.0	3.000	 0.0	 8.0
1	2016	289	21532.0	 22.0	 30.0	3.000	 1.0	 6.0
1	2016	290	20501.0	 22.0	 30.0	3.000	 1.0	 5.0
1	2016	291	18920.0	 22.0	 29.0	3.000	 1.0	 6.0
1	2016	292	20238.0	 22.0	 29.0	3.000	 1.0	13.0
1	2016	293	19907.0	 23.0	 29.0	3.000	 1.0	 8.0
1	2016	294	21719.0	 22.0	 31.0	3.000	 1.0	 2.0
1	2016	295	20251.0	 23.0	 29.0	3.000	 1.0	 9.0
1	2016	296	14438.0	 23.0	 28.0	3.000	 1.0	11.0
1	2016	297	20630.0	 22.0	 30.0	3.000	 1.0	 1.0
1	2016	298	21457.0	 22.0	 31.0	3.000	 1.0	 0.0
1	2016	299	21395.0	 23.0	 31.0	3.000	 1.0	 6.0
1	2016	300	19516.0	 23.0	 30.0	3.000	 1.0	 2.0
1	2016	301	22870.0	 22.0	 32.0	3.000	 1.0	 0.0
1	2016	302	21090.0	 24.0	 31.0	3.000	 2.0	 2.0
1	2016	303	19843.0	 23.0	 29.0	3.000	 1.0	13.0
1	2016	304	18524.0	 22.0	 29.0	3.000	 1.0	12.0
1	2016	305	19490.0	 23.0	 30.0	3.000	 1.0	 7.0
1	2016	306	18864.0	 22.0	 30.0	3.000	 1.0	 7.0
1	2016	307	16300.0	 23.0	 29.0	3.000	 1.0	10.0
1	2016	308	20163.0	 22.0	 31.0	3.000	 1.0	 3.0
1	2016	309	20984.0	 23.0	 31.0	3.000	 2.0	 0.0
1	2016	310	20397.0	 23.0	 30.0	3.000	 1.0	 0.0
1	2016	311	20202.0	 22.0	 29.0	3.000	 1.0	 4.0
1	2016	312	20418.0	 23.0	 31.0	3.000	 1.0	 1.0
1	2016	313	19711.0	 24.0	 30.0	3.000	 1.0	 7.0
1	2016	314	22219.0	 22.0	 32.0	3.000	 1.0	 0.0
1	2016	315	21901.0	 22.0	 30.0	3.000	 1.0	 1.0
1	2016	316	21166.0	 23.0	 30.0	3.000	 1.0	 0.0
1	2016	317	19778.0	 22.0	 30.0	3.000	 1.0	 0.0
1	2016	318	19470.0	 23.0	 31.0	3.000	 1.0	 0.0
1	2016	319	22038.0	 22.0	 33.0	3.000	 1.0	 0.0
1	2016	320	21179.0	 23.0	 32.0	3.000	 1.0	 0.0
1	2016	321	20103.0	 23.0	 30.0	3.000	 1.0	 2.0
1	2016	322	21250.0	 23.0	 31.0	3.000	 1.0	 1.0
1	2016	323	20231.0	 23.0	 31.0	3.000	 1.0	 1.0
1	2016	324	20316.0	 23.0	 32.0	3.000	 1.0	 0.0
1	2016	325	20333.0	 24.0	 32.0	3.000	 1.0	 1.0
1	2016	326	19506.0	 23.0	 30.0	3.000	 1.0	 1.0
1	2016	327	17722.0	 24.0	 30.0	3.000	 2.0	 2.0
1	2016	328	17666.0	 24.0	 30.0	3.000	 2.0	 9.0
1	2016	329	18223.0	 23.0	 31.0	3.000	 1.0	 4.0
1	2016	330	19499.0	 24.0	 31.0	3.000	 1.0	 0.0
1	2016	331	19173.0	 24.0	 31.0	3.000	 2.0	 1.0
1	2016	332	18544.0	 24.0	 30.0	3.000	 1.0	 1.0
1	2016	333	18886.0	 23.0	 30.0	3.000	 1.0	 6.0
1	2016	334	18654.0	 23.0	 30.0	3.000	 1.0	 1.0
1	2016	335	17005.0	 24.0	 30.0	3.000	 1.0	 4.0
1	2016	336	18740.0	 23.0	 32.0	3.000	 2.0	 0.0
1	2016	337	19797.0	 24.0	 31.0	3.000	 1.0	 1.0
1	2016	338	19150.0	 23.0	 31.0	3.000	 1.0	 1.0
1	2016	339	21241.0	 22.0	 33.0	3.000	 1.0	 0.0
1	2016	340	17062.0	 23.0	 30.0	3.000	 2.0	 0.0
1	2016	341	19194.0	 23.0	 32.0	3.000	 1.0	 0.0
1	2016	342	18954.0	 24.0	 31.0	3.000	 1.0	 1.0
1	2016	343	19271.0	 23.0	 31.0	3.000	 1.0	 2.0
1	2016	344	19479.0	 23.0	 31.0	3.000	 1.0	 1.0
1	2016	345	19198.0	 23.0	 31.0	3.000	 1.0	 1.0
1	2016	346	16448.0	 24.0	 30.0	3.000	 1.0	 7.0
1	2016	347	17059.0	 23.0	 31.0	3.000	 1.0	17.0
1	2016	348	17823.0	 23.0	 30.0	3.000	 0.0	 2.0
1	2016	349	18235.0	 23.0	 31.0	3.000	 1.0	 1.0
1	2016	350	16420.0	 23.0	 30.0	3.000	 2.0	 9.0
1	2016	351	18060.0	 22.0	 30.0	3.000	 1.0	 2.0
1	2016	352	19404.0	 22.0	 32.0	3.000	 1.0	 3.0
1	2016	353	17110.0	 24.0	 30.0	3.000	 1.0	10.0
1	2016	354	18770.0	 23.0	 30.0	3.000	 1.0	 2.0
1	2016	355	17942.0	 24.0	 30.0	3.000	 1.0	 1.0
1	2016	356	19856.0	 22.0	 32.0	3.000	 1.0	 0.0
1	2016	357	20358.0	 22.0	 31.0	3.000	 0.0	 0.0
1	2016	358	21596.0	 22.0	 33.0	3.000	 0.0	 0.0
1	2016	359	20516.0	 22.0	 31.0	3.000	 1.0	 0.0
1	2016	360	19882.0	 23.0	 31.0	3.000	 0.0	 0.0
1	2016	361	21356.0	 21.0	 32.0	2.000	 1.0	 0.0
1	2016	362	21211.0	 20.0	 32.0	2.000	 1.0	 0.0
1	2016	363	21729.0	 21.0	 32.0	2.000	 0.0	 0.0
1	2016	364	21830.0	 21.0	 33.0	2.000	 1.0	 0.0
1	2016	365	21760.0	 21.0	 32.0	2.000	 0.0	 0.0
1	2016	366	21848.0	 21.0	 33.0	2.000	 1.0	 0.0
