*---------------------------------------------------
* Station: Volta
* Year: 2017
* Origin: ERA5-Reanalysis
* Columns & units
* ===================
* 1. station number
* 2. year
* 3. Day of Year
* 4. Irradiance   (kJ路m-2路d-1)
* 5. Daily minimum temperature (degC)
* 6. Daily maximum temperature (degC)
* 7. Vapour pressure (kPa)
* 8. Mean wind speed (m路s-1)
* 9. Precipitation (mm路d-1)
** WCCDESCRIPTION=Volta
** WCCFORMAT=2
** WCCYEARNR=2017
*------------------------------------------------------------*
0.40  7.24  734.00 -0.18  -0.55
1	2017	1	22009.0	 21.0	 33.0	2.000	 0.0	 0.0
1	2017	2	21671.0	 21.0	 32.0	2.000	 0.0	 0.0
1	2017	3	21611.0	 21.0	 33.0	2.000	 0.0	 0.0
1	2017	4	22314.0	 21.0	 33.0	2.000	 1.0	 0.0
1	2017	5	22074.0	 21.0	 33.0	2.000	 0.0	 0.0
1	2017	6	21728.0	 22.0	 34.0	2.000	 1.0	 0.0
1	2017	7	20154.0	 22.0	 33.0	3.000	 2.0	 0.0
1	2017	8	19035.0	 23.0	 31.0	3.000	 0.0	 2.0
1	2017	9	20913.0	 22.0	 33.0	2.000	 1.0	 0.0
1	2017	10	21232.0	 22.0	 33.0	2.000	 1.0	 0.0
1	2017	11	20733.0	 22.0	 32.0	2.000	 2.0	 0.0
1	2017	12	18431.0	 23.0	 31.0	3.000	 1.0	 2.0
1	2017	13	20848.0	 22.0	 32.0	2.000	 0.0	 0.0
1	2017	14	20166.0	 22.0	 33.0	2.000	 1.0	 0.0
1	2017	15	21012.0	 23.0	 34.0	1.000	 1.0	 0.0
1	2017	16	21157.0	 22.0	 32.0	2.000	 1.0	 0.0
1	2017	17	22175.0	 22.0	 33.0	2.000	 1.0	 0.0
1	2017	18	19876.0	 23.0	 32.0	3.000	 1.0	 0.0
1	2017	19	19725.0	 24.0	 32.0	3.000	 1.0	 2.0
1	2017	20	19094.0	 23.0	 32.0	3.000	 1.0	 0.0
1	2017	21	18850.0	 24.0	 32.0	3.000	 1.0	 5.0
1	2017	22	15627.0	 24.0	 30.0	3.000	 1.0	 9.0
1	2017	23	19285.0	 23.0	 31.0	3.000	 1.0	 2.0
1	2017	24	19669.0	 23.0	 31.0	2.000	 1.0	 0.0
1	2017	25	22283.0	 22.0	 32.0	2.000	 0.0	 0.0
1	2017	26	22059.0	 21.0	 32.0	2.000	 1.0	 0.0
1	2017	27	22540.0	 22.0	 33.0	2.000	 0.0	 0.0
1	2017	28	22204.0	 22.0	 32.0	3.000	 1.0	 0.0
1	2017	29	22059.0	 22.0	 33.0	3.000	 1.0	 0.0
1	2017	30	18602.0	 23.0	 31.0	3.000	 1.0	 0.0
1	2017	31	19076.0	 24.0	 32.0	3.000	 1.0	 0.0
1	2017	32	13573.0	 24.0	 29.0	3.000	 2.0	10.0
1	2017	33	20008.0	 23.0	 31.0	3.000	 1.0	15.0
1	2017	34	21202.0	 22.0	 32.0	3.000	 1.0	 1.0
1	2017	35	18344.0	 23.0	 31.0	3.000	 1.0	 1.0
1	2017	36	20454.0	 23.0	 32.0	3.000	 1.0	 1.0
1	2017	37	21767.0	 23.0	 32.0	3.000	 1.0	 0.0
1	2017	38	20692.0	 24.0	 33.0	3.000	 1.0	 0.0
1	2017	39	21035.0	 24.0	 32.0	3.000	 2.0	 0.0
1	2017	40	19299.0	 24.0	 32.0	3.000	 1.0	 0.0
1	2017	41	18899.0	 24.0	 31.0	3.000	 1.0	 2.0
1	2017	42	21322.0	 25.0	 32.0	3.000	 2.0	 0.0
1	2017	43	20423.0	 24.0	 32.0	3.000	 2.0	 0.0
1	2017	44	18726.0	 24.0	 31.0	3.000	 1.0	11.0
1	2017	45	22995.0	 23.0	 33.0	3.000	 0.0	 0.0
1	2017	46	22969.0	 22.0	 34.0	3.000	 1.0	 0.0
1	2017	47	22447.0	 23.0	 34.0	3.000	 1.0	 0.0
1	2017	48	23504.0	 24.0	 33.0	2.000	 1.0	 0.0
1	2017	49	24674.0	 20.0	 34.0	1.000	 1.0	 0.0
1	2017	50	24753.0	 20.0	 33.0	2.000	 0.0	 0.0
1	2017	51	22985.0	 21.0	 33.0	2.000	 1.0	 0.0
1	2017	52	22072.0	 23.0	 34.0	3.000	 1.0	 0.0
1	2017	53	21716.0	 23.0	 33.0	3.000	 2.0	 0.0
1	2017	54	22575.0	 24.0	 33.0	3.000	 2.0	 0.0
1	2017	55	21553.0	 25.0	 34.0	3.000	 2.0	 2.0
1	2017	56	21831.0	 24.0	 33.0	3.000	 2.0	 0.0
1	2017	57	17665.0	 24.0	 31.0	3.000	 2.0	 8.0
1	2017	58	21092.0	 23.0	 31.0	3.000	 1.0	 2.0
1	2017	59	20393.0	 24.0	 32.0	3.000	 1.0	 3.0
1	2017	60	19350.0	 25.0	 31.0	3.000	 2.0	 1.0
1	2017	61	21117.0	 24.0	 32.0	3.000	 2.0	 1.0
1	2017	62	21867.0	 24.0	 32.0	3.000	 2.0	 0.0
1	2017	63	20695.0	 25.0	 32.0	3.000	 2.0	 0.0
1	2017	64	20169.0	 24.0	 32.0	3.000	 2.0	 2.0
1	2017	65	18270.0	 25.0	 31.0	3.000	 2.0	 7.0
1	2017	66	18780.0	 24.0	 30.0	3.000	 1.0	 2.0
1	2017	67	22799.0	 23.0	 33.0	3.000	 1.0	 0.0
1	2017	68	20884.0	 25.0	 32.0	3.000	 2.0	 0.0
1	2017	69	19208.0	 24.0	 32.0	3.000	 2.0	 3.0
1	2017	70	21039.0	 24.0	 31.0	3.000	 2.0	 1.0
1	2017	71	18436.0	 23.0	 31.0	3.000	 1.0	 1.0
1	2017	72	22111.0	 24.0	 33.0	3.000	 2.0	 1.0
1	2017	73	22440.0	 24.0	 33.0	3.000	 2.0	 6.0
1	2017	74	22902.0	 24.0	 32.0	3.000	 2.0	 1.0
1	2017	75	23800.0	 23.0	 33.0	3.000	 1.0	 0.0
1	2017	76	23456.0	 24.0	 33.0	3.000	 2.0	 0.0
1	2017	77	24023.0	 24.0	 33.0	3.000	 2.0	 0.0
1	2017	78	23274.0	 24.0	 33.0	3.000	 2.0	 4.0
1	2017	79	16354.0	 24.0	 30.0	3.000	 1.0	11.0
1	2017	80	23170.0	 24.0	 32.0	3.000	 1.0	 2.0
1	2017	81	16189.0	 25.0	 31.0	3.000	 2.0	 1.0
1	2017	82	18352.0	 24.0	 30.0	3.000	 2.0	 3.0
1	2017	83	21429.0	 23.0	 31.0	3.000	 1.0	 6.0
1	2017	84	20683.0	 24.0	 32.0	3.000	 2.0	 4.0
1	2017	85	23655.0	 23.0	 32.0	3.000	 2.0	 0.0
1	2017	86	23035.0	 24.0	 33.0	3.000	 2.0	 0.0
1	2017	87	24732.0	 23.0	 34.0	3.000	 2.0	 0.0
1	2017	88	23871.0	 25.0	 33.0	3.000	 2.0	 0.0
1	2017	89	20507.0	 25.0	 32.0	3.000	 2.0	 4.0
1	2017	90	19847.0	 24.0	 32.0	3.000	 2.0	 1.0
1	2017	91	24617.0	 24.0	 33.0	3.000	 2.0	 2.0
1	2017	92	22467.0	 24.0	 32.0	3.000	 2.0	 4.0
1	2017	93	15870.0	 24.0	 29.0	3.000	 0.0	 5.0
1	2017	94	20581.0	 24.0	 32.0	3.000	 1.0	 7.0
1	2017	95	22120.0	 24.0	 31.0	3.000	 2.0	 4.0
1	2017	96	17202.0	 24.0	 30.0	3.000	 1.0	 9.0
1	2017	97	17673.0	 24.0	 30.0	3.000	 0.0	 6.0
1	2017	98	18176.0	 23.0	 30.0	3.000	 1.0	15.0
1	2017	99	16274.0	 23.0	 30.0	3.000	 1.0	 1.0
1	2017	100	23199.0	 23.0	 32.0	3.000	 2.0	 3.0
1	2017	101	22311.0	 23.0	 31.0	3.000	 1.0	 2.0
1	2017	102	19673.0	 25.0	 31.0	3.000	 2.0	 1.0
1	2017	103	22495.0	 24.0	 32.0	3.000	 1.0	 2.0
1	2017	104	13805.0	 25.0	 29.0	3.000	 2.0	 2.0
1	2017	105	19241.0	 24.0	 31.0	3.000	 1.0	20.0
1	2017	106	17057.0	 23.0	 30.0	3.000	 2.0	 0.0
1	2017	107	25104.0	 23.0	 33.0	3.000	 2.0	 0.0
1	2017	108	21106.0	 24.0	 31.0	3.000	 2.0	 5.0
1	2017	109	22375.0	 24.0	 31.0	3.000	 1.0	 4.0
1	2017	110	19869.0	 25.0	 31.0	3.000	 2.0	 2.0
1	2017	111	14834.0	 24.0	 29.0	3.000	 2.0	12.0
1	2017	112	24894.0	 23.0	 31.0	3.000	 2.0	 0.0
1	2017	113	23863.0	 23.0	 31.0	3.000	 1.0	 4.0
1	2017	114	23212.0	 23.0	 31.0	3.000	 1.0	 5.0
1	2017	115	17611.0	 24.0	 30.0	3.000	 1.0	15.0
1	2017	116	19185.0	 24.0	 31.0	3.000	 2.0	 4.0
1	2017	117	20706.0	 23.0	 30.0	3.000	 1.0	 9.0
1	2017	118	22957.0	 23.0	 31.0	3.000	 2.0	 2.0
1	2017	119	19907.0	 24.0	 31.0	3.000	 2.0	 3.0
1	2017	120	22186.0	 24.0	 31.0	3.000	 2.0	 2.0
1	2017	121	20701.0	 24.0	 31.0	3.000	 2.0	 3.0
1	2017	122	21206.0	 23.0	 30.0	3.000	 2.0	 1.0
1	2017	123	17836.0	 24.0	 29.0	3.000	 1.0	 9.0
1	2017	124	13871.0	 24.0	 27.0	3.000	 2.0	17.0
1	2017	125	16605.0	 23.0	 30.0	3.000	 1.0	 6.0
1	2017	126	23924.0	 24.0	 32.0	3.000	 2.0	 3.0
1	2017	127	19883.0	 24.0	 31.0	3.000	 2.0	 5.0
1	2017	128	22579.0	 24.0	 31.0	3.000	 2.0	 5.0
1	2017	129	22620.0	 23.0	 31.0	3.000	 1.0	 3.0
1	2017	130	21453.0	 25.0	 31.0	3.000	 2.0	 1.0
1	2017	131	20981.0	 24.0	 30.0	3.000	 1.0	 6.0
1	2017	132	18378.0	 23.0	 30.0	3.000	 1.0	 6.0
1	2017	133	16955.0	 24.0	 30.0	3.000	 0.0	 1.0
1	2017	134	16661.0	 24.0	 30.0	3.000	 1.0	18.0
1	2017	135	15978.0	 24.0	 29.0	3.000	 2.0	 4.0
1	2017	136	13148.0	 24.0	 28.0	3.000	 2.0	14.0
1	2017	137	17786.0	 24.0	 29.0	3.000	 1.0	 1.0
1	2017	138	19239.0	 23.0	 29.0	3.000	 1.0	10.0
1	2017	139	21250.0	 23.0	 29.0	3.000	 1.0	 1.0
1	2017	140	19131.0	 23.0	 30.0	3.000	 1.0	 7.0
1	2017	141	16993.0	 24.0	 29.0	3.000	 1.0	 1.0
1	2017	142	21602.0	 24.0	 31.0	3.000	 1.0	 3.0
1	2017	143	18407.0	 24.0	 30.0	3.000	 1.0	 3.0
1	2017	144	18422.0	 24.0	 30.0	3.000	 1.0	 5.0
1	2017	145	17913.0	 23.0	 29.0	3.000	 1.0	12.0
1	2017	146	11407.0	 23.0	 27.0	3.000	 0.0	18.0
1	2017	147	20028.0	 22.0	 30.0	3.000	 1.0	 2.0
1	2017	148	17208.0	 24.0	 29.0	3.000	 1.0	 9.0
1	2017	149	18789.0	 23.0	 30.0	3.000	 2.0	 3.0
1	2017	150	20622.0	 24.0	 30.0	3.000	 2.0	 5.0
1	2017	151	16204.0	 23.0	 29.0	3.000	 1.0	 4.0
1	2017	152	19580.0	 22.0	 30.0	3.000	 0.0	 2.0
1	2017	153	19209.0	 23.0	 30.0	3.000	 1.0	 2.0
1	2017	154	12979.0	 24.0	 28.0	3.000	 1.0	 9.0
1	2017	155	20195.0	 23.0	 30.0	3.000	 2.0	 2.0
1	2017	156	11906.0	 24.0	 27.0	3.000	 1.0	11.0
1	2017	157	13030.0	 23.0	 27.0	3.000	 1.0	17.0
1	2017	158	17740.0	 23.0	 29.0	3.000	 1.0	 5.0
1	2017	159	18475.0	 22.0	 29.0	3.000	 1.0	 8.0
1	2017	160	19407.0	 23.0	 30.0	3.000	 2.0	13.0
1	2017	161	13403.0	 24.0	 28.0	3.000	 2.0	 6.0
1	2017	162	16019.0	 24.0	 29.0	3.000	 1.0	 5.0
1	2017	163	8602.0	 23.0	 27.0	3.000	 1.0	20.0
1	2017	164	13976.0	 23.0	 28.0	3.000	 2.0	 3.0
1	2017	165	15598.0	 23.0	 28.0	3.000	 2.0	 1.0
1	2017	166	13020.0	 23.0	 27.0	3.000	 1.0	16.0
1	2017	167	15826.0	 22.0	 28.0	3.000	 1.0	 9.0
1	2017	168	13736.0	 22.0	 27.0	3.000	 0.0	 2.0
1	2017	169	16681.0	 22.0	 28.0	3.000	 1.0	15.0
1	2017	170	15199.0	 22.0	 28.0	3.000	 2.0	12.0
1	2017	171	9272.0	 23.0	 25.0	3.000	 2.0	20.0
1	2017	172	10754.0	 22.0	 26.0	3.000	 1.0	 6.0
1	2017	173	16597.0	 22.0	 28.0	3.000	 1.0	 3.0
1	2017	174	16748.0	 23.0	 29.0	3.000	 1.0	 3.0
1	2017	175	13316.0	 23.0	 27.0	3.000	 3.0	 9.0
1	2017	176	13830.0	 22.0	 27.0	3.000	 1.0	10.0
1	2017	177	12670.0	 22.0	 27.0	3.000	 1.0	16.0
1	2017	178	17568.0	 22.0	 29.0	3.000	 1.0	 4.0
1	2017	179	15968.0	 23.0	 27.0	3.000	 1.0	14.0
1	2017	180	11980.0	 22.0	 27.0	3.000	 1.0	11.0
1	2017	181	17962.0	 22.0	 28.0	3.000	 1.0	 1.0
1	2017	182	13976.0	 22.0	 27.0	3.000	 1.0	11.0
1	2017	183	12655.0	 22.0	 26.0	3.000	 1.0	 9.0
1	2017	184	17527.0	 22.0	 28.0	3.000	 2.0	 6.0
1	2017	185	15437.0	 23.0	 27.0	3.000	 2.0	18.0
1	2017	186	15193.0	 22.0	 27.0	3.000	 1.0	 8.0
1	2017	187	13061.0	 22.0	 26.0	3.000	 1.0	20.0
1	2017	188	8272.0	 21.0	 25.0	3.000	 1.0	19.0
1	2017	189	10661.0	 23.0	 26.0	3.000	 2.0	 6.0
1	2017	190	15283.0	 22.0	 27.0	3.000	 2.0	 7.0
1	2017	191	19652.0	 22.0	 28.0	2.000	 3.0	 0.0
1	2017	192	25490.0	 20.0	 28.0	2.000	 2.0	 0.0
1	2017	193	20678.0	 20.0	 28.0	3.000	 1.0	 0.0
1	2017	194	18286.0	 21.0	 27.0	3.000	 1.0	 9.0
1	2017	195	17250.0	 21.0	 27.0	3.000	 1.0	 3.0
1	2017	196	17488.0	 22.0	 28.0	3.000	 1.0	 3.0
1	2017	197	14635.0	 22.0	 26.0	3.000	 1.0	 7.0
1	2017	198	14674.0	 22.0	 27.0	3.000	 1.0	 9.0
1	2017	199	14639.0	 22.0	 27.0	3.000	 2.0	 5.0
1	2017	200	15467.0	 23.0	 27.0	3.000	 2.0	 8.0
1	2017	201	13960.0	 23.0	 27.0	3.000	 1.0	 4.0
1	2017	202	18282.0	 22.0	 28.0	3.000	 1.0	 6.0
1	2017	203	13491.0	 22.0	 27.0	3.000	 1.0	16.0
1	2017	204	6066.0	 22.0	 24.0	3.000	 1.0	17.0
1	2017	205	8465.0	 22.0	 25.0	3.000	 2.0	26.0
1	2017	206	9144.0	 22.0	 25.0	3.000	 2.0	 8.0
1	2017	207	11214.0	 22.0	 26.0	3.000	 2.0	 4.0
1	2017	208	18426.0	 22.0	 28.0	3.000	 2.0	 2.0
1	2017	209	14560.0	 22.0	 27.0	3.000	 1.0	 8.0
1	2017	210	15376.0	 22.0	 27.0	3.000	 1.0	15.0
1	2017	211	15763.0	 22.0	 27.0	3.000	 1.0	10.0
1	2017	212	15226.0	 22.0	 27.0	3.000	 1.0	11.0
1	2017	213	13589.0	 22.0	 27.0	3.000	 1.0	10.0
1	2017	214	7450.0	 22.0	 24.0	3.000	 2.0	30.0
1	2017	215	11260.0	 22.0	 26.0	3.000	 2.0	 6.0
1	2017	216	9395.0	 22.0	 25.0	3.000	 1.0	16.0
1	2017	217	8570.0	 22.0	 25.0	3.000	 2.0	14.0
1	2017	218	17738.0	 21.0	 28.0	3.000	 2.0	 3.0
1	2017	219	17463.0	 22.0	 28.0	3.000	 1.0	 2.0
1	2017	220	17636.0	 22.0	 28.0	3.000	 1.0	 5.0
1	2017	221	11515.0	 22.0	 27.0	3.000	 2.0	21.0
1	2017	222	17226.0	 22.0	 29.0	3.000	 1.0	 2.0
1	2017	223	16791.0	 22.0	 27.0	3.000	 1.0	 8.0
1	2017	224	16857.0	 22.0	 28.0	3.000	 0.0	 6.0
1	2017	225	13034.0	 22.0	 27.0	3.000	 2.0	 4.0
1	2017	226	12164.0	 23.0	 27.0	3.000	 1.0	21.0
1	2017	227	9254.0	 22.0	 25.0	3.000	 2.0	17.0
1	2017	228	11088.0	 22.0	 27.0	3.000	 1.0	 2.0
1	2017	229	12946.0	 22.0	 27.0	3.000	 1.0	13.0
1	2017	230	5177.0	 22.0	 24.0	3.000	 3.0	23.0
1	2017	231	17480.0	 22.0	 28.0	3.000	 2.0	 1.0
1	2017	232	15619.0	 21.0	 27.0	3.000	 1.0	 1.0
1	2017	233	15001.0	 21.0	 27.0	3.000	 2.0	 1.0
1	2017	234	14599.0	 21.0	 27.0	3.000	 2.0	 3.0
1	2017	235	15474.0	 22.0	 27.0	3.000	 1.0	 2.0
1	2017	236	20095.0	 21.0	 28.0	3.000	 1.0	 5.0
1	2017	237	13762.0	 22.0	 27.0	3.000	 0.0	15.0
1	2017	238	6296.0	 22.0	 24.0	3.000	 0.0	17.0
1	2017	239	17732.0	 22.0	 28.0	3.000	 1.0	 3.0
1	2017	240	14997.0	 21.0	 27.0	3.000	 1.0	 7.0
1	2017	241	14484.0	 23.0	 28.0	3.000	 1.0	 9.0
1	2017	242	5739.0	 22.0	 24.0	3.000	 2.0	71.0
1	2017	243	14553.0	 22.0	 27.0	3.000	 2.0	 2.0
1	2017	244	13677.0	 22.0	 26.0	3.000	 1.0	 6.0
1	2017	245	13961.0	 21.0	 26.0	3.000	 1.0	14.0
1	2017	246	14442.0	 22.0	 27.0	3.000	 1.0	 9.0
1	2017	247	12864.0	 22.0	 26.0	3.000	 1.0	 7.0
1	2017	248	21093.0	 21.0	 29.0	3.000	 0.0	 2.0
1	2017	249	16151.0	 22.0	 27.0	3.000	 1.0	 6.0
1	2017	250	9550.0	 22.0	 26.0	3.000	 2.0	37.0
1	2017	251	13520.0	 21.0	 27.0	3.000	 1.0	 6.0
1	2017	252	17873.0	 21.0	 28.0	3.000	 1.0	 2.0
1	2017	253	19744.0	 22.0	 28.0	3.000	 0.0	 5.0
1	2017	254	13896.0	 22.0	 28.0	3.000	 1.0	13.0
1	2017	255	11983.0	 22.0	 26.0	3.000	 2.0	11.0
1	2017	256	16252.0	 22.0	 27.0	3.000	 1.0	 3.0
1	2017	257	18987.0	 22.0	 29.0	3.000	 1.0	 4.0
1	2017	258	15901.0	 22.0	 28.0	3.000	 2.0	 4.0
1	2017	259	15262.0	 23.0	 28.0	3.000	 2.0	 6.0
1	2017	260	16031.0	 22.0	 28.0	3.000	 1.0	 2.0
1	2017	261	19597.0	 22.0	 28.0	3.000	 0.0	 5.0
1	2017	262	17069.0	 22.0	 29.0	3.000	 1.0	 9.0
1	2017	263	17711.0	 22.0	 29.0	3.000	 2.0	 1.0
1	2017	264	17915.0	 22.0	 28.0	3.000	 2.0	 2.0
1	2017	265	10685.0	 23.0	 26.0	3.000	 2.0	 5.0
1	2017	266	19239.0	 22.0	 28.0	3.000	 1.0	 6.0
1	2017	267	17849.0	 22.0	 29.0	3.000	 0.0	11.0
1	2017	268	16691.0	 23.0	 29.0	3.000	 1.0	 8.0
1	2017	269	15578.0	 22.0	 29.0	3.000	 1.0	 8.0
1	2017	270	16876.0	 21.0	 29.0	3.000	 1.0	 0.0
1	2017	271	18652.0	 22.0	 28.0	3.000	 1.0	 9.0
1	2017	272	4519.0	 22.0	 25.0	3.000	 1.0	33.0
1	2017	273	19449.0	 21.0	 29.0	3.000	 1.0	 2.0
1	2017	274	18145.0	 22.0	 29.0	3.000	 1.0	13.0
1	2017	275	22525.0	 22.0	 29.0	3.000	 1.0	 1.0
1	2017	276	19842.0	 22.0	 29.0	3.000	 0.0	 4.0
1	2017	277	16176.0	 23.0	 28.0	3.000	 1.0	 9.0
1	2017	278	14313.0	 23.0	 28.0	3.000	 1.0	12.0
1	2017	279	16774.0	 22.0	 29.0	3.000	 1.0	10.0
1	2017	280	15138.0	 22.0	 28.0	3.000	 1.0	 7.0
1	2017	281	10226.0	 22.0	 27.0	3.000	 1.0	16.0
1	2017	282	20999.0	 22.0	 30.0	3.000	 0.0	 5.0
1	2017	283	18196.0	 22.0	 29.0	3.000	 1.0	 7.0
1	2017	284	16616.0	 22.0	 29.0	3.000	 1.0	 5.0
1	2017	285	18708.0	 22.0	 28.0	3.000	 1.0	10.0
1	2017	286	17556.0	 22.0	 29.0	3.000	 1.0	 9.0
1	2017	287	17340.0	 23.0	 28.0	3.000	 1.0	23.0
1	2017	288	21388.0	 22.0	 30.0	3.000	 1.0	 1.0
1	2017	289	19599.0	 23.0	 29.0	3.000	 1.0	 9.0
1	2017	290	21192.0	 23.0	 30.0	3.000	 1.0	 5.0
1	2017	291	19000.0	 23.0	 29.0	3.000	 1.0	12.0
1	2017	292	20772.0	 23.0	 29.0	3.000	 1.0	12.0
1	2017	293	20536.0	 22.0	 29.0	3.000	 2.0	 5.0
1	2017	294	19909.0	 23.0	 30.0	3.000	 1.0	 1.0
1	2017	295	17946.0	 23.0	 29.0	3.000	 2.0	 1.0
1	2017	296	16407.0	 23.0	 29.0	3.000	 1.0	 5.0
1	2017	297	20254.0	 22.0	 30.0	3.000	 1.0	 2.0
1	2017	298	20062.0	 23.0	 30.0	3.000	 2.0	 1.0
1	2017	299	19063.0	 23.0	 29.0	3.000	 1.0	 3.0
1	2017	300	19543.0	 22.0	 30.0	3.000	 1.0	 2.0
1	2017	301	16204.0	 23.0	 28.0	3.000	 1.0	 7.0
1	2017	302	20648.0	 22.0	 30.0	3.000	 1.0	 1.0
1	2017	303	21668.0	 22.0	 31.0	3.000	 1.0	 2.0
1	2017	304	18662.0	 24.0	 30.0	3.000	 2.0	 2.0
1	2017	305	20023.0	 23.0	 30.0	3.000	 1.0	13.0
1	2017	306	18645.0	 23.0	 29.0	3.000	 2.0	14.0
1	2017	307	19757.0	 22.0	 30.0	3.000	 1.0	19.0
1	2017	308	16342.0	 23.0	 29.0	3.000	 2.0	 7.0
1	2017	309	19038.0	 22.0	 29.0	3.000	 1.0	 8.0
1	2017	310	15554.0	 22.0	 28.0	3.000	 1.0	 5.0
1	2017	311	18552.0	 22.0	 29.0	3.000	 0.0	 5.0
1	2017	312	21437.0	 22.0	 30.0	3.000	 1.0	 1.0
1	2017	313	20416.0	 23.0	 30.0	3.000	 1.0	 2.0
1	2017	314	20569.0	 22.0	 30.0	3.000	 1.0	 3.0
1	2017	315	18634.0	 23.0	 29.0	3.000	 1.0	 4.0
1	2017	316	20179.0	 23.0	 30.0	3.000	 2.0	 1.0
1	2017	317	19736.0	 23.0	 30.0	3.000	 1.0	 9.0
1	2017	318	17336.0	 23.0	 29.0	3.000	 1.0	15.0
1	2017	319	14779.0	 24.0	 29.0	3.000	 1.0	 7.0
1	2017	320	16396.0	 23.0	 29.0	3.000	 1.0	 5.0
1	2017	321	17178.0	 23.0	 29.0	3.000	 1.0	 1.0
1	2017	322	17607.0	 22.0	 29.0	3.000	 1.0	 9.0
1	2017	323	16408.0	 23.0	 28.0	3.000	 2.0	 5.0
1	2017	324	15533.0	 23.0	 29.0	3.000	 1.0	 9.0
1	2017	325	19130.0	 22.0	 29.0	3.000	 1.0	14.0
1	2017	326	15421.0	 23.0	 28.0	3.000	 2.0	 6.0
1	2017	327	16489.0	 23.0	 29.0	3.000	 1.0	12.0
1	2017	328	18455.0	 22.0	 29.0	3.000	 1.0	 3.0
1	2017	329	17286.0	 22.0	 29.0	3.000	 1.0	10.0
1	2017	330	21517.0	 21.0	 32.0	3.000	 1.0	 0.0
1	2017	331	21311.0	 22.0	 30.0	3.000	 1.0	 0.0
1	2017	332	20873.0	 21.0	 29.0	3.000	 0.0	 1.0
1	2017	333	20618.0	 22.0	 30.0	3.000	 1.0	 0.0
1	2017	334	19727.0	 22.0	 30.0	3.000	 1.0	 1.0
1	2017	335	21122.0	 21.0	 31.0	3.000	 1.0	 0.0
1	2017	336	19785.0	 22.0	 30.0	3.000	 1.0	 0.0
1	2017	337	17759.0	 23.0	 29.0	3.000	 1.0	 1.0
1	2017	338	19996.0	 22.0	 30.0	3.000	 1.0	 1.0
1	2017	339	18530.0	 24.0	 30.0	3.000	 1.0	 2.0
1	2017	340	19337.0	 24.0	 30.0	3.000	 1.0	 1.0
1	2017	341	17191.0	 24.0	 30.0	3.000	 1.0	 2.0
1	2017	342	16808.0	 23.0	 29.0	3.000	 1.0	 8.0
1	2017	343	16598.0	 23.0	 28.0	3.000	 0.0	 9.0
1	2017	344	20674.0	 22.0	 30.0	2.000	 0.0	 0.0
1	2017	345	21414.0	 22.0	 30.0	2.000	 0.0	 0.0
1	2017	346	17756.0	 21.0	 30.0	3.000	 1.0	 0.0
1	2017	347	20990.0	 22.0	 32.0	3.000	 1.0	 0.0
1	2017	348	18815.0	 22.0	 30.0	3.000	 1.0	 1.0
1	2017	349	18444.0	 22.0	 30.0	3.000	 1.0	 0.0
1	2017	350	17972.0	 23.0	 30.0	3.000	 1.0	 2.0
1	2017	351	18356.0	 23.0	 30.0	3.000	 1.0	 0.0
1	2017	352	18309.0	 23.0	 30.0	3.000	 2.0	 0.0
1	2017	353	14506.0	 24.0	 28.0	3.000	 1.0	 8.0
1	2017	354	15682.0	 23.0	 30.0	3.000	 1.0	 9.0
1	2017	355	15798.0	 22.0	 30.0	3.000	 0.0	 5.0
1	2017	356	20734.0	 22.0	 31.0	2.000	 1.0	 0.0
1	2017	357	21794.0	 20.0	 31.0	2.000	 1.0	 0.0
1	2017	358	21880.0	 20.0	 31.0	2.000	 1.0	 0.0
1	2017	359	21552.0	 20.0	 32.0	2.000	 1.0	 0.0
1	2017	360	21206.0	 21.0	 31.0	2.000	 0.0	 0.0
1	2017	361	22101.0	 20.0	 32.0	2.000	 0.0	 0.0
1	2017	362	21971.0	 20.0	 32.0	2.000	 1.0	 0.0
1	2017	363	21345.0	 21.0	 32.0	3.000	 0.0	 0.0
1	2017	364	21210.0	 21.0	 32.0	3.000	 0.0	 0.0
1	2017	365	21974.0	 21.0	 32.0	2.000	 1.0	 0.0
