*---------------------------------------------------
* Station: Volta
* Year: 2013
* Origin: ERA5-Reanalysis
* Columns & units
* ===================
* 1. station number
* 2. year
* 3. Day of Year
* 4. Irradiance   (kJ路m-2路d-1)
* 5. Daily minimum temperature (degC)
* 6. Daily maximum temperature (degC)
* 7. Vapour pressure (kPa)
* 8. Mean wind speed (m路s-1)
* 9. Precipitation (mm路d-1)
** WCCDESCRIPTION=Volta
** WCCFORMAT=2
** WCCYEARNR=2013
*------------------------------------------------------------*
0.40  7.24  734.00 -0.18  -0.55
1	2013	1	22177.0	 19.0	 32.0	1.000	 1.0	 0.0
1	2013	2	22132.0	 19.0	 32.0	1.000	 1.0	 0.0
1	2013	3	21704.0	 20.0	 32.0	2.000	 0.0	 0.0
1	2013	4	21886.0	 20.0	 33.0	2.000	 1.0	 0.0
1	2013	5	21703.0	 19.0	 32.0	1.000	 1.0	 0.0
1	2013	6	22683.0	 19.0	 32.0	1.000	 1.0	 0.0
1	2013	7	22666.0	 20.0	 33.0	1.000	 0.0	 0.0
1	2013	8	21677.0	 20.0	 33.0	2.000	 1.0	 0.0
1	2013	9	19510.0	 22.0	 33.0	2.000	 0.0	 0.0
1	2013	10	22121.0	 22.0	 34.0	2.000	 0.0	 0.0
1	2013	11	21786.0	 21.0	 32.0	2.000	 1.0	 0.0
1	2013	12	22545.0	 21.0	 34.0	2.000	 0.0	 0.0
1	2013	13	22655.0	 20.0	 35.0	2.000	 1.0	 0.0
1	2013	14	21422.0	 21.0	 32.0	2.000	 1.0	 0.0
1	2013	15	21446.0	 23.0	 33.0	2.000	 0.0	 0.0
1	2013	16	22397.0	 23.0	 35.0	2.000	 0.0	 0.0
1	2013	17	21009.0	 23.0	 33.0	3.000	 1.0	 0.0
1	2013	18	21618.0	 24.0	 33.0	2.000	 1.0	 0.0
1	2013	19	20379.0	 24.0	 33.0	3.000	 2.0	 0.0
1	2013	20	19993.0	 24.0	 33.0	3.000	 1.0	 0.0
1	2013	21	19448.0	 24.0	 33.0	3.000	 1.0	 0.0
1	2013	22	17462.0	 25.0	 32.0	3.000	 1.0	 6.0
1	2013	23	18328.0	 24.0	 32.0	3.000	 1.0	 3.0
1	2013	24	19820.0	 24.0	 32.0	3.000	 2.0	 0.0
1	2013	25	19805.0	 24.0	 32.0	3.000	 1.0	 0.0
1	2013	26	18755.0	 24.0	 31.0	3.000	 1.0	 0.0
1	2013	27	19407.0	 23.0	 31.0	3.000	 1.0	 0.0
1	2013	28	20525.0	 24.0	 34.0	2.000	 0.0	 0.0
1	2013	29	21283.0	 22.0	 33.0	2.000	 1.0	 0.0
1	2013	30	22384.0	 22.0	 34.0	2.000	 1.0	 0.0
1	2013	31	22975.0	 22.0	 34.0	2.000	 1.0	 0.0
1	2013	32	23845.0	 20.0	 33.0	1.000	 1.0	 0.0
1	2013	33	24054.0	 19.0	 33.0	1.000	 0.0	 0.0
1	2013	34	23655.0	 21.0	 32.0	2.000	 0.0	 0.0
1	2013	35	23394.0	 21.0	 34.0	2.000	 0.0	 0.0
1	2013	36	22633.0	 21.0	 35.0	2.000	 1.0	 0.0
1	2013	37	20284.0	 23.0	 32.0	3.000	 1.0	 0.0
1	2013	38	19675.0	 24.0	 33.0	3.000	 1.0	 3.0
1	2013	39	22320.0	 23.0	 34.0	3.000	 1.0	 0.0
1	2013	40	23065.0	 22.0	 34.0	2.000	 1.0	 0.0
1	2013	41	21115.0	 23.0	 33.0	3.000	 1.0	 0.0
1	2013	42	19556.0	 23.0	 33.0	3.000	 1.0	 0.0
1	2013	43	22249.0	 23.0	 34.0	3.000	 1.0	 0.0
1	2013	44	18211.0	 24.0	 32.0	3.000	 2.0	 0.0
1	2013	45	21683.0	 24.0	 33.0	3.000	 1.0	 0.0
1	2013	46	21802.0	 24.0	 33.0	3.000	 1.0	 0.0
1	2013	47	21222.0	 24.0	 33.0	3.000	 1.0	 0.0
1	2013	48	21100.0	 24.0	 33.0	3.000	 2.0	 0.0
1	2013	49	20669.0	 23.0	 32.0	3.000	 2.0	 0.0
1	2013	50	19204.0	 24.0	 32.0	3.000	 2.0	 4.0
1	2013	51	20894.0	 24.0	 32.0	3.000	 2.0	 1.0
1	2013	52	19401.0	 23.0	 31.0	3.000	 1.0	 5.0
1	2013	53	19379.0	 23.0	 31.0	3.000	 1.0	 3.0
1	2013	54	21831.0	 24.0	 32.0	3.000	 1.0	 0.0
1	2013	55	20038.0	 25.0	 33.0	3.000	 2.0	 2.0
1	2013	56	18774.0	 25.0	 31.0	3.000	 2.0	15.0
1	2013	57	21112.0	 24.0	 32.0	3.000	 2.0	 1.0
1	2013	58	20024.0	 24.0	 32.0	3.000	 2.0	 0.0
1	2013	59	23309.0	 24.0	 33.0	3.000	 2.0	 0.0
1	2013	60	18689.0	 24.0	 31.0	3.000	 2.0	 1.0
1	2013	61	19954.0	 24.0	 32.0	3.000	 1.0	10.0
1	2013	62	22926.0	 24.0	 33.0	3.000	 2.0	 1.0
1	2013	63	19203.0	 24.0	 32.0	3.000	 2.0	14.0
1	2013	64	12165.0	 23.0	 29.0	3.000	 1.0	 0.0
1	2013	65	20417.0	 24.0	 32.0	3.000	 2.0	 0.0
1	2013	66	22280.0	 24.0	 32.0	3.000	 2.0	 0.0
1	2013	67	20098.0	 25.0	 31.0	3.000	 2.0	 1.0
1	2013	68	18059.0	 25.0	 31.0	3.000	 2.0	 7.0
1	2013	69	15155.0	 25.0	 30.0	3.000	 2.0	 1.0
1	2013	70	20155.0	 25.0	 31.0	3.000	 2.0	 2.0
1	2013	71	22053.0	 24.0	 31.0	3.000	 2.0	 2.0
1	2013	72	20648.0	 23.0	 31.0	3.000	 1.0	 5.0
1	2013	73	19486.0	 24.0	 31.0	3.000	 1.0	 3.0
1	2013	74	19605.0	 24.0	 31.0	3.000	 1.0	50.0
1	2013	75	15264.0	 23.0	 29.0	3.000	 1.0	13.0
1	2013	76	20913.0	 24.0	 31.0	3.000	 2.0	 2.0
1	2013	77	23569.0	 23.0	 32.0	3.000	 2.0	 1.0
1	2013	78	20407.0	 24.0	 30.0	3.000	 1.0	 1.0
1	2013	79	21818.0	 24.0	 32.0	3.000	 2.0	 2.0
1	2013	80	18862.0	 25.0	 31.0	3.000	 3.0	 2.0
1	2013	81	17061.0	 24.0	 30.0	3.000	 2.0	 4.0
1	2013	82	22215.0	 24.0	 31.0	3.000	 1.0	 1.0
1	2013	83	9075.0	 24.0	 28.0	3.000	 2.0	 2.0
1	2013	84	22273.0	 24.0	 31.0	3.000	 2.0	 2.0
1	2013	85	19623.0	 24.0	 30.0	3.000	 2.0	 2.0
1	2013	86	19358.0	 24.0	 30.0	3.000	 1.0	 2.0
1	2013	87	16923.0	 23.0	 29.0	3.000	 0.0	 8.0
1	2013	88	18277.0	 23.0	 30.0	3.000	 1.0	 4.0
1	2013	89	19031.0	 24.0	 30.0	3.000	 1.0	 3.0
1	2013	90	23423.0	 23.0	 32.0	3.000	 2.0	15.0
1	2013	91	23935.0	 23.0	 31.0	3.000	 2.0	 7.0
1	2013	92	11576.0	 23.0	 29.0	3.000	 1.0	 2.0
1	2013	93	23838.0	 23.0	 31.0	3.000	 2.0	 3.0
1	2013	94	21385.0	 24.0	 30.0	3.000	 1.0	 8.0
1	2013	95	18843.0	 24.0	 29.0	3.000	 1.0	 7.0
1	2013	96	17915.0	 24.0	 30.0	3.000	 1.0	 3.0
1	2013	97	20962.0	 23.0	 30.0	3.000	 1.0	 1.0
1	2013	98	19030.0	 24.0	 30.0	3.000	 2.0	 3.0
1	2013	99	18299.0	 24.0	 30.0	3.000	 2.0	 4.0
1	2013	100	19967.0	 23.0	 30.0	3.000	 1.0	 1.0
1	2013	101	24615.0	 23.0	 32.0	3.000	 1.0	 0.0
1	2013	102	21427.0	 24.0	 31.0	3.000	 2.0	 0.0
1	2013	103	20367.0	 24.0	 31.0	3.000	 1.0	 0.0
1	2013	104	21798.0	 24.0	 30.0	3.000	 1.0	 3.0
1	2013	105	15065.0	 25.0	 29.0	3.000	 1.0	12.0
1	2013	106	20507.0	 24.0	 31.0	3.000	 2.0	 1.0
1	2013	107	21671.0	 24.0	 30.0	3.000	 2.0	 1.0
1	2013	108	18761.0	 23.0	 29.0	3.000	 1.0	 7.0
1	2013	109	19160.0	 24.0	 29.0	3.000	 1.0	10.0
1	2013	110	21717.0	 23.0	 29.0	3.000	 1.0	 6.0
1	2013	111	20952.0	 24.0	 30.0	3.000	 1.0	 8.0
1	2013	112	19408.0	 23.0	 30.0	3.000	 1.0	 6.0
1	2013	113	19409.0	 23.0	 30.0	3.000	 1.0	11.0
1	2013	114	22324.0	 23.0	 30.0	3.000	 1.0	 2.0
1	2013	115	22959.0	 23.0	 31.0	3.000	 2.0	 4.0
1	2013	116	13441.0	 23.0	 28.0	3.000	 0.0	 4.0
1	2013	117	22233.0	 23.0	 30.0	3.000	 1.0	 1.0
1	2013	118	20297.0	 23.0	 30.0	3.000	 1.0	 9.0
1	2013	119	21519.0	 23.0	 31.0	3.000	 2.0	 1.0
1	2013	120	21164.0	 24.0	 31.0	3.000	 2.0	16.0
1	2013	121	9698.0	 24.0	 27.0	3.000	 1.0	 5.0
1	2013	122	18832.0	 22.0	 30.0	3.000	 1.0	 0.0
1	2013	123	22391.0	 23.0	 30.0	3.000	 1.0	 3.0
1	2013	124	21503.0	 24.0	 31.0	3.000	 1.0	 8.0
1	2013	125	20560.0	 23.0	 30.0	3.000	 1.0	 8.0
1	2013	126	22029.0	 24.0	 31.0	3.000	 1.0	 6.0
1	2013	127	22562.0	 23.0	 31.0	3.000	 2.0	 2.0
1	2013	128	19027.0	 24.0	 30.0	3.000	 2.0	 7.0
1	2013	129	19820.0	 23.0	 30.0	3.000	 2.0	 1.0
1	2013	130	19348.0	 23.0	 30.0	3.000	 1.0	 9.0
1	2013	131	15937.0	 23.0	 28.0	3.000	 1.0	 6.0
1	2013	132	20714.0	 23.0	 29.0	3.000	 1.0	 6.0
1	2013	133	18937.0	 23.0	 29.0	3.000	 2.0	 0.0
1	2013	134	22809.0	 22.0	 31.0	3.000	 1.0	 5.0
1	2013	135	20870.0	 23.0	 31.0	3.000	 2.0	 4.0
1	2013	136	19695.0	 23.0	 30.0	3.000	 1.0	10.0
1	2013	137	18627.0	 23.0	 29.0	3.000	 1.0	 9.0
1	2013	138	17386.0	 23.0	 29.0	3.000	 1.0	19.0
1	2013	139	15319.0	 23.0	 29.0	3.000	 1.0	11.0
1	2013	140	22239.0	 23.0	 30.0	3.000	 2.0	 3.0
1	2013	141	14987.0	 24.0	 29.0	3.000	 2.0	 4.0
1	2013	142	21764.0	 23.0	 30.0	3.000	 1.0	 3.0
1	2013	143	15656.0	 24.0	 29.0	3.000	 1.0	 1.0
1	2013	144	18787.0	 24.0	 30.0	3.000	 2.0	 2.0
1	2013	145	20044.0	 23.0	 30.0	3.000	 2.0	 1.0
1	2013	146	14310.0	 23.0	 29.0	3.000	 2.0	13.0
1	2013	147	12901.0	 23.0	 27.0	3.000	 1.0	17.0
1	2013	148	19570.0	 22.0	 29.0	3.000	 1.0	 0.0
1	2013	149	15693.0	 23.0	 29.0	3.000	 1.0	14.0
1	2013	150	19469.0	 23.0	 29.0	3.000	 2.0	 6.0
1	2013	151	17237.0	 23.0	 29.0	3.000	 1.0	 1.0
1	2013	152	19327.0	 24.0	 29.0	3.000	 1.0	 7.0
1	2013	153	14812.0	 23.0	 28.0	3.000	 1.0	 6.0
1	2013	154	13853.0	 23.0	 27.0	3.000	 2.0	 6.0
1	2013	155	11325.0	 22.0	 27.0	3.000	 1.0	 3.0
1	2013	156	19691.0	 22.0	 29.0	3.000	 1.0	 5.0
1	2013	157	15277.0	 23.0	 27.0	3.000	 2.0	 5.0
1	2013	158	18906.0	 22.0	 28.0	3.000	 2.0	 3.0
1	2013	159	18759.0	 23.0	 29.0	3.000	 1.0	 5.0
1	2013	160	15386.0	 22.0	 28.0	3.000	 2.0	 9.0
1	2013	161	16375.0	 23.0	 28.0	3.000	 1.0	 6.0
1	2013	162	17572.0	 23.0	 28.0	3.000	 1.0	 3.0
1	2013	163	16975.0	 22.0	 28.0	3.000	 1.0	 4.0
1	2013	164	18810.0	 23.0	 29.0	3.000	 2.0	 3.0
1	2013	165	17969.0	 23.0	 28.0	3.000	 2.0	 2.0
1	2013	166	16645.0	 23.0	 29.0	3.000	 1.0	 5.0
1	2013	167	16329.0	 23.0	 29.0	3.000	 2.0	11.0
1	2013	168	17281.0	 23.0	 28.0	3.000	 2.0	 1.0
1	2013	169	15073.0	 23.0	 27.0	3.000	 2.0	 9.0
1	2013	170	16479.0	 23.0	 28.0	3.000	 2.0	 3.0
1	2013	171	15612.0	 23.0	 27.0	3.000	 2.0	 3.0
1	2013	172	17191.0	 22.0	 28.0	3.000	 2.0	 4.0
1	2013	173	17245.0	 23.0	 28.0	3.000	 2.0	 2.0
1	2013	174	16113.0	 23.0	 28.0	3.000	 2.0	 2.0
1	2013	175	14006.0	 22.0	 27.0	3.000	 2.0	 3.0
1	2013	176	12038.0	 22.0	 27.0	3.000	 2.0	 1.0
1	2013	177	12763.0	 21.0	 27.0	3.000	 1.0	 1.0
1	2013	178	15781.0	 22.0	 28.0	3.000	 1.0	 1.0
1	2013	179	11993.0	 22.0	 26.0	3.000	 1.0	 8.0
1	2013	180	9961.0	 22.0	 25.0	3.000	 1.0	15.0
1	2013	181	11385.0	 22.0	 27.0	3.000	 2.0	10.0
1	2013	182	17220.0	 22.0	 27.0	3.000	 2.0	 1.0
1	2013	183	20590.0	 21.0	 28.0	3.000	 0.0	 2.0
1	2013	184	12043.0	 22.0	 26.0	3.000	 2.0	 3.0
1	2013	185	17784.0	 22.0	 28.0	3.000	 2.0	 6.0
1	2013	186	7471.0	 22.0	 24.0	3.000	 2.0	 9.0
1	2013	187	11722.0	 21.0	 26.0	3.000	 2.0	 8.0
1	2013	188	17708.0	 22.0	 27.0	3.000	 2.0	 5.0
1	2013	189	10628.0	 22.0	 26.0	3.000	 2.0	16.0
1	2013	190	13577.0	 21.0	 26.0	3.000	 1.0	 2.0
1	2013	191	12602.0	 21.0	 26.0	3.000	 1.0	 3.0
1	2013	192	14191.0	 21.0	 27.0	3.000	 1.0	 8.0
1	2013	193	13574.0	 22.0	 26.0	3.000	 1.0	 9.0
1	2013	194	16879.0	 22.0	 27.0	3.000	 1.0	 7.0
1	2013	195	15767.0	 22.0	 27.0	3.000	 1.0	 5.0
1	2013	196	14741.0	 22.0	 26.0	3.000	 2.0	11.0
1	2013	197	18184.0	 22.0	 27.0	3.000	 1.0	 6.0
1	2013	198	16012.0	 22.0	 27.0	3.000	 2.0	 4.0
1	2013	199	17771.0	 22.0	 27.0	3.000	 2.0	 8.0
1	2013	200	15931.0	 22.0	 27.0	3.000	 2.0	13.0
1	2013	201	10744.0	 22.0	 26.0	3.000	 2.0	 7.0
1	2013	202	9206.0	 22.0	 25.0	3.000	 1.0	13.0
1	2013	203	18473.0	 22.0	 27.0	3.000	 1.0	 8.0
1	2013	204	13190.0	 22.0	 26.0	3.000	 1.0	16.0
1	2013	205	11464.0	 22.0	 25.0	3.000	 2.0	12.0
1	2013	206	9491.0	 22.0	 25.0	3.000	 2.0	 4.0
1	2013	207	15630.0	 21.0	 27.0	3.000	 1.0	 2.0
1	2013	208	16852.0	 22.0	 27.0	3.000	 1.0	 3.0
1	2013	209	11408.0	 22.0	 26.0	3.000	 2.0	 3.0
1	2013	210	14322.0	 21.0	 26.0	3.000	 3.0	 2.0
1	2013	211	14993.0	 21.0	 27.0	3.000	 1.0	 1.0
1	2013	212	16197.0	 21.0	 27.0	3.000	 2.0	 1.0
1	2013	213	14555.0	 21.0	 26.0	2.000	 2.0	 1.0
1	2013	214	16834.0	 21.0	 27.0	3.000	 2.0	 2.0
1	2013	215	16516.0	 21.0	 27.0	3.000	 2.0	 1.0
1	2013	216	14315.0	 21.0	 26.0	3.000	 2.0	 2.0
1	2013	217	13353.0	 21.0	 26.0	3.000	 2.0	 3.0
1	2013	218	14850.0	 21.0	 27.0	3.000	 2.0	 7.0
1	2013	219	10255.0	 22.0	 26.0	3.000	 2.0	 4.0
1	2013	220	12674.0	 21.0	 26.0	3.000	 3.0	 4.0
1	2013	221	18997.0	 20.0	 27.0	2.000	 2.0	 0.0
1	2013	222	20250.0	 19.0	 27.0	2.000	 1.0	 1.0
1	2013	223	18443.0	 20.0	 27.0	2.000	 2.0	 1.0
1	2013	224	12576.0	 20.0	 26.0	2.000	 3.0	 1.0
1	2013	225	13304.0	 20.0	 26.0	2.000	 2.0	 1.0
1	2013	226	16439.0	 20.0	 27.0	2.000	 2.0	 1.0
1	2013	227	9211.0	 21.0	 25.0	2.000	 2.0	 4.0
1	2013	228	14820.0	 21.0	 26.0	2.000	 2.0	 2.0
1	2013	229	10389.0	 22.0	 25.0	2.000	 2.0	 2.0
1	2013	230	16683.0	 21.0	 27.0	3.000	 1.0	 2.0
1	2013	231	19618.0	 21.0	 28.0	3.000	 1.0	 2.0
1	2013	232	15657.0	 22.0	 28.0	3.000	 1.0	 4.0
1	2013	233	7909.0	 22.0	 26.0	3.000	 2.0	 2.0
1	2013	234	18033.0	 22.0	 28.0	3.000	 2.0	 2.0
1	2013	235	12499.0	 22.0	 26.0	3.000	 1.0	 2.0
1	2013	236	14410.0	 22.0	 27.0	3.000	 2.0	10.0
1	2013	237	10999.0	 22.0	 26.0	3.000	 1.0	10.0
1	2013	238	13613.0	 21.0	 26.0	3.000	 1.0	 3.0
1	2013	239	19301.0	 21.0	 28.0	3.000	 2.0	 1.0
1	2013	240	17177.0	 21.0	 28.0	3.000	 2.0	 7.0
1	2013	241	2464.0	 21.0	 23.0	3.000	 1.0	82.0
1	2013	242	7745.0	 21.0	 24.0	3.000	 1.0	12.0
1	2013	243	12030.0	 21.0	 25.0	3.000	 1.0	10.0
1	2013	244	16498.0	 21.0	 27.0	3.000	 1.0	 6.0
1	2013	245	14049.0	 22.0	 27.0	3.000	 2.0	 2.0
1	2013	246	19467.0	 21.0	 28.0	3.000	 1.0	 2.0
1	2013	247	19161.0	 21.0	 28.0	3.000	 1.0	 3.0
1	2013	248	15803.0	 22.0	 27.0	3.000	 1.0	14.0
1	2013	249	10769.0	 22.0	 25.0	3.000	 1.0	 9.0
1	2013	250	16611.0	 21.0	 27.0	3.000	 1.0	 3.0
1	2013	251	14208.0	 22.0	 26.0	3.000	 1.0	14.0
1	2013	252	8368.0	 22.0	 25.0	3.000	 1.0	10.0
1	2013	253	13614.0	 22.0	 26.0	3.000	 1.0	 6.0
1	2013	254	13205.0	 22.0	 26.0	3.000	 1.0	14.0
1	2013	255	16062.0	 21.0	 27.0	3.000	 2.0	 7.0
1	2013	256	15775.0	 21.0	 27.0	3.000	 1.0	10.0
1	2013	257	10698.0	 21.0	 26.0	3.000	 0.0	 9.0
1	2013	258	17484.0	 22.0	 28.0	3.000	 1.0	 4.0
1	2013	259	18701.0	 22.0	 28.0	3.000	 1.0	 3.0
1	2013	260	16667.0	 22.0	 28.0	3.000	 0.0	 8.0
1	2013	261	20570.0	 21.0	 29.0	3.000	 0.0	 5.0
1	2013	262	20418.0	 22.0	 29.0	3.000	 1.0	 6.0
1	2013	263	15382.0	 23.0	 28.0	3.000	 1.0	11.0
1	2013	264	17008.0	 22.0	 28.0	3.000	 1.0	 3.0
1	2013	265	16652.0	 23.0	 28.0	3.000	 1.0	 6.0
1	2013	266	9920.0	 22.0	 26.0	3.000	 2.0	19.0
1	2013	267	5037.0	 22.0	 24.0	3.000	 2.0	50.0
1	2013	268	17363.0	 21.0	 27.0	3.000	 2.0	 6.0
1	2013	269	17595.0	 21.0	 28.0	3.000	 1.0	12.0
1	2013	270	12035.0	 22.0	 25.0	3.000	 1.0	18.0
1	2013	271	14049.0	 22.0	 27.0	3.000	 2.0	 2.0
1	2013	272	19316.0	 22.0	 28.0	3.000	 1.0	 3.0
1	2013	273	18947.0	 22.0	 28.0	3.000	 1.0	 6.0
1	2013	274	16681.0	 22.0	 28.0	3.000	 1.0	10.0
1	2013	275	16812.0	 22.0	 27.0	3.000	 1.0	 6.0
1	2013	276	16290.0	 23.0	 27.0	3.000	 1.0	11.0
1	2013	277	13524.0	 23.0	 26.0	3.000	 1.0	10.0
1	2013	278	10326.0	 22.0	 26.0	3.000	 1.0	 4.0
1	2013	279	17323.0	 22.0	 28.0	3.000	 0.0	 9.0
1	2013	280	20649.0	 21.0	 29.0	3.000	 1.0	 5.0
1	2013	281	18640.0	 22.0	 28.0	3.000	 1.0	17.0
1	2013	282	14236.0	 22.0	 28.0	3.000	 1.0	 6.0
1	2013	283	16686.0	 22.0	 27.0	3.000	 1.0	 9.0
1	2013	284	8634.0	 21.0	 25.0	3.000	 1.0	 8.0
1	2013	285	20715.0	 21.0	 30.0	3.000	 1.0	 2.0
1	2013	286	20582.0	 22.0	 30.0	3.000	 2.0	 1.0
1	2013	287	17299.0	 21.0	 28.0	3.000	 1.0	14.0
1	2013	288	13889.0	 22.0	 27.0	3.000	 1.0	 9.0
1	2013	289	21549.0	 22.0	 29.0	3.000	 1.0	 2.0
1	2013	290	15458.0	 22.0	 28.0	3.000	 0.0	19.0
1	2013	291	20805.0	 21.0	 30.0	3.000	 1.0	 3.0
1	2013	292	20618.0	 23.0	 29.0	3.000	 1.0	 2.0
1	2013	293	20614.0	 22.0	 29.0	3.000	 1.0	10.0
1	2013	294	18479.0	 22.0	 29.0	3.000	 2.0	 4.0
1	2013	295	20054.0	 23.0	 29.0	3.000	 2.0	 3.0
1	2013	296	19627.0	 22.0	 30.0	3.000	 1.0	11.0
1	2013	297	21602.0	 22.0	 30.0	3.000	 1.0	 2.0
1	2013	298	19844.0	 23.0	 29.0	3.000	 1.0	10.0
1	2013	299	19689.0	 22.0	 29.0	3.000	 1.0	12.0
1	2013	300	19858.0	 22.0	 30.0	3.000	 1.0	 8.0
1	2013	301	19437.0	 23.0	 29.0	3.000	 1.0	 1.0
1	2013	302	17825.0	 22.0	 29.0	3.000	 2.0	10.0
1	2013	303	18913.0	 23.0	 29.0	3.000	 1.0	 6.0
1	2013	304	18558.0	 22.0	 29.0	3.000	 1.0	21.0
1	2013	305	14570.0	 22.0	 27.0	3.000	 1.0	12.0
1	2013	306	17370.0	 22.0	 28.0	3.000	 1.0	 4.0
1	2013	307	21112.0	 22.0	 30.0	3.000	 1.0	 1.0
1	2013	308	21235.0	 21.0	 30.0	3.000	 1.0	 0.0
1	2013	309	20805.0	 21.0	 29.0	3.000	 1.0	 1.0
1	2013	310	20007.0	 21.0	 30.0	3.000	 1.0	13.0
1	2013	311	19484.0	 22.0	 29.0	3.000	 1.0	11.0
1	2013	312	19893.0	 22.0	 29.0	3.000	 1.0	11.0
1	2013	313	18320.0	 22.0	 29.0	3.000	 1.0	 4.0
1	2013	314	18918.0	 22.0	 30.0	3.000	 1.0	 1.0
1	2013	315	18616.0	 23.0	 29.0	3.000	 2.0	 6.0
1	2013	316	17874.0	 23.0	 29.0	3.000	 1.0	 3.0
1	2013	317	15902.0	 22.0	 28.0	3.000	 1.0	 4.0
1	2013	318	17711.0	 22.0	 29.0	3.000	 1.0	 6.0
1	2013	319	16631.0	 23.0	 29.0	3.000	 2.0	 7.0
1	2013	320	19216.0	 22.0	 30.0	3.000	 1.0	 3.0
1	2013	321	18469.0	 22.0	 29.0	3.000	 1.0	 2.0
1	2013	322	18482.0	 23.0	 30.0	3.000	 1.0	11.0
1	2013	323	18536.0	 23.0	 29.0	3.000	 1.0	 3.0
1	2013	324	18403.0	 23.0	 29.0	3.000	 1.0	 9.0
1	2013	325	16273.0	 22.0	 29.0	3.000	 1.0	 6.0
1	2013	326	18458.0	 23.0	 29.0	3.000	 2.0	 3.0
1	2013	327	16827.0	 23.0	 29.0	3.000	 2.0	 9.0
1	2013	328	14018.0	 22.0	 28.0	3.000	 1.0	 4.0
1	2013	329	15572.0	 22.0	 29.0	3.000	 1.0	15.0
1	2013	330	17815.0	 21.0	 29.0	3.000	 1.0	 8.0
1	2013	331	17731.0	 22.0	 29.0	3.000	 1.0	 3.0
1	2013	332	19451.0	 22.0	 31.0	3.000	 1.0	 0.0
1	2013	333	19352.0	 22.0	 30.0	3.000	 1.0	 0.0
1	2013	334	19072.0	 23.0	 30.0	3.000	 1.0	 1.0
1	2013	335	18628.0	 23.0	 30.0	3.000	 1.0	 0.0
1	2013	336	18529.0	 23.0	 30.0	3.000	 1.0	 4.0
1	2013	337	13177.0	 23.0	 28.0	3.000	 1.0	11.0
1	2013	338	16776.0	 23.0	 29.0	3.000	 1.0	 1.0
1	2013	339	18862.0	 21.0	 29.0	3.000	 1.0	 0.0
1	2013	340	19612.0	 22.0	 29.0	3.000	 1.0	 0.0
1	2013	341	19053.0	 22.0	 28.0	3.000	 1.0	 1.0
1	2013	342	21259.0	 21.0	 29.0	2.000	 1.0	 0.0
1	2013	343	21273.0	 21.0	 31.0	2.000	 0.0	 0.0
1	2013	344	21600.0	 22.0	 30.0	2.000	 1.0	 0.0
1	2013	345	20200.0	 22.0	 29.0	2.000	 1.0	 0.0
1	2013	346	19233.0	 21.0	 29.0	3.000	 1.0	 0.0
1	2013	347	19083.0	 22.0	 30.0	3.000	 1.0	 1.0
1	2013	348	12050.0	 22.0	 27.0	3.000	 2.0	 1.0
1	2013	349	17018.0	 21.0	 29.0	3.000	 0.0	 0.0
1	2013	350	19549.0	 21.0	 30.0	2.000	 1.0	 0.0
1	2013	351	21925.0	 20.0	 31.0	2.000	 1.0	 0.0
1	2013	352	22234.0	 19.0	 31.0	2.000	 1.0	 0.0
1	2013	353	22055.0	 19.0	 31.0	2.000	 0.0	 0.0
1	2013	354	21315.0	 21.0	 30.0	2.000	 0.0	 0.0
1	2013	355	21218.0	 21.0	 31.0	2.000	 0.0	 0.0
1	2013	356	21320.0	 22.0	 32.0	2.000	 0.0	 0.0
1	2013	357	21173.0	 21.0	 32.0	2.000	 1.0	 0.0
1	2013	358	20916.0	 22.0	 31.0	2.000	 1.0	 0.0
1	2013	359	21428.0	 22.0	 33.0	2.000	 0.0	 0.0
1	2013	360	21528.0	 21.0	 34.0	2.000	 1.0	 0.0
1	2013	361	19396.0	 22.0	 31.0	3.000	 1.0	 0.0
1	2013	362	19695.0	 22.0	 31.0	3.000	 1.0	 0.0
1	2013	363	19049.0	 22.0	 31.0	3.000	 1.0	 0.0
1	2013	364	19003.0	 22.0	 31.0	3.000	 1.0	 0.0
1	2013	365	17006.0	 22.0	 30.0	3.000	 2.0	 1.0
