*---------------------------------------------------
* Station: Volta
* Year: 2015
* Origin: ERA5-Reanalysis
* Columns & units
* ===================
* 1. station number
* 2. year
* 3. Day of Year
* 4. Irradiance   (kJ路m-2路d-1)
* 5. Daily minimum temperature (degC)
* 6. Daily maximum temperature (degC)
* 7. Vapour pressure (kPa)
* 8. Mean wind speed (m路s-1)
* 9. Precipitation (mm路d-1)
** WCCDESCRIPTION=Volta
** WCCFORMAT=2
** WCCYEARNR=2015
*------------------------------------------------------------*
0.40  7.24  734.00 -0.18  -0.55
1	2015	1	21112.0	 20.0	 32.0	1.000	 1.0	 0.0
1	2015	2	22308.0	 21.0	 33.0	1.000	 0.0	 0.0
1	2015	3	21392.0	 20.0	 32.0	2.000	 1.0	 0.0
1	2015	4	22441.0	 20.0	 32.0	2.000	 1.0	 0.0
1	2015	5	22737.0	 18.0	 31.0	1.000	 1.0	 0.0
1	2015	6	22707.0	 18.0	 32.0	1.000	 0.0	 0.0
1	2015	7	22687.0	 18.0	 32.0	1.000	 0.0	 0.0
1	2015	8	22495.0	 20.0	 32.0	1.000	 0.0	 0.0
1	2015	9	22542.0	 19.0	 33.0	1.000	 1.0	 0.0
1	2015	10	23046.0	 18.0	 32.0	1.000	 1.0	 0.0
1	2015	11	23260.0	 18.0	 32.0	1.000	 1.0	 0.0
1	2015	12	23256.0	 20.0	 32.0	1.000	 2.0	 0.0
1	2015	13	23514.0	 18.0	 32.0	1.000	 1.0	 0.0
1	2015	14	23415.0	 17.0	 32.0	1.000	 1.0	 0.0
1	2015	15	22944.0	 20.0	 33.0	1.000	 0.0	 0.0
1	2015	16	22709.0	 22.0	 33.0	2.000	 0.0	 0.0
1	2015	17	22658.0	 21.0	 34.0	2.000	 0.0	 0.0
1	2015	18	22130.0	 20.0	 34.0	2.000	 1.0	 0.0
1	2015	19	21501.0	 22.0	 32.0	2.000	 1.0	 0.0
1	2015	20	20278.0	 23.0	 33.0	2.000	 2.0	 0.0
1	2015	21	18846.0	 23.0	 32.0	3.000	 2.0	 0.0
1	2015	22	19826.0	 23.0	 32.0	3.000	 1.0	 1.0
1	2015	23	21259.0	 23.0	 34.0	3.000	 1.0	 0.0
1	2015	24	20113.0	 24.0	 33.0	3.000	 1.0	 0.0
1	2015	25	18992.0	 24.0	 31.0	3.000	 2.0	 0.0
1	2015	26	17294.0	 24.0	 31.0	3.000	 1.0	10.0
1	2015	27	20449.0	 23.0	 31.0	3.000	 1.0	 0.0
1	2015	28	20396.0	 23.0	 31.0	3.000	 1.0	 0.0
1	2015	29	21396.0	 22.0	 31.0	3.000	 2.0	 0.0
1	2015	30	20336.0	 23.0	 32.0	3.000	 2.0	 0.0
1	2015	31	17782.0	 23.0	 31.0	3.000	 2.0	 3.0
1	2015	32	18850.0	 23.0	 31.0	3.000	 1.0	 1.0
1	2015	33	19183.0	 24.0	 31.0	3.000	 1.0	 0.0
1	2015	34	19747.0	 24.0	 32.0	3.000	 2.0	 2.0
1	2015	35	17907.0	 24.0	 31.0	3.000	 2.0	 6.0
1	2015	36	19316.0	 24.0	 31.0	3.000	 2.0	 1.0
1	2015	37	19202.0	 24.0	 32.0	3.000	 2.0	 1.0
1	2015	38	18540.0	 24.0	 30.0	3.000	 2.0	 5.0
1	2015	39	20857.0	 24.0	 33.0	3.000	 2.0	 0.0
1	2015	40	22328.0	 24.0	 32.0	3.000	 2.0	 1.0
1	2015	41	21192.0	 24.0	 32.0	3.000	 2.0	 0.0
1	2015	42	19784.0	 24.0	 32.0	3.000	 1.0	 8.0
1	2015	43	16277.0	 23.0	 30.0	3.000	 1.0	 6.0
1	2015	44	19966.0	 23.0	 31.0	3.000	 1.0	 2.0
1	2015	45	18166.0	 24.0	 31.0	3.000	 2.0	 2.0
1	2015	46	20167.0	 24.0	 31.0	3.000	 3.0	 1.0
1	2015	47	19380.0	 24.0	 30.0	3.000	 1.0	 0.0
1	2015	48	19882.0	 24.0	 31.0	3.000	 1.0	 4.0
1	2015	49	17048.0	 24.0	 30.0	3.000	 2.0	 4.0
1	2015	50	15315.0	 24.0	 30.0	3.000	 2.0	12.0
1	2015	51	19637.0	 23.0	 30.0	3.000	 1.0	 6.0
1	2015	52	19359.0	 23.0	 30.0	3.000	 1.0	 3.0
1	2015	53	18211.0	 23.0	 29.0	3.000	 2.0	 4.0
1	2015	54	15954.0	 24.0	 31.0	3.000	 1.0	 0.0
1	2015	55	23745.0	 23.0	 33.0	2.000	 0.0	 0.0
1	2015	56	23688.0	 23.0	 32.0	2.000	 1.0	 0.0
1	2015	57	23699.0	 22.0	 32.0	2.000	 1.0	 0.0
1	2015	58	20591.0	 24.0	 30.0	3.000	 1.0	 0.0
1	2015	59	21634.0	 24.0	 31.0	3.000	 1.0	 0.0
1	2015	60	23408.0	 23.0	 33.0	3.000	 1.0	 0.0
1	2015	61	24141.0	 23.0	 33.0	2.000	 1.0	 0.0
1	2015	62	22718.0	 24.0	 32.0	3.000	 1.0	 0.0
1	2015	63	20505.0	 24.0	 32.0	3.000	 2.0	 2.0
1	2015	64	21518.0	 24.0	 32.0	3.000	 1.0	 3.0
1	2015	65	20952.0	 24.0	 32.0	3.000	 1.0	 2.0
1	2015	66	21810.0	 24.0	 32.0	3.000	 2.0	 1.0
1	2015	67	22599.0	 23.0	 32.0	3.000	 2.0	 0.0
1	2015	68	21805.0	 25.0	 32.0	3.000	 2.0	 2.0
1	2015	69	22695.0	 25.0	 32.0	3.000	 2.0	 0.0
1	2015	70	23041.0	 25.0	 34.0	3.000	 2.0	 1.0
1	2015	71	22350.0	 25.0	 32.0	3.000	 2.0	 4.0
1	2015	72	18594.0	 24.0	 30.0	3.000	 1.0	 5.0
1	2015	73	20657.0	 23.0	 30.0	3.000	 1.0	 3.0
1	2015	74	20238.0	 24.0	 31.0	3.000	 1.0	 1.0
1	2015	75	18120.0	 25.0	 31.0	3.000	 2.0	 2.0
1	2015	76	15669.0	 24.0	 30.0	3.000	 2.0	25.0
1	2015	77	16445.0	 23.0	 29.0	3.000	 1.0	 1.0
1	2015	78	21797.0	 23.0	 31.0	3.000	 1.0	 5.0
1	2015	79	15964.0	 23.0	 31.0	3.000	 1.0	16.0
1	2015	80	15101.0	 24.0	 29.0	3.000	 2.0	18.0
1	2015	81	18186.0	 23.0	 30.0	3.000	 2.0	 0.0
1	2015	82	22962.0	 23.0	 31.0	3.000	 1.0	 0.0
1	2015	83	21109.0	 24.0	 31.0	3.000	 2.0	 5.0
1	2015	84	10354.0	 24.0	 28.0	3.000	 1.0	 6.0
1	2015	85	16639.0	 23.0	 30.0	3.000	 1.0	11.0
1	2015	86	18695.0	 23.0	 30.0	3.000	 1.0	 4.0
1	2015	87	18771.0	 24.0	 30.0	3.000	 1.0	 2.0
1	2015	88	22269.0	 24.0	 31.0	3.000	 1.0	 1.0
1	2015	89	20486.0	 24.0	 30.0	3.000	 2.0	 8.0
1	2015	90	15368.0	 23.0	 29.0	3.000	 1.0	 9.0
1	2015	91	8113.0	 23.0	 26.0	3.000	 1.0	 5.0
1	2015	92	17212.0	 23.0	 31.0	3.000	 0.0	 0.0
1	2015	93	23088.0	 23.0	 31.0	3.000	 1.0	 4.0
1	2015	94	22445.0	 24.0	 31.0	3.000	 2.0	 1.0
1	2015	95	19202.0	 23.0	 30.0	3.000	 2.0	 0.0
1	2015	96	20410.0	 24.0	 30.0	3.000	 1.0	 2.0
1	2015	97	20639.0	 23.0	 30.0	3.000	 1.0	 9.0
1	2015	98	18997.0	 24.0	 30.0	3.000	 2.0	 5.0
1	2015	99	16188.0	 24.0	 29.0	3.000	 2.0	 5.0
1	2015	100	19730.0	 23.0	 30.0	3.000	 2.0	 2.0
1	2015	101	16748.0	 24.0	 30.0	3.000	 2.0	11.0
1	2015	102	15329.0	 23.0	 29.0	3.000	 2.0	 3.0
1	2015	103	24074.0	 22.0	 33.0	3.000	 1.0	 0.0
1	2015	104	24110.0	 22.0	 31.0	3.000	 1.0	 0.0
1	2015	105	25109.0	 24.0	 31.0	3.000	 1.0	 0.0
1	2015	106	22548.0	 24.0	 30.0	3.000	 2.0	 1.0
1	2015	107	22198.0	 24.0	 31.0	3.000	 2.0	 2.0
1	2015	108	23456.0	 24.0	 32.0	3.000	 2.0	 2.0
1	2015	109	22332.0	 24.0	 32.0	3.000	 2.0	 2.0
1	2015	110	23347.0	 23.0	 32.0	3.000	 2.0	 0.0
1	2015	111	23980.0	 24.0	 32.0	3.000	 2.0	 1.0
1	2015	112	21705.0	 24.0	 32.0	3.000	 2.0	 2.0
1	2015	113	25157.0	 24.0	 32.0	3.000	 2.0	 1.0
1	2015	114	20911.0	 24.0	 32.0	3.000	 2.0	 2.0
1	2015	115	17869.0	 24.0	 30.0	3.000	 2.0	 1.0
1	2015	116	23551.0	 24.0	 32.0	3.000	 2.0	 2.0
1	2015	117	24182.0	 23.0	 32.0	3.000	 1.0	 1.0
1	2015	118	22865.0	 24.0	 32.0	3.000	 2.0	 7.0
1	2015	119	22439.0	 24.0	 31.0	3.000	 2.0	 1.0
1	2015	120	20475.0	 24.0	 31.0	3.000	 2.0	 1.0
1	2015	121	20552.0	 24.0	 31.0	3.000	 2.0	 1.0
1	2015	122	23429.0	 24.0	 33.0	3.000	 2.0	 1.0
1	2015	123	21484.0	 24.0	 32.0	3.000	 2.0	 3.0
1	2015	124	15722.0	 24.0	 30.0	3.000	 2.0	 8.0
1	2015	125	15411.0	 24.0	 29.0	3.000	 1.0	 9.0
1	2015	126	15890.0	 23.0	 30.0	3.000	 1.0	 3.0
1	2015	127	22093.0	 23.0	 31.0	3.000	 1.0	 2.0
1	2015	128	20218.0	 24.0	 30.0	3.000	 3.0	 2.0
1	2015	129	23088.0	 23.0	 31.0	3.000	 2.0	 2.0
1	2015	130	18392.0	 24.0	 29.0	3.000	 2.0	 2.0
1	2015	131	21238.0	 24.0	 30.0	3.000	 1.0	 2.0
1	2015	132	20201.0	 24.0	 30.0	3.000	 2.0	10.0
1	2015	133	17244.0	 24.0	 30.0	3.000	 1.0	 4.0
1	2015	134	17196.0	 24.0	 30.0	3.000	 2.0	14.0
1	2015	135	15846.0	 24.0	 29.0	3.000	 1.0	 3.0
1	2015	136	20735.0	 23.0	 31.0	3.000	 1.0	 9.0
1	2015	137	16994.0	 24.0	 30.0	3.000	 2.0	 9.0
1	2015	138	12712.0	 24.0	 29.0	3.000	 2.0	 1.0
1	2015	139	17315.0	 24.0	 29.0	3.000	 1.0	 3.0
1	2015	140	20102.0	 23.0	 31.0	3.000	 1.0	 4.0
1	2015	141	19075.0	 24.0	 30.0	3.000	 1.0	 4.0
1	2015	142	18524.0	 24.0	 30.0	3.000	 1.0	11.0
1	2015	143	14181.0	 23.0	 28.0	3.000	 1.0	49.0
1	2015	144	16567.0	 22.0	 29.0	3.000	 1.0	19.0
1	2015	145	22693.0	 22.0	 30.0	3.000	 1.0	 1.0
1	2015	146	18269.0	 24.0	 29.0	3.000	 2.0	 5.0
1	2015	147	17609.0	 23.0	 30.0	3.000	 2.0	 9.0
1	2015	148	15051.0	 23.0	 29.0	3.000	 2.0	17.0
1	2015	149	16855.0	 23.0	 29.0	3.000	 1.0	 8.0
1	2015	150	19549.0	 22.0	 29.0	3.000	 2.0	 2.0
1	2015	151	10326.0	 24.0	 27.0	3.000	 2.0	 7.0
1	2015	152	16317.0	 23.0	 29.0	3.000	 2.0	 2.0
1	2015	153	17483.0	 23.0	 28.0	3.000	 2.0	 2.0
1	2015	154	15463.0	 23.0	 28.0	3.000	 1.0	 9.0
1	2015	155	14579.0	 23.0	 28.0	3.000	 1.0	11.0
1	2015	156	12548.0	 23.0	 27.0	3.000	 1.0	14.0
1	2015	157	16288.0	 22.0	 29.0	3.000	 1.0	 9.0
1	2015	158	16729.0	 23.0	 28.0	3.000	 2.0	 3.0
1	2015	159	12890.0	 23.0	 28.0	3.000	 2.0	10.0
1	2015	160	14766.0	 23.0	 27.0	3.000	 2.0	 5.0
1	2015	161	19136.0	 23.0	 28.0	3.000	 2.0	 6.0
1	2015	162	15366.0	 22.0	 28.0	3.000	 2.0	 2.0
1	2015	163	17629.0	 23.0	 29.0	3.000	 2.0	 4.0
1	2015	164	17156.0	 23.0	 28.0	3.000	 2.0	 5.0
1	2015	165	14585.0	 23.0	 27.0	3.000	 2.0	 6.0
1	2015	166	18436.0	 23.0	 28.0	3.000	 2.0	 2.0
1	2015	167	15001.0	 23.0	 28.0	3.000	 2.0	 3.0
1	2015	168	14817.0	 22.0	 28.0	3.000	 1.0	 4.0
1	2015	169	14207.0	 22.0	 28.0	3.000	 2.0	 7.0
1	2015	170	16794.0	 23.0	 28.0	3.000	 2.0	 4.0
1	2015	171	15981.0	 23.0	 28.0	3.000	 1.0	 4.0
1	2015	172	14294.0	 23.0	 27.0	3.000	 1.0	 3.0
1	2015	173	17236.0	 23.0	 27.0	3.000	 2.0	 6.0
1	2015	174	17875.0	 22.0	 28.0	3.000	 2.0	 2.0
1	2015	175	16987.0	 22.0	 28.0	3.000	 2.0	 1.0
1	2015	176	15984.0	 23.0	 27.0	3.000	 2.0	 2.0
1	2015	177	16974.0	 23.0	 28.0	3.000	 2.0	 2.0
1	2015	178	15928.0	 23.0	 28.0	3.000	 2.0	11.0
1	2015	179	10038.0	 23.0	 26.0	3.000	 2.0	13.0
1	2015	180	11469.0	 22.0	 25.0	3.000	 1.0	17.0
1	2015	181	16277.0	 22.0	 27.0	3.000	 2.0	 5.0
1	2015	182	16041.0	 22.0	 27.0	3.000	 2.0	 2.0
1	2015	183	14038.0	 23.0	 27.0	3.000	 2.0	 6.0
1	2015	184	4240.0	 22.0	 24.0	3.000	 1.0	24.0
1	2015	185	13534.0	 22.0	 27.0	3.000	 2.0	 3.0
1	2015	186	17804.0	 23.0	 28.0	3.000	 1.0	 3.0
1	2015	187	17091.0	 22.0	 28.0	3.000	 1.0	 4.0
1	2015	188	18976.0	 21.0	 29.0	3.000	 1.0	 5.0
1	2015	189	18782.0	 22.0	 28.0	3.000	 1.0	 5.0
1	2015	190	17197.0	 23.0	 28.0	3.000	 1.0	 5.0
1	2015	191	13013.0	 22.0	 27.0	3.000	 0.0	19.0
1	2015	192	18213.0	 23.0	 28.0	3.000	 0.0	11.0
1	2015	193	17336.0	 22.0	 28.0	3.000	 1.0	 8.0
1	2015	194	17434.0	 21.0	 28.0	3.000	 2.0	 4.0
1	2015	195	16986.0	 22.0	 28.0	3.000	 1.0	 5.0
1	2015	196	16364.0	 23.0	 28.0	3.000	 2.0	10.0
1	2015	197	13696.0	 22.0	 26.0	3.000	 2.0	 4.0
1	2015	198	16279.0	 22.0	 27.0	3.000	 1.0	 2.0
1	2015	199	15550.0	 23.0	 28.0	3.000	 2.0	 3.0
1	2015	200	18005.0	 23.0	 28.0	3.000	 2.0	 3.0
1	2015	201	14193.0	 22.0	 27.0	3.000	 2.0	10.0
1	2015	202	15687.0	 22.0	 27.0	3.000	 2.0	 3.0
1	2015	203	19275.0	 22.0	 28.0	3.000	 2.0	 1.0
1	2015	204	17404.0	 21.0	 27.0	3.000	 2.0	 2.0
1	2015	205	11177.0	 22.0	 25.0	3.000	 2.0	 2.0
1	2015	206	14749.0	 21.0	 27.0	3.000	 2.0	 2.0
1	2015	207	16460.0	 21.0	 27.0	3.000	 1.0	 2.0
1	2015	208	13748.0	 21.0	 26.0	3.000	 2.0	 1.0
1	2015	209	14183.0	 21.0	 26.0	2.000	 2.0	 2.0
1	2015	210	17106.0	 21.0	 27.0	3.000	 2.0	 2.0
1	2015	211	13776.0	 22.0	 26.0	3.000	 2.0	 2.0
1	2015	212	14282.0	 21.0	 26.0	3.000	 1.0	 2.0
1	2015	213	17784.0	 21.0	 27.0	3.000	 1.0	 4.0
1	2015	214	11045.0	 22.0	 26.0	3.000	 2.0	 6.0
1	2015	215	14091.0	 22.0	 27.0	3.000	 2.0	 9.0
1	2015	216	15272.0	 22.0	 27.0	3.000	 2.0	 3.0
1	2015	217	12037.0	 22.0	 27.0	3.000	 1.0	 2.0
1	2015	218	14996.0	 22.0	 27.0	3.000	 1.0	 8.0
1	2015	219	14114.0	 22.0	 26.0	3.000	 2.0	 3.0
1	2015	220	15988.0	 22.0	 28.0	3.000	 2.0	 4.0
1	2015	221	14537.0	 22.0	 26.0	3.000	 1.0	 9.0
1	2015	222	6993.0	 22.0	 25.0	3.000	 2.0	17.0
1	2015	223	19601.0	 22.0	 28.0	3.000	 2.0	 2.0
1	2015	224	16469.0	 22.0	 27.0	3.000	 1.0	 5.0
1	2015	225	15145.0	 22.0	 27.0	3.000	 1.0	 9.0
1	2015	226	14297.0	 22.0	 27.0	3.000	 2.0	 5.0
1	2015	227	13615.0	 22.0	 27.0	3.000	 2.0	 2.0
1	2015	228	14542.0	 22.0	 28.0	3.000	 1.0	 2.0
1	2015	229	14845.0	 22.0	 27.0	3.000	 1.0	 6.0
1	2015	230	8748.0	 22.0	 25.0	3.000	 1.0	12.0
1	2015	231	13032.0	 22.0	 26.0	3.000	 1.0	 3.0
1	2015	232	5359.0	 22.0	 24.0	3.000	 1.0	25.0
1	2015	233	8587.0	 21.0	 25.0	3.000	 1.0	 6.0
1	2015	234	13166.0	 22.0	 26.0	3.000	 2.0	 3.0
1	2015	235	14904.0	 23.0	 27.0	3.000	 1.0	 3.0
1	2015	236	16244.0	 22.0	 29.0	3.000	 2.0	 7.0
1	2015	237	16792.0	 22.0	 28.0	3.000	 2.0	 3.0
1	2015	238	15133.0	 22.0	 27.0	3.000	 1.0	12.0
1	2015	239	15093.0	 21.0	 27.0	3.000	 1.0	15.0
1	2015	240	11486.0	 22.0	 26.0	3.000	 2.0	 8.0
1	2015	241	12338.0	 22.0	 26.0	3.000	 2.0	 3.0
1	2015	242	17280.0	 22.0	 27.0	3.000	 1.0	 2.0
1	2015	243	17219.0	 22.0	 27.0	3.000	 2.0	 4.0
1	2015	244	10156.0	 22.0	 26.0	3.000	 1.0	11.0
1	2015	245	16072.0	 22.0	 27.0	3.000	 2.0	 3.0
1	2015	246	17732.0	 22.0	 28.0	3.000	 1.0	 4.0
1	2015	247	17134.0	 22.0	 28.0	3.000	 1.0	16.0
1	2015	248	13958.0	 22.0	 27.0	3.000	 1.0	 5.0
1	2015	249	8948.0	 22.0	 25.0	3.000	 1.0	18.0
1	2015	250	18634.0	 22.0	 28.0	3.000	 1.0	 5.0
1	2015	251	15729.0	 22.0	 28.0	3.000	 0.0	 6.0
1	2015	252	15101.0	 22.0	 27.0	3.000	 2.0	 7.0
1	2015	253	17786.0	 22.0	 28.0	3.000	 1.0	 2.0
1	2015	254	18555.0	 22.0	 28.0	3.000	 0.0	14.0
1	2015	255	20940.0	 21.0	 29.0	3.000	 2.0	 1.0
1	2015	256	17155.0	 22.0	 28.0	3.000	 2.0	 3.0
1	2015	257	13987.0	 22.0	 27.0	3.000	 1.0	 4.0
1	2015	258	13694.0	 22.0	 27.0	3.000	 1.0	12.0
1	2015	259	9872.0	 22.0	 25.0	3.000	 1.0	 5.0
1	2015	260	15951.0	 22.0	 28.0	3.000	 1.0	 4.0
1	2015	261	19730.0	 22.0	 28.0	3.000	 1.0	 3.0
1	2015	262	16618.0	 22.0	 28.0	3.000	 1.0	 1.0
1	2015	263	14057.0	 22.0	 27.0	3.000	 1.0	10.0
1	2015	264	18236.0	 21.0	 28.0	3.000	 2.0	20.0
1	2015	265	15803.0	 22.0	 27.0	3.000	 1.0	13.0
1	2015	266	19805.0	 22.0	 29.0	3.000	 1.0	 6.0
1	2015	267	15590.0	 23.0	 27.0	3.000	 1.0	12.0
1	2015	268	9248.0	 22.0	 26.0	3.000	 1.0	15.0
1	2015	269	14821.0	 22.0	 28.0	3.000	 1.0	 3.0
1	2015	270	18309.0	 22.0	 28.0	3.000	 1.0	 2.0
1	2015	271	15547.0	 22.0	 28.0	3.000	 1.0	21.0
1	2015	272	16857.0	 22.0	 28.0	3.000	 1.0	23.0
1	2015	273	14156.0	 22.0	 27.0	3.000	 1.0	12.0
1	2015	274	19569.0	 23.0	 29.0	3.000	 1.0	 3.0
1	2015	275	19480.0	 23.0	 29.0	3.000	 1.0	 3.0
1	2015	276	16591.0	 23.0	 28.0	3.000	 1.0	11.0
1	2015	277	19419.0	 22.0	 29.0	3.000	 1.0	14.0
1	2015	278	17084.0	 22.0	 29.0	3.000	 1.0	 9.0
1	2015	279	16313.0	 22.0	 28.0	3.000	 1.0	 7.0
1	2015	280	12421.0	 22.0	 26.0	3.000	 0.0	25.0
1	2015	281	17089.0	 22.0	 29.0	3.000	 1.0	 8.0
1	2015	282	15363.0	 23.0	 28.0	3.000	 1.0	12.0
1	2015	283	19016.0	 22.0	 29.0	3.000	 1.0	 8.0
1	2015	284	20343.0	 22.0	 29.0	3.000	 1.0	 4.0
1	2015	285	18792.0	 23.0	 30.0	3.000	 1.0	 8.0
1	2015	286	19332.0	 23.0	 30.0	3.000	 1.0	 6.0
1	2015	287	15905.0	 23.0	 28.0	3.000	 1.0	14.0
1	2015	288	19954.0	 22.0	 29.0	3.000	 1.0	 5.0
1	2015	289	17435.0	 23.0	 29.0	3.000	 1.0	 5.0
1	2015	290	18697.0	 23.0	 30.0	3.000	 1.0	 3.0
1	2015	291	20035.0	 23.0	 29.0	3.000	 1.0	 2.0
1	2015	292	20129.0	 23.0	 30.0	3.000	 1.0	 8.0
1	2015	293	15728.0	 22.0	 28.0	3.000	 1.0	 6.0
1	2015	294	14596.0	 23.0	 28.0	3.000	 0.0	11.0
1	2015	295	15920.0	 23.0	 29.0	3.000	 1.0	 9.0
1	2015	296	19885.0	 22.0	 29.0	3.000	 1.0	 1.0
1	2015	297	15783.0	 23.0	 29.0	3.000	 1.0	 4.0
1	2015	298	18286.0	 23.0	 29.0	3.000	 1.0	12.0
1	2015	299	19105.0	 23.0	 30.0	3.000	 1.0	 3.0
1	2015	300	17022.0	 23.0	 29.0	3.000	 1.0	11.0
1	2015	301	20443.0	 23.0	 30.0	3.000	 1.0	10.0
1	2015	302	16869.0	 22.0	 28.0	3.000	 1.0	 8.0
1	2015	303	14032.0	 22.0	 28.0	3.000	 1.0	 4.0
1	2015	304	15688.0	 22.0	 29.0	3.000	 1.0	18.0
1	2015	305	15959.0	 22.0	 29.0	3.000	 1.0	11.0
1	2015	306	14732.0	 22.0	 28.0	3.000	 0.0	18.0
1	2015	307	20692.0	 22.0	 30.0	3.000	 1.0	 0.0
1	2015	308	21029.0	 23.0	 31.0	3.000	 2.0	 0.0
1	2015	309	19675.0	 23.0	 29.0	3.000	 1.0	 6.0
1	2015	310	17878.0	 23.0	 29.0	3.000	 1.0	 5.0
1	2015	311	18270.0	 22.0	 29.0	3.000	 1.0	13.0
1	2015	312	18733.0	 22.0	 29.0	3.000	 1.0	13.0
1	2015	313	17429.0	 22.0	 29.0	3.000	 1.0	 8.0
1	2015	314	19787.0	 22.0	 30.0	3.000	 1.0	 1.0
1	2015	315	19700.0	 23.0	 30.0	3.000	 1.0	 2.0
1	2015	316	20552.0	 23.0	 31.0	3.000	 1.0	 1.0
1	2015	317	21236.0	 22.0	 31.0	3.000	 0.0	 0.0
1	2015	318	22382.0	 22.0	 30.0	3.000	 0.0	 0.0
1	2015	319	20103.0	 22.0	 29.0	3.000	 1.0	 1.0
1	2015	320	19541.0	 23.0	 30.0	3.000	 1.0	 3.0
1	2015	321	17301.0	 23.0	 29.0	3.000	 1.0	17.0
1	2015	322	21155.0	 22.0	 31.0	3.000	 1.0	 0.0
1	2015	323	20736.0	 22.0	 31.0	3.000	 1.0	 0.0
1	2015	324	19833.0	 23.0	 30.0	3.000	 1.0	 1.0
1	2015	325	19521.0	 23.0	 30.0	3.000	 1.0	 1.0
1	2015	326	20004.0	 22.0	 30.0	3.000	 1.0	 0.0
1	2015	327	17458.0	 23.0	 30.0	3.000	 1.0	12.0
1	2015	328	18295.0	 23.0	 30.0	3.000	 1.0	16.0
1	2015	329	19200.0	 24.0	 31.0	3.000	 1.0	 0.0
1	2015	330	16587.0	 24.0	 29.0	3.000	 2.0	 7.0
1	2015	331	17662.0	 22.0	 29.0	3.000	 1.0	 2.0
1	2015	332	18510.0	 23.0	 30.0	3.000	 1.0	 2.0
1	2015	333	18335.0	 23.0	 30.0	3.000	 1.0	 1.0
1	2015	334	20105.0	 22.0	 30.0	3.000	 1.0	 1.0
1	2015	335	19780.0	 22.0	 30.0	3.000	 1.0	 0.0
1	2015	336	18014.0	 23.0	 29.0	3.000	 1.0	 2.0
1	2015	337	16183.0	 23.0	 30.0	3.000	 1.0	 1.0
1	2015	338	21864.0	 22.0	 32.0	2.000	 1.0	 0.0
1	2015	339	21980.0	 20.0	 31.0	2.000	 1.0	 0.0
1	2015	340	21280.0	 21.0	 31.0	2.000	 0.0	 0.0
1	2015	341	21466.0	 21.0	 32.0	2.000	 1.0	 0.0
1	2015	342	22252.0	 20.0	 32.0	2.000	 1.0	 0.0
1	2015	343	22288.0	 20.0	 32.0	2.000	 1.0	 0.0
1	2015	344	22283.0	 20.0	 32.0	2.000	 1.0	 0.0
1	2015	345	21877.0	 21.0	 32.0	2.000	 0.0	 0.0
1	2015	346	22039.0	 20.0	 32.0	2.000	 1.0	 0.0
1	2015	347	21856.0	 20.0	 31.0	2.000	 0.0	 0.0
1	2015	348	21679.0	 20.0	 31.0	2.000	 1.0	 0.0
1	2015	349	22447.0	 19.0	 32.0	2.000	 1.0	 0.0
1	2015	350	23021.0	 17.0	 31.0	1.000	 1.0	 0.0
1	2015	351	22764.0	 17.0	 31.0	1.000	 1.0	 0.0
1	2015	352	22217.0	 18.0	 31.0	1.000	 1.0	 0.0
1	2015	353	21888.0	 18.0	 31.0	1.000	 1.0	 0.0
1	2015	354	20588.0	 21.0	 32.0	1.000	 1.0	 0.0
1	2015	355	21810.0	 19.0	 32.0	2.000	 0.0	 0.0
1	2015	356	21908.0	 20.0	 33.0	2.000	 1.0	 0.0
1	2015	357	22007.0	 20.0	 33.0	2.000	 1.0	 0.0
1	2015	358	22018.0	 19.0	 32.0	1.000	 1.0	 0.0
1	2015	359	21974.0	 20.0	 33.0	1.000	 1.0	 0.0
1	2015	360	22093.0	 20.0	 33.0	1.000	 1.0	 0.0
1	2015	361	22155.0	 19.0	 33.0	1.000	 1.0	 0.0
1	2015	362	22182.0	 20.0	 33.0	1.000	 1.0	 0.0
1	2015	363	22356.0	 20.0	 34.0	1.000	 1.0	 0.0
1	2015	364	22213.0	 20.0	 33.0	2.000	 1.0	 0.0
1	2015	365	20380.0	 21.0	 33.0	2.000	 0.0	 0.0
