*---------------------------------------------------
* Station: Volta
* Year: 2012
* Origin: ERA5-Reanalysis
* Columns & units
* ===================
* 1. station number
* 2. year
* 3. Day of Year
* 4. Irradiance   (kJ路m-2路d-1)
* 5. Daily minimum temperature (degC)
* 6. Daily maximum temperature (degC)
* 7. Vapour pressure (kPa)
* 8. Mean wind speed (m路s-1)
* 9. Precipitation (mm路d-1)
** WCCDESCRIPTION=Volta
** WCCFORMAT=2
** WCCYEARNR=2012
*------------------------------------------------------------*
0.40  7.24  734.00 -0.18  -0.55
1	2012	1	21710.0	 22.0	 34.0	2.000	 1.0	 0.0
1	2012	2	20143.0	 22.0	 33.0	2.000	 1.0	 0.0
1	2012	3	20932.0	 22.0	 33.0	2.000	 0.0	 0.0
1	2012	4	22237.0	 20.0	 34.0	2.000	 1.0	 0.0
1	2012	5	21853.0	 20.0	 33.0	2.000	 1.0	 0.0
1	2012	6	20510.0	 21.0	 33.0	2.000	 0.0	 0.0
1	2012	7	22221.0	 21.0	 34.0	2.000	 0.0	 0.0
1	2012	8	21897.0	 21.0	 32.0	2.000	 1.0	 0.0
1	2012	9	20410.0	 21.0	 33.0	2.000	 1.0	 0.0
1	2012	10	21716.0	 22.0	 33.0	2.000	 1.0	 0.0
1	2012	11	22084.0	 22.0	 33.0	2.000	 0.0	 0.0
1	2012	12	22352.0	 20.0	 33.0	1.000	 0.0	 0.0
1	2012	13	22596.0	 19.0	 33.0	1.000	 1.0	 0.0
1	2012	14	23000.0	 19.0	 33.0	1.000	 1.0	 0.0
1	2012	15	23099.0	 18.0	 33.0	1.000	 1.0	 0.0
1	2012	16	22939.0	 19.0	 33.0	1.000	 1.0	 0.0
1	2012	17	22977.0	 21.0	 33.0	1.000	 0.0	 0.0
1	2012	18	21730.0	 20.0	 32.0	2.000	 1.0	 0.0
1	2012	19	20821.0	 21.0	 33.0	2.000	 2.0	 0.0
1	2012	20	17455.0	 23.0	 30.0	3.000	 2.0	 6.0
1	2012	21	18660.0	 23.0	 30.0	3.000	 1.0	19.0
1	2012	22	19038.0	 22.0	 30.0	2.000	 0.0	 1.0
1	2012	23	20690.0	 22.0	 30.0	2.000	 1.0	 0.0
1	2012	24	22919.0	 21.0	 32.0	2.000	 0.0	 0.0
1	2012	25	22689.0	 22.0	 31.0	2.000	 1.0	 0.0
1	2012	26	21474.0	 22.0	 31.0	3.000	 2.0	 0.0
1	2012	27	18474.0	 23.0	 30.0	3.000	 1.0	 6.0
1	2012	28	17387.0	 23.0	 30.0	3.000	 1.0	 5.0
1	2012	29	16046.0	 23.0	 29.0	3.000	 2.0	 3.0
1	2012	30	19019.0	 23.0	 30.0	3.000	 1.0	 1.0
1	2012	31	19893.0	 22.0	 31.0	3.000	 1.0	 2.0
1	2012	32	18594.0	 23.0	 30.0	3.000	 2.0	 0.0
1	2012	33	17342.0	 23.0	 30.0	3.000	 1.0	 5.0
1	2012	34	17166.0	 23.0	 29.0	3.000	 2.0	 8.0
1	2012	35	19729.0	 23.0	 32.0	3.000	 2.0	 0.0
1	2012	36	18035.0	 23.0	 30.0	3.000	 1.0	 6.0
1	2012	37	18268.0	 24.0	 31.0	3.000	 1.0	 1.0
1	2012	38	23757.0	 19.0	 31.0	1.000	 1.0	 0.0
1	2012	39	24184.0	 21.0	 31.0	1.000	 1.0	 0.0
1	2012	40	24079.0	 20.0	 32.0	2.000	 1.0	 0.0
1	2012	41	23947.0	 20.0	 32.0	2.000	 1.0	 0.0
1	2012	42	21510.0	 21.0	 31.0	2.000	 1.0	 1.0
1	2012	43	20494.0	 22.0	 31.0	3.000	 1.0	 1.0
1	2012	44	19983.0	 23.0	 31.0	3.000	 1.0	 1.0
1	2012	45	20432.0	 23.0	 31.0	3.000	 2.0	 0.0
1	2012	46	18649.0	 23.0	 31.0	3.000	 2.0	 0.0
1	2012	47	19525.0	 23.0	 31.0	3.000	 2.0	 1.0
1	2012	48	18326.0	 23.0	 30.0	3.000	 2.0	 2.0
1	2012	49	18453.0	 23.0	 30.0	3.000	 2.0	 2.0
1	2012	50	19480.0	 23.0	 31.0	3.000	 2.0	 1.0
1	2012	51	18411.0	 22.0	 30.0	3.000	 2.0	14.0
1	2012	52	7425.0	 22.0	 26.0	3.000	 1.0	10.0
1	2012	53	15417.0	 22.0	 29.0	3.000	 0.0	13.0
1	2012	54	16141.0	 23.0	 28.0	3.000	 1.0	15.0
1	2012	55	21882.0	 22.0	 30.0	3.000	 1.0	 1.0
1	2012	56	23415.0	 22.0	 31.0	3.000	 1.0	 0.0
1	2012	57	19323.0	 23.0	 30.0	3.000	 2.0	 6.0
1	2012	58	20427.0	 23.0	 30.0	3.000	 2.0	 3.0
1	2012	59	19859.0	 23.0	 30.0	3.000	 1.0	16.0
1	2012	60	19284.0	 23.0	 30.0	3.000	 2.0	 4.0
1	2012	61	20825.0	 22.0	 30.0	3.000	 2.0	 1.0
1	2012	62	21823.0	 23.0	 31.0	3.000	 2.0	 8.0
1	2012	63	19759.0	 23.0	 31.0	3.000	 1.0	 3.0
1	2012	64	18303.0	 23.0	 30.0	3.000	 2.0	 5.0
1	2012	65	16251.0	 23.0	 29.0	3.000	 1.0	16.0
1	2012	66	19788.0	 22.0	 30.0	3.000	 1.0	10.0
1	2012	67	20864.0	 22.0	 29.0	3.000	 1.0	 2.0
1	2012	68	21485.0	 23.0	 30.0	3.000	 1.0	 1.0
1	2012	69	19925.0	 24.0	 30.0	3.000	 2.0	11.0
1	2012	70	16955.0	 22.0	 28.0	3.000	 1.0	20.0
1	2012	71	24781.0	 21.0	 31.0	2.000	 1.0	 0.0
1	2012	72	25994.0	 21.0	 31.0	2.000	 1.0	 0.0
1	2012	73	25611.0	 21.0	 31.0	2.000	 0.0	 0.0
1	2012	74	25555.0	 23.0	 31.0	3.000	 1.0	 0.0
1	2012	75	22747.0	 23.0	 31.0	3.000	 1.0	 0.0
1	2012	76	24101.0	 23.0	 32.0	3.000	 1.0	 0.0
1	2012	77	22433.0	 24.0	 32.0	3.000	 1.0	 2.0
1	2012	78	21562.0	 25.0	 31.0	3.000	 2.0	 1.0
1	2012	79	22129.0	 24.0	 31.0	3.000	 1.0	 1.0
1	2012	80	23500.0	 24.0	 32.0	3.000	 1.0	 1.0
1	2012	81	23558.0	 24.0	 33.0	3.000	 2.0	 0.0
1	2012	82	22073.0	 25.0	 32.0	3.000	 1.0	 0.0
1	2012	83	23577.0	 24.0	 32.0	3.000	 1.0	 0.0
1	2012	84	21340.0	 25.0	 31.0	3.000	 2.0	 1.0
1	2012	85	19856.0	 24.0	 30.0	3.000	 2.0	 8.0
1	2012	86	22800.0	 24.0	 32.0	3.000	 2.0	 0.0
1	2012	87	22999.0	 23.0	 31.0	3.000	 1.0	 1.0
1	2012	88	22719.0	 23.0	 32.0	3.000	 1.0	 1.0
1	2012	89	21561.0	 25.0	 31.0	3.000	 1.0	 4.0
1	2012	90	19720.0	 25.0	 31.0	3.000	 2.0	 1.0
1	2012	91	21906.0	 24.0	 32.0	3.000	 2.0	 0.0
1	2012	92	20262.0	 24.0	 31.0	3.000	 2.0	 1.0
1	2012	93	22173.0	 24.0	 30.0	3.000	 1.0	 3.0
1	2012	94	18350.0	 23.0	 30.0	3.000	 1.0	16.0
1	2012	95	17080.0	 23.0	 29.0	3.000	 1.0	 8.0
1	2012	96	21597.0	 23.0	 30.0	3.000	 0.0	 3.0
1	2012	97	20324.0	 24.0	 30.0	3.000	 2.0	 6.0
1	2012	98	17684.0	 24.0	 30.0	3.000	 2.0	 4.0
1	2012	99	21716.0	 23.0	 31.0	3.000	 2.0	 0.0
1	2012	100	14819.0	 24.0	 29.0	3.000	 1.0	12.0
1	2012	101	16795.0	 23.0	 29.0	3.000	 1.0	10.0
1	2012	102	19651.0	 24.0	 30.0	3.000	 1.0	 5.0
1	2012	103	18137.0	 23.0	 29.0	3.000	 2.0	14.0
1	2012	104	16501.0	 23.0	 29.0	3.000	 2.0	10.0
1	2012	105	21273.0	 23.0	 31.0	3.000	 0.0	 0.0
1	2012	106	16343.0	 24.0	 29.0	3.000	 2.0	 1.0
1	2012	107	19057.0	 24.0	 30.0	3.000	 2.0	 4.0
1	2012	108	10254.0	 24.0	 27.0	3.000	 2.0	 7.0
1	2012	109	22022.0	 23.0	 30.0	3.000	 1.0	 1.0
1	2012	110	17780.0	 22.0	 29.0	3.000	 1.0	19.0
1	2012	111	19854.0	 23.0	 30.0	3.000	 1.0	 9.0
1	2012	112	22468.0	 23.0	 30.0	3.000	 1.0	 3.0
1	2012	113	20781.0	 23.0	 31.0	3.000	 2.0	 3.0
1	2012	114	19945.0	 23.0	 30.0	3.000	 2.0	 1.0
1	2012	115	21142.0	 23.0	 30.0	3.000	 2.0	 5.0
1	2012	116	17087.0	 24.0	 29.0	3.000	 2.0	 8.0
1	2012	117	20513.0	 22.0	 30.0	3.000	 1.0	13.0
1	2012	118	23683.0	 23.0	 31.0	3.000	 2.0	 0.0
1	2012	119	21175.0	 23.0	 30.0	3.000	 2.0	 2.0
1	2012	120	22163.0	 23.0	 31.0	3.000	 2.0	 0.0
1	2012	121	22729.0	 24.0	 31.0	3.000	 1.0	 5.0
1	2012	122	19727.0	 24.0	 30.0	3.000	 2.0	 3.0
1	2012	123	18704.0	 24.0	 30.0	3.000	 1.0	 6.0
1	2012	124	14986.0	 23.0	 28.0	3.000	 1.0	21.0
1	2012	125	17129.0	 23.0	 29.0	3.000	 2.0	 3.0
1	2012	126	21209.0	 23.0	 30.0	3.000	 1.0	 2.0
1	2012	127	18678.0	 23.0	 29.0	3.000	 1.0	 5.0
1	2012	128	20220.0	 24.0	 30.0	3.000	 2.0	 2.0
1	2012	129	18356.0	 23.0	 30.0	3.000	 2.0	 6.0
1	2012	130	17452.0	 24.0	 30.0	3.000	 2.0	 6.0
1	2012	131	19911.0	 23.0	 30.0	3.000	 2.0	 4.0
1	2012	132	16385.0	 23.0	 29.0	3.000	 1.0	 2.0
1	2012	133	18630.0	 23.0	 28.0	3.000	 1.0	 6.0
1	2012	134	16912.0	 23.0	 28.0	3.000	 1.0	12.0
1	2012	135	13481.0	 23.0	 27.0	3.000	 0.0	20.0
1	2012	136	11096.0	 22.0	 26.0	3.000	 0.0	16.0
1	2012	137	17068.0	 22.0	 29.0	3.000	 0.0	12.0
1	2012	138	16341.0	 22.0	 29.0	3.000	 1.0	 2.0
1	2012	139	18925.0	 23.0	 29.0	3.000	 2.0	 3.0
1	2012	140	15726.0	 24.0	 28.0	3.000	 2.0	 7.0
1	2012	141	17184.0	 23.0	 28.0	3.000	 1.0	10.0
1	2012	142	16329.0	 23.0	 27.0	3.000	 1.0	10.0
1	2012	143	15750.0	 22.0	 29.0	3.000	 1.0	 1.0
1	2012	144	21267.0	 23.0	 29.0	3.000	 1.0	 7.0
1	2012	145	17634.0	 23.0	 29.0	3.000	 2.0	 7.0
1	2012	146	12840.0	 23.0	 27.0	3.000	 1.0	 9.0
1	2012	147	17685.0	 22.0	 29.0	3.000	 1.0	 5.0
1	2012	148	17596.0	 23.0	 29.0	3.000	 2.0	 5.0
1	2012	149	16553.0	 23.0	 28.0	3.000	 2.0	 5.0
1	2012	150	12495.0	 22.0	 27.0	3.000	 1.0	19.0
1	2012	151	13395.0	 22.0	 27.0	3.000	 1.0	16.0
1	2012	152	12368.0	 22.0	 26.0	3.000	 1.0	14.0
1	2012	153	13180.0	 22.0	 27.0	3.000	 0.0	 9.0
1	2012	154	18427.0	 22.0	 28.0	3.000	 1.0	 6.0
1	2012	155	16321.0	 22.0	 27.0	3.000	 2.0	11.0
1	2012	156	18156.0	 22.0	 28.0	3.000	 1.0	 0.0
1	2012	157	14029.0	 22.0	 28.0	3.000	 1.0	 2.0
1	2012	158	14929.0	 22.0	 28.0	3.000	 2.0	14.0
1	2012	159	19348.0	 22.0	 28.0	3.000	 1.0	 3.0
1	2012	160	15124.0	 22.0	 27.0	3.000	 1.0	18.0
1	2012	161	16925.0	 22.0	 28.0	3.000	 1.0	 1.0
1	2012	162	17632.0	 23.0	 29.0	3.000	 2.0	 2.0
1	2012	163	18615.0	 23.0	 29.0	3.000	 2.0	 2.0
1	2012	164	12280.0	 23.0	 26.0	3.000	 2.0	13.0
1	2012	165	9610.0	 22.0	 25.0	3.000	 1.0	22.0
1	2012	166	17805.0	 22.0	 28.0	3.000	 1.0	 2.0
1	2012	167	10935.0	 23.0	 26.0	3.000	 1.0	 9.0
1	2012	168	15598.0	 22.0	 28.0	3.000	 2.0	10.0
1	2012	169	8931.0	 23.0	 25.0	3.000	 1.0	19.0
1	2012	170	12167.0	 22.0	 26.0	3.000	 1.0	 5.0
1	2012	171	18990.0	 21.0	 28.0	3.000	 1.0	 2.0
1	2012	172	15750.0	 22.0	 27.0	3.000	 1.0	14.0
1	2012	173	15201.0	 22.0	 28.0	3.000	 2.0	16.0
1	2012	174	18316.0	 22.0	 28.0	3.000	 2.0	 2.0
1	2012	175	17186.0	 22.0	 28.0	3.000	 1.0	 4.0
1	2012	176	10344.0	 22.0	 25.0	3.000	 1.0	13.0
1	2012	177	14591.0	 21.0	 27.0	3.000	 1.0	 7.0
1	2012	178	14502.0	 21.0	 27.0	3.000	 2.0	 5.0
1	2012	179	14481.0	 22.0	 27.0	3.000	 2.0	 6.0
1	2012	180	6365.0	 22.0	 24.0	3.000	 2.0	40.0
1	2012	181	11691.0	 21.0	 26.0	3.000	 2.0	 4.0
1	2012	182	17973.0	 22.0	 27.0	3.000	 1.0	 5.0
1	2012	183	15610.0	 21.0	 27.0	3.000	 1.0	 6.0
1	2012	184	9395.0	 22.0	 26.0	3.000	 2.0	 6.0
1	2012	185	9534.0	 21.0	 25.0	3.000	 1.0	16.0
1	2012	186	9539.0	 21.0	 25.0	3.000	 2.0	17.0
1	2012	187	10105.0	 21.0	 25.0	3.000	 2.0	 6.0
1	2012	188	19385.0	 21.0	 27.0	3.000	 2.0	 2.0
1	2012	189	14615.0	 22.0	 26.0	3.000	 1.0	 5.0
1	2012	190	9351.0	 21.0	 25.0	3.000	 2.0	10.0
1	2012	191	15192.0	 22.0	 27.0	3.000	 2.0	 3.0
1	2012	192	14954.0	 22.0	 27.0	3.000	 1.0	 4.0
1	2012	193	15647.0	 22.0	 26.0	3.000	 1.0	 5.0
1	2012	194	10486.0	 22.0	 26.0	3.000	 1.0	 2.0
1	2012	195	15675.0	 22.0	 27.0	3.000	 1.0	 9.0
1	2012	196	16557.0	 22.0	 27.0	3.000	 2.0	 6.0
1	2012	197	6047.0	 22.0	 24.0	3.000	 2.0	14.0
1	2012	198	10435.0	 21.0	 25.0	3.000	 2.0	 9.0
1	2012	199	17432.0	 21.0	 27.0	3.000	 1.0	 2.0
1	2012	200	15584.0	 21.0	 27.0	3.000	 1.0	 2.0
1	2012	201	11774.0	 22.0	 26.0	3.000	 2.0	 2.0
1	2012	202	15776.0	 22.0	 27.0	3.000	 2.0	 2.0
1	2012	203	14346.0	 22.0	 26.0	3.000	 1.0	23.0
1	2012	204	8530.0	 22.0	 24.0	3.000	 1.0	10.0
1	2012	205	13720.0	 21.0	 26.0	3.000	 2.0	 6.0
1	2012	206	9948.0	 21.0	 26.0	3.000	 2.0	 5.0
1	2012	207	11475.0	 22.0	 26.0	3.000	 2.0	 8.0
1	2012	208	11892.0	 22.0	 26.0	3.000	 2.0	 3.0
1	2012	209	6555.0	 21.0	 25.0	3.000	 1.0	 1.0
1	2012	210	14728.0	 22.0	 26.0	3.000	 2.0	14.0
1	2012	211	12702.0	 21.0	 26.0	3.000	 1.0	 8.0
1	2012	212	15043.0	 22.0	 27.0	3.000	 1.0	 2.0
1	2012	213	14937.0	 22.0	 26.0	3.000	 1.0	10.0
1	2012	214	12283.0	 21.0	 25.0	3.000	 2.0	14.0
1	2012	215	14540.0	 21.0	 26.0	3.000	 2.0	 2.0
1	2012	216	11381.0	 22.0	 26.0	3.000	 1.0	 2.0
1	2012	217	12452.0	 22.0	 26.0	3.000	 2.0	 4.0
1	2012	218	14299.0	 22.0	 26.0	3.000	 2.0	 3.0
1	2012	219	13812.0	 21.0	 26.0	3.000	 2.0	 2.0
1	2012	220	13237.0	 21.0	 26.0	3.000	 2.0	 2.0
1	2012	221	12634.0	 22.0	 26.0	3.000	 2.0	 2.0
1	2012	222	13223.0	 21.0	 25.0	3.000	 1.0	 3.0
1	2012	223	15257.0	 21.0	 26.0	3.000	 1.0	 4.0
1	2012	224	6135.0	 21.0	 23.0	3.000	 2.0	15.0
1	2012	225	15494.0	 21.0	 26.0	3.000	 2.0	 3.0
1	2012	226	13342.0	 21.0	 26.0	2.000	 2.0	 2.0
1	2012	227	9674.0	 21.0	 25.0	2.000	 2.0	 5.0
1	2012	228	12742.0	 21.0	 25.0	2.000	 3.0	 3.0
1	2012	229	15923.0	 21.0	 27.0	2.000	 1.0	 1.0
1	2012	230	17214.0	 20.0	 27.0	3.000	 1.0	 2.0
1	2012	231	16500.0	 22.0	 27.0	3.000	 1.0	14.0
1	2012	232	5835.0	 21.0	 24.0	3.000	 2.0	40.0
1	2012	233	17586.0	 21.0	 27.0	3.000	 2.0	 1.0
1	2012	234	14124.0	 21.0	 27.0	3.000	 1.0	 2.0
1	2012	235	9430.0	 22.0	 25.0	3.000	 1.0	26.0
1	2012	236	11206.0	 21.0	 27.0	3.000	 2.0	 4.0
1	2012	237	15295.0	 21.0	 27.0	3.000	 2.0	 3.0
1	2012	238	17949.0	 21.0	 27.0	3.000	 2.0	 1.0
1	2012	239	17412.0	 21.0	 27.0	3.000	 1.0	 3.0
1	2012	240	17529.0	 21.0	 27.0	3.000	 1.0	 3.0
1	2012	241	15542.0	 21.0	 27.0	3.000	 1.0	 8.0
1	2012	242	19579.0	 22.0	 28.0	3.000	 2.0	 3.0
1	2012	243	18994.0	 22.0	 28.0	3.000	 2.0	 2.0
1	2012	244	16640.0	 21.0	 27.0	3.000	 1.0	 1.0
1	2012	245	15597.0	 22.0	 27.0	3.000	 1.0	 2.0
1	2012	246	8150.0	 22.0	 25.0	3.000	 1.0	17.0
1	2012	247	10607.0	 22.0	 26.0	3.000	 2.0	 3.0
1	2012	248	17074.0	 22.0	 27.0	3.000	 2.0	 3.0
1	2012	249	13768.0	 22.0	 27.0	3.000	 2.0	 7.0
1	2012	250	13373.0	 22.0	 26.0	3.000	 1.0	 9.0
1	2012	251	17775.0	 22.0	 26.0	3.000	 1.0	11.0
1	2012	252	15266.0	 21.0	 27.0	3.000	 1.0	19.0
1	2012	253	17524.0	 22.0	 28.0	3.000	 1.0	 2.0
1	2012	254	19010.0	 21.0	 28.0	3.000	 1.0	10.0
1	2012	255	6198.0	 21.0	 24.0	3.000	 1.0	14.0
1	2012	256	11975.0	 21.0	 27.0	3.000	 2.0	 8.0
1	2012	257	17115.0	 22.0	 27.0	3.000	 1.0	 2.0
1	2012	258	18880.0	 21.0	 28.0	3.000	 1.0	 5.0
1	2012	259	15291.0	 22.0	 27.0	3.000	 2.0	 6.0
1	2012	260	16507.0	 22.0	 27.0	3.000	 2.0	 8.0
1	2012	261	12013.0	 22.0	 26.0	3.000	 1.0	 5.0
1	2012	262	14996.0	 21.0	 27.0	3.000	 1.0	 2.0
1	2012	263	14560.0	 22.0	 26.0	3.000	 1.0	 6.0
1	2012	264	12629.0	 22.0	 26.0	3.000	 1.0	14.0
1	2012	265	17478.0	 21.0	 27.0	3.000	 1.0	11.0
1	2012	266	18302.0	 22.0	 28.0	3.000	 1.0	18.0
1	2012	267	14941.0	 22.0	 27.0	3.000	 0.0	23.0
1	2012	268	19342.0	 21.0	 29.0	3.000	 0.0	 3.0
1	2012	269	19662.0	 22.0	 28.0	3.000	 1.0	 4.0
1	2012	270	16613.0	 23.0	 27.0	3.000	 1.0	 9.0
1	2012	271	5727.0	 22.0	 24.0	3.000	 1.0	17.0
1	2012	272	19330.0	 22.0	 28.0	3.000	 0.0	 7.0
1	2012	273	19115.0	 22.0	 29.0	3.000	 0.0	 5.0
1	2012	274	16504.0	 21.0	 28.0	3.000	 1.0	25.0
1	2012	275	14225.0	 22.0	 27.0	3.000	 2.0	 6.0
1	2012	276	16883.0	 22.0	 27.0	3.000	 0.0	 9.0
1	2012	277	17152.0	 22.0	 28.0	3.000	 0.0	17.0
1	2012	278	19110.0	 21.0	 28.0	3.000	 0.0	 8.0
1	2012	279	19460.0	 22.0	 29.0	3.000	 0.0	 5.0
1	2012	280	19962.0	 22.0	 29.0	3.000	 1.0	 3.0
1	2012	281	17037.0	 22.0	 28.0	3.000	 2.0	13.0
1	2012	282	13119.0	 22.0	 27.0	3.000	 1.0	14.0
1	2012	283	19513.0	 21.0	 29.0	3.000	 0.0	 5.0
1	2012	284	16553.0	 22.0	 27.0	3.000	 0.0	 8.0
1	2012	285	15178.0	 22.0	 28.0	3.000	 1.0	 7.0
1	2012	286	19061.0	 23.0	 29.0	3.000	 1.0	 5.0
1	2012	287	20262.0	 22.0	 29.0	3.000	 1.0	 2.0
1	2012	288	19577.0	 23.0	 29.0	3.000	 1.0	 6.0
1	2012	289	18629.0	 22.0	 29.0	3.000	 1.0	17.0
1	2012	290	18371.0	 22.0	 29.0	3.000	 1.0	13.0
1	2012	291	16535.0	 22.0	 28.0	3.000	 0.0	15.0
1	2012	292	16490.0	 22.0	 28.0	3.000	 1.0	12.0
1	2012	293	16415.0	 22.0	 29.0	3.000	 1.0	23.0
1	2012	294	21200.0	 21.0	 30.0	3.000	 1.0	 1.0
1	2012	295	19627.0	 22.0	 29.0	3.000	 1.0	 5.0
1	2012	296	20975.0	 21.0	 30.0	3.000	 2.0	 9.0
1	2012	297	15848.0	 23.0	 28.0	3.000	 0.0	13.0
1	2012	298	8138.0	 22.0	 27.0	3.000	 1.0	 5.0
1	2012	299	17493.0	 22.0	 29.0	3.000	 1.0	16.0
1	2012	300	18309.0	 22.0	 29.0	3.000	 1.0	 8.0
1	2012	301	19535.0	 22.0	 29.0	3.000	 1.0	 7.0
1	2012	302	18744.0	 22.0	 29.0	3.000	 1.0	15.0
1	2012	303	15464.0	 22.0	 29.0	3.000	 0.0	 6.0
1	2012	304	20383.0	 21.0	 30.0	3.000	 1.0	 4.0
1	2012	305	19169.0	 22.0	 29.0	3.000	 1.0	 5.0
1	2012	306	20815.0	 22.0	 31.0	3.000	 1.0	 0.0
1	2012	307	20913.0	 23.0	 30.0	3.000	 2.0	 1.0
1	2012	308	20748.0	 23.0	 29.0	3.000	 2.0	 1.0
1	2012	309	19650.0	 22.0	 29.0	3.000	 1.0	 3.0
1	2012	310	20861.0	 22.0	 30.0	3.000	 1.0	 1.0
1	2012	311	21111.0	 23.0	 30.0	3.000	 1.0	 2.0
1	2012	312	19487.0	 23.0	 29.0	3.000	 1.0	 5.0
1	2012	313	17205.0	 23.0	 29.0	3.000	 1.0	10.0
1	2012	314	16711.0	 22.0	 28.0	3.000	 1.0	15.0
1	2012	315	19091.0	 22.0	 30.0	3.000	 2.0	 1.0
1	2012	316	19620.0	 22.0	 29.0	3.000	 1.0	13.0
1	2012	317	18314.0	 22.0	 30.0	3.000	 1.0	 5.0
1	2012	318	14284.0	 22.0	 29.0	3.000	 1.0	 2.0
1	2012	319	18713.0	 22.0	 30.0	3.000	 1.0	 2.0
1	2012	320	19868.0	 23.0	 30.0	3.000	 1.0	 1.0
1	2012	321	21070.0	 22.0	 31.0	3.000	 1.0	 0.0
1	2012	322	20976.0	 22.0	 30.0	3.000	 1.0	 0.0
1	2012	323	18622.0	 23.0	 29.0	3.000	 1.0	 1.0
1	2012	324	18124.0	 23.0	 30.0	3.000	 1.0	 4.0
1	2012	325	19173.0	 23.0	 30.0	3.000	 1.0	 8.0
1	2012	326	18852.0	 24.0	 30.0	3.000	 2.0	 4.0
1	2012	327	17852.0	 23.0	 30.0	3.000	 1.0	 7.0
1	2012	328	17455.0	 23.0	 29.0	3.000	 1.0	 7.0
1	2012	329	19148.0	 22.0	 30.0	3.000	 1.0	 7.0
1	2012	330	16721.0	 23.0	 29.0	3.000	 1.0	 8.0
1	2012	331	15665.0	 23.0	 28.0	3.000	 2.0	 4.0
1	2012	332	17294.0	 22.0	 29.0	3.000	 1.0	 8.0
1	2012	333	17334.0	 23.0	 29.0	3.000	 2.0	 4.0
1	2012	334	18829.0	 22.0	 30.0	3.000	 1.0	 0.0
1	2012	335	20091.0	 23.0	 30.0	3.000	 1.0	 1.0
1	2012	336	20114.0	 22.0	 30.0	3.000	 1.0	 0.0
1	2012	337	17846.0	 23.0	 29.0	3.000	 1.0	13.0
1	2012	338	14606.0	 23.0	 28.0	3.000	 1.0	 2.0
1	2012	339	18055.0	 22.0	 29.0	3.000	 1.0	 0.0
1	2012	340	17582.0	 23.0	 29.0	3.000	 1.0	 2.0
1	2012	341	17499.0	 22.0	 29.0	3.000	 1.0	 2.0
1	2012	342	14662.0	 22.0	 29.0	3.000	 1.0	13.0
1	2012	343	17934.0	 23.0	 29.0	3.000	 1.0	14.0
1	2012	344	19877.0	 22.0	 31.0	3.000	 1.0	 1.0
1	2012	345	17124.0	 23.0	 29.0	3.000	 1.0	 2.0
1	2012	346	16978.0	 23.0	 29.0	3.000	 1.0	 6.0
1	2012	347	17354.0	 23.0	 29.0	3.000	 2.0	 5.0
1	2012	348	15767.0	 23.0	 29.0	3.000	 1.0	 1.0
1	2012	349	19984.0	 22.0	 31.0	3.000	 1.0	 0.0
1	2012	350	19257.0	 22.0	 30.0	3.000	 1.0	 1.0
1	2012	351	19908.0	 22.0	 31.0	3.000	 1.0	 0.0
1	2012	352	18820.0	 22.0	 30.0	3.000	 1.0	 0.0
1	2012	353	21131.0	 22.0	 31.0	3.000	 0.0	 0.0
1	2012	354	19606.0	 21.0	 30.0	3.000	 0.0	 0.0
1	2012	355	21653.0	 20.0	 32.0	2.000	 0.0	 0.0
1	2012	356	20618.0	 21.0	 31.0	2.000	 1.0	 0.0
1	2012	357	19710.0	 22.0	 30.0	3.000	 1.0	 0.0
1	2012	358	21471.0	 22.0	 32.0	3.000	 1.0	 0.0
1	2012	359	20902.0	 21.0	 32.0	3.000	 1.0	 0.0
1	2012	360	20207.0	 22.0	 31.0	3.000	 0.0	 0.0
1	2012	361	20183.0	 22.0	 31.0	3.000	 1.0	 0.0
1	2012	362	20967.0	 22.0	 32.0	3.000	 1.0	 0.0
1	2012	363	21291.0	 22.0	 32.0	2.000	 0.0	 0.0
1	2012	364	21766.0	 20.0	 32.0	2.000	 1.0	 0.0
1	2012	365	21493.0	 22.0	 31.0	2.000	 0.0	 0.0
1	2012	366	22317.0	 20.0	 33.0	2.000	 1.0	 0.0
