*---------------------------------------------------
* Station: Volta
* Year: 2014
* Origin: ERA5-Reanalysis
* Columns & units
* ===================
* 1. station number
* 2. year
* 3. Day of Year
* 4. Irradiance   (kJ路m-2路d-1)
* 5. Daily minimum temperature (degC)
* 6. Daily maximum temperature (degC)
* 7. Vapour pressure (kPa)
* 8. Mean wind speed (m路s-1)
* 9. Precipitation (mm路d-1)
** WCCDESCRIPTION=Volta
** WCCFORMAT=2
** WCCYEARNR=2014
*------------------------------------------------------------*
0.40  7.24  734.00 -0.18  -0.55
1	2014	1	17602.0	 23.0	 29.0	3.000	 2.0	 1.0
1	2014	2	18197.0	 22.0	 31.0	3.000	 1.0	 0.0
1	2014	3	20356.0	 22.0	 32.0	3.000	 0.0	 0.0
1	2014	4	21974.0	 21.0	 32.0	2.000	 0.0	 0.0
1	2014	5	18688.0	 22.0	 31.0	2.000	 1.0	 0.0
1	2014	6	19872.0	 22.0	 31.0	2.000	 1.0	 0.0
1	2014	7	20859.0	 22.0	 31.0	2.000	 0.0	 0.0
1	2014	8	20429.0	 22.0	 32.0	2.000	 1.0	 0.0
1	2014	9	18346.0	 23.0	 31.0	3.000	 1.0	 1.0
1	2014	10	17097.0	 23.0	 31.0	3.000	 1.0	 1.0
1	2014	11	20024.0	 23.0	 32.0	3.000	 1.0	 0.0
1	2014	12	18593.0	 22.0	 32.0	3.000	 1.0	 0.0
1	2014	13	18677.0	 22.0	 30.0	3.000	 1.0	 0.0
1	2014	14	21293.0	 22.0	 31.0	2.000	 0.0	 0.0
1	2014	15	20144.0	 22.0	 31.0	2.000	 1.0	 0.0
1	2014	16	19894.0	 23.0	 31.0	3.000	 2.0	 0.0
1	2014	17	19256.0	 23.0	 32.0	3.000	 2.0	 2.0
1	2014	18	16927.0	 23.0	 29.0	3.000	 0.0	14.0
1	2014	19	19215.0	 22.0	 31.0	3.000	 1.0	 2.0
1	2014	20	21488.0	 24.0	 32.0	3.000	 1.0	 0.0
1	2014	21	20855.0	 23.0	 30.0	3.000	 1.0	 0.0
1	2014	22	20033.0	 23.0	 31.0	3.000	 1.0	 0.0
1	2014	23	18345.0	 24.0	 30.0	3.000	 1.0	 1.0
1	2014	24	19368.0	 23.0	 31.0	3.000	 1.0	 0.0
1	2014	25	19049.0	 24.0	 31.0	3.000	 1.0	 0.0
1	2014	26	19617.0	 24.0	 31.0	3.000	 2.0	 1.0
1	2014	27	19700.0	 22.0	 31.0	3.000	 1.0	 0.0
1	2014	28	21351.0	 22.0	 32.0	3.000	 2.0	 0.0
1	2014	29	19561.0	 23.0	 31.0	3.000	 2.0	 0.0
1	2014	30	17985.0	 24.0	 31.0	3.000	 2.0	 4.0
1	2014	31	14732.0	 23.0	 29.0	3.000	 0.0	 6.0
1	2014	32	13898.0	 23.0	 29.0	3.000	 1.0	 7.0
1	2014	33	21040.0	 20.0	 31.0	2.000	 1.0	 0.0
1	2014	34	22874.0	 20.0	 32.0	2.000	 0.0	 0.0
1	2014	35	21679.0	 22.0	 32.0	2.000	 0.0	 0.0
1	2014	36	22906.0	 23.0	 33.0	2.000	 0.0	 0.0
1	2014	37	22875.0	 21.0	 34.0	2.000	 1.0	 0.0
1	2014	38	21692.0	 22.0	 31.0	3.000	 1.0	 0.0
1	2014	39	20150.0	 23.0	 31.0	3.000	 1.0	 5.0
1	2014	40	21085.0	 23.0	 31.0	3.000	 1.0	 2.0
1	2014	41	18567.0	 23.0	 31.0	3.000	 1.0	 8.0
1	2014	42	18679.0	 23.0	 30.0	3.000	 1.0	 2.0
1	2014	43	17639.0	 24.0	 30.0	3.000	 1.0	 4.0
1	2014	44	20585.0	 23.0	 32.0	3.000	 2.0	 0.0
1	2014	45	21129.0	 24.0	 32.0	3.000	 1.0	 0.0
1	2014	46	18838.0	 23.0	 31.0	3.000	 1.0	 1.0
1	2014	47	16848.0	 24.0	 29.0	3.000	 2.0	11.0
1	2014	48	21879.0	 22.0	 31.0	3.000	 1.0	 0.0
1	2014	49	19201.0	 23.0	 30.0	3.000	 1.0	 1.0
1	2014	50	20534.0	 23.0	 31.0	3.000	 1.0	 2.0
1	2014	51	18566.0	 24.0	 31.0	3.000	 1.0	 1.0
1	2014	52	22200.0	 23.0	 32.0	3.000	 1.0	 0.0
1	2014	53	23052.0	 23.0	 32.0	3.000	 1.0	 0.0
1	2014	54	22163.0	 23.0	 32.0	3.000	 1.0	 0.0
1	2014	55	20650.0	 24.0	 32.0	3.000	 1.0	 0.0
1	2014	56	18182.0	 24.0	 31.0	3.000	 1.0	 2.0
1	2014	57	19735.0	 24.0	 31.0	3.000	 2.0	 5.0
1	2014	58	21936.0	 24.0	 31.0	3.000	 1.0	 8.0
1	2014	59	16829.0	 23.0	 29.0	3.000	 0.0	14.0
1	2014	60	17872.0	 24.0	 29.0	3.000	 1.0	 1.0
1	2014	61	25026.0	 20.0	 32.0	2.000	 0.0	 0.0
1	2014	62	24210.0	 22.0	 32.0	2.000	 1.0	 0.0
1	2014	63	23609.0	 22.0	 31.0	3.000	 2.0	 0.0
1	2014	64	22624.0	 23.0	 32.0	3.000	 2.0	 0.0
1	2014	65	21936.0	 24.0	 32.0	3.000	 2.0	 2.0
1	2014	66	19336.0	 24.0	 30.0	3.000	 1.0	18.0
1	2014	67	18107.0	 23.0	 30.0	3.000	 1.0	 1.0
1	2014	68	20493.0	 24.0	 30.0	3.000	 2.0	 1.0
1	2014	69	21368.0	 24.0	 31.0	3.000	 2.0	 2.0
1	2014	70	16576.0	 24.0	 30.0	3.000	 2.0	 7.0
1	2014	71	21610.0	 23.0	 31.0	3.000	 2.0	 4.0
1	2014	72	22377.0	 23.0	 31.0	3.000	 1.0	 2.0
1	2014	73	23252.0	 23.0	 32.0	3.000	 2.0	 2.0
1	2014	74	21800.0	 23.0	 32.0	3.000	 1.0	10.0
1	2014	75	19948.0	 24.0	 31.0	3.000	 2.0	13.0
1	2014	76	13772.0	 24.0	 29.0	3.000	 2.0	 7.0
1	2014	77	21518.0	 23.0	 31.0	3.000	 2.0	 3.0
1	2014	78	19996.0	 24.0	 31.0	3.000	 1.0	 2.0
1	2014	79	18278.0	 24.0	 31.0	3.000	 2.0	 1.0
1	2014	80	20613.0	 23.0	 31.0	3.000	 1.0	 2.0
1	2014	81	21351.0	 24.0	 31.0	3.000	 1.0	10.0
1	2014	82	14437.0	 24.0	 28.0	3.000	 1.0	20.0
1	2014	83	16969.0	 23.0	 30.0	3.000	 2.0	 8.0
1	2014	84	17698.0	 23.0	 30.0	3.000	 1.0	 1.0
1	2014	85	23301.0	 24.0	 31.0	3.000	 2.0	 3.0
1	2014	86	20490.0	 24.0	 30.0	3.000	 1.0	 0.0
1	2014	87	12981.0	 24.0	 29.0	3.000	 2.0	 0.0
1	2014	88	20041.0	 24.0	 31.0	3.000	 2.0	 1.0
1	2014	89	21533.0	 24.0	 31.0	3.000	 2.0	 5.0
1	2014	90	14225.0	 23.0	 29.0	3.000	 1.0	 9.0
1	2014	91	20535.0	 23.0	 30.0	3.000	 1.0	 4.0
1	2014	92	22502.0	 23.0	 32.0	3.000	 1.0	 6.0
1	2014	93	21129.0	 24.0	 31.0	3.000	 3.0	 2.0
1	2014	94	23222.0	 24.0	 32.0	3.000	 2.0	 0.0
1	2014	95	23495.0	 24.0	 31.0	3.000	 3.0	 1.0
1	2014	96	23406.0	 24.0	 31.0	3.000	 2.0	 0.0
1	2014	97	24489.0	 23.0	 32.0	3.000	 2.0	 0.0
1	2014	98	21936.0	 24.0	 30.0	3.000	 1.0	 3.0
1	2014	99	20376.0	 24.0	 30.0	3.000	 1.0	 3.0
1	2014	100	17358.0	 23.0	 29.0	3.000	 1.0	 3.0
1	2014	101	19071.0	 24.0	 30.0	3.000	 2.0	 2.0
1	2014	102	23120.0	 23.0	 31.0	3.000	 2.0	 2.0
1	2014	103	14409.0	 24.0	 29.0	3.000	 1.0	14.0
1	2014	104	24692.0	 22.0	 31.0	3.000	 2.0	 1.0
1	2014	105	19150.0	 22.0	 30.0	3.000	 2.0	 0.0
1	2014	106	24688.0	 23.0	 31.0	3.000	 2.0	 1.0
1	2014	107	21088.0	 24.0	 31.0	3.000	 2.0	 0.0
1	2014	108	22111.0	 24.0	 32.0	3.000	 2.0	 1.0
1	2014	109	23365.0	 23.0	 31.0	3.000	 2.0	 3.0
1	2014	110	23785.0	 24.0	 31.0	3.000	 1.0	 5.0
1	2014	111	13758.0	 24.0	 29.0	3.000	 2.0	10.0
1	2014	112	14973.0	 24.0	 30.0	3.000	 1.0	 8.0
1	2014	113	20073.0	 23.0	 31.0	3.000	 1.0	 3.0
1	2014	114	19323.0	 23.0	 30.0	3.000	 1.0	 2.0
1	2014	115	19548.0	 24.0	 31.0	3.000	 2.0	10.0
1	2014	116	22428.0	 24.0	 31.0	3.000	 2.0	 9.0
1	2014	117	21994.0	 23.0	 31.0	3.000	 1.0	 1.0
1	2014	118	22506.0	 23.0	 31.0	3.000	 1.0	 5.0
1	2014	119	13228.0	 23.0	 28.0	3.000	 0.0	16.0
1	2014	120	19971.0	 23.0	 30.0	3.000	 1.0	15.0
1	2014	121	17348.0	 23.0	 30.0	3.000	 0.0	 7.0
1	2014	122	18383.0	 23.0	 31.0	3.000	 1.0	13.0
1	2014	123	23438.0	 23.0	 31.0	3.000	 2.0	 3.0
1	2014	124	21221.0	 23.0	 31.0	3.000	 1.0	 1.0
1	2014	125	15860.0	 24.0	 29.0	3.000	 1.0	17.0
1	2014	126	10286.0	 23.0	 27.0	3.000	 0.0	16.0
1	2014	127	14073.0	 23.0	 28.0	3.000	 2.0	11.0
1	2014	128	14238.0	 22.0	 28.0	3.000	 1.0	 2.0
1	2014	129	15903.0	 23.0	 30.0	3.000	 2.0	 7.0
1	2014	130	23111.0	 22.0	 30.0	3.000	 1.0	 2.0
1	2014	131	16942.0	 23.0	 30.0	3.000	 0.0	 7.0
1	2014	132	20746.0	 23.0	 31.0	3.000	 1.0	14.0
1	2014	133	20364.0	 24.0	 31.0	3.000	 2.0	11.0
1	2014	134	15365.0	 23.0	 28.0	3.000	 0.0	13.0
1	2014	135	7181.0	 23.0	 27.0	3.000	 1.0	14.0
1	2014	136	19432.0	 23.0	 29.0	3.000	 1.0	 7.0
1	2014	137	22160.0	 23.0	 30.0	3.000	 2.0	 0.0
1	2014	138	22650.0	 22.0	 30.0	3.000	 1.0	 6.0
1	2014	139	20207.0	 23.0	 29.0	3.000	 0.0	16.0
1	2014	140	17220.0	 23.0	 30.0	3.000	 1.0	17.0
1	2014	141	17685.0	 24.0	 30.0	3.000	 2.0	 6.0
1	2014	142	19629.0	 23.0	 30.0	3.000	 2.0	 2.0
1	2014	143	18905.0	 23.0	 30.0	3.000	 1.0	 5.0
1	2014	144	20198.0	 23.0	 30.0	3.000	 2.0	 8.0
1	2014	145	21034.0	 23.0	 31.0	3.000	 2.0	 1.0
1	2014	146	20474.0	 23.0	 30.0	3.000	 1.0	 2.0
1	2014	147	11587.0	 24.0	 28.0	3.000	 1.0	 3.0
1	2014	148	20648.0	 23.0	 30.0	3.000	 2.0	 1.0
1	2014	149	13212.0	 23.0	 28.0	3.000	 1.0	15.0
1	2014	150	12476.0	 23.0	 27.0	3.000	 1.0	12.0
1	2014	151	19345.0	 22.0	 29.0	3.000	 1.0	 2.0
1	2014	152	17545.0	 23.0	 29.0	3.000	 1.0	 8.0
1	2014	153	10377.0	 23.0	 28.0	3.000	 0.0	 4.0
1	2014	154	20151.0	 22.0	 30.0	3.000	 0.0	 1.0
1	2014	155	15844.0	 23.0	 28.0	3.000	 1.0	10.0
1	2014	156	9836.0	 23.0	 28.0	3.000	 2.0	71.0
1	2014	157	9154.0	 23.0	 26.0	3.000	 1.0	 8.0
1	2014	158	11885.0	 23.0	 28.0	3.000	 1.0	10.0
1	2014	159	18240.0	 22.0	 29.0	3.000	 1.0	 4.0
1	2014	160	18942.0	 23.0	 29.0	3.000	 2.0	 4.0
1	2014	161	13875.0	 23.0	 28.0	3.000	 2.0	 7.0
1	2014	162	18833.0	 22.0	 28.0	3.000	 1.0	 3.0
1	2014	163	14797.0	 23.0	 27.0	3.000	 1.0	 9.0
1	2014	164	17818.0	 22.0	 28.0	3.000	 1.0	 8.0
1	2014	165	18431.0	 23.0	 28.0	3.000	 1.0	 2.0
1	2014	166	17981.0	 23.0	 29.0	3.000	 2.0	 1.0
1	2014	167	16038.0	 23.0	 29.0	3.000	 2.0	 4.0
1	2014	168	9802.0	 23.0	 26.0	3.000	 1.0	16.0
1	2014	169	7622.0	 22.0	 25.0	3.000	 1.0	33.0
1	2014	170	14729.0	 22.0	 27.0	3.000	 1.0	 2.0
1	2014	171	16199.0	 23.0	 28.0	3.000	 1.0	 4.0
1	2014	172	17523.0	 23.0	 29.0	3.000	 2.0	 7.0
1	2014	173	18696.0	 23.0	 28.0	3.000	 2.0	 3.0
1	2014	174	15194.0	 22.0	 27.0	3.000	 1.0	11.0
1	2014	175	11481.0	 22.0	 27.0	3.000	 1.0	 6.0
1	2014	176	15956.0	 22.0	 28.0	3.000	 2.0	 6.0
1	2014	177	17836.0	 23.0	 28.0	3.000	 2.0	 7.0
1	2014	178	14447.0	 23.0	 27.0	3.000	 1.0	 7.0
1	2014	179	16944.0	 22.0	 27.0	3.000	 1.0	 6.0
1	2014	180	12515.0	 22.0	 27.0	3.000	 2.0	11.0
1	2014	181	16533.0	 22.0	 28.0	3.000	 1.0	11.0
1	2014	182	17580.0	 22.0	 28.0	3.000	 1.0	 9.0
1	2014	183	10680.0	 22.0	 26.0	3.000	 1.0	11.0
1	2014	184	15899.0	 22.0	 27.0	3.000	 1.0	 5.0
1	2014	185	8305.0	 22.0	 26.0	3.000	 1.0	 4.0
1	2014	186	16695.0	 22.0	 28.0	3.000	 2.0	 7.0
1	2014	187	18169.0	 23.0	 28.0	3.000	 2.0	 6.0
1	2014	188	14706.0	 22.0	 26.0	3.000	 2.0	 4.0
1	2014	189	15860.0	 22.0	 27.0	3.000	 2.0	 1.0
1	2014	190	14286.0	 21.0	 27.0	3.000	 1.0	 0.0
1	2014	191	17909.0	 22.0	 28.0	3.000	 1.0	 6.0
1	2014	192	15632.0	 22.0	 27.0	3.000	 2.0	 2.0
1	2014	193	17281.0	 23.0	 28.0	3.000	 2.0	 2.0
1	2014	194	18070.0	 22.0	 28.0	3.000	 2.0	 1.0
1	2014	195	18539.0	 22.0	 28.0	3.000	 1.0	 5.0
1	2014	196	17893.0	 22.0	 28.0	3.000	 1.0	 4.0
1	2014	197	10111.0	 22.0	 26.0	3.000	 2.0	25.0
1	2014	198	8483.0	 22.0	 25.0	3.000	 2.0	19.0
1	2014	199	6349.0	 21.0	 24.0	3.000	 1.0	 6.0
1	2014	200	16369.0	 21.0	 27.0	3.000	 1.0	 1.0
1	2014	201	15613.0	 22.0	 27.0	3.000	 2.0	 3.0
1	2014	202	16718.0	 22.0	 27.0	3.000	 3.0	 2.0
1	2014	203	14240.0	 22.0	 27.0	3.000	 2.0	 1.0
1	2014	204	13120.0	 22.0	 27.0	3.000	 2.0	 4.0
1	2014	205	17277.0	 22.0	 27.0	3.000	 2.0	 3.0
1	2014	206	16024.0	 22.0	 27.0	3.000	 2.0	 4.0
1	2014	207	13109.0	 22.0	 27.0	3.000	 2.0	 5.0
1	2014	208	12412.0	 22.0	 27.0	3.000	 1.0	 9.0
1	2014	209	14484.0	 22.0	 27.0	3.000	 2.0	12.0
1	2014	210	14329.0	 22.0	 27.0	3.000	 1.0	 3.0
1	2014	211	12792.0	 22.0	 27.0	3.000	 2.0	14.0
1	2014	212	11677.0	 22.0	 27.0	3.000	 1.0	 3.0
1	2014	213	8657.0	 22.0	 26.0	3.000	 2.0	13.0
1	2014	214	12501.0	 22.0	 26.0	3.000	 2.0	17.0
1	2014	215	17359.0	 22.0	 27.0	3.000	 2.0	 3.0
1	2014	216	16952.0	 22.0	 27.0	3.000	 2.0	 3.0
1	2014	217	12491.0	 22.0	 26.0	3.000	 2.0	11.0
1	2014	218	15714.0	 22.0	 27.0	3.000	 2.0	 7.0
1	2014	219	9456.0	 22.0	 26.0	3.000	 2.0	 4.0
1	2014	220	11417.0	 22.0	 26.0	3.000	 2.0	 3.0
1	2014	221	18797.0	 21.0	 27.0	3.000	 3.0	 2.0
1	2014	222	16727.0	 21.0	 27.0	2.000	 2.0	 0.0
1	2014	223	15649.0	 21.0	 26.0	2.000	 2.0	 2.0
1	2014	224	15787.0	 21.0	 27.0	3.000	 2.0	 4.0
1	2014	225	9417.0	 21.0	 26.0	3.000	 2.0	 4.0
1	2014	226	12934.0	 21.0	 26.0	3.000	 2.0	 2.0
1	2014	227	11849.0	 21.0	 26.0	3.000	 2.0	 3.0
1	2014	228	7637.0	 21.0	 25.0	3.000	 2.0	13.0
1	2014	229	15952.0	 21.0	 27.0	3.000	 3.0	 1.0
1	2014	230	15189.0	 21.0	 27.0	3.000	 1.0	 5.0
1	2014	231	7331.0	 22.0	 24.0	3.000	 1.0	15.0
1	2014	232	14649.0	 21.0	 27.0	3.000	 2.0	15.0
1	2014	233	14319.0	 22.0	 26.0	3.000	 2.0	 8.0
1	2014	234	12100.0	 21.0	 25.0	3.000	 2.0	 9.0
1	2014	235	12357.0	 22.0	 25.0	3.000	 1.0	 8.0
1	2014	236	20476.0	 21.0	 28.0	3.000	 0.0	 4.0
1	2014	237	16337.0	 22.0	 27.0	3.000	 1.0	 8.0
1	2014	238	8363.0	 22.0	 25.0	3.000	 2.0	38.0
1	2014	239	14815.0	 21.0	 27.0	3.000	 2.0	 3.0
1	2014	240	17361.0	 22.0	 28.0	3.000	 1.0	 2.0
1	2014	241	14073.0	 22.0	 27.0	3.000	 1.0	 7.0
1	2014	242	15505.0	 22.0	 28.0	3.000	 2.0	 4.0
1	2014	243	13549.0	 22.0	 27.0	3.000	 2.0	10.0
1	2014	244	11556.0	 22.0	 26.0	3.000	 2.0	10.0
1	2014	245	13438.0	 22.0	 26.0	3.000	 2.0	 7.0
1	2014	246	16659.0	 22.0	 27.0	3.000	 1.0	 3.0
1	2014	247	15763.0	 22.0	 27.0	3.000	 1.0	13.0
1	2014	248	8358.0	 22.0	 25.0	3.000	 1.0	20.0
1	2014	249	11402.0	 22.0	 26.0	3.000	 2.0	13.0
1	2014	250	17078.0	 22.0	 27.0	3.000	 1.0	 3.0
1	2014	251	14309.0	 21.0	 26.0	3.000	 1.0	 9.0
1	2014	252	16532.0	 21.0	 27.0	3.000	 0.0	27.0
1	2014	253	17141.0	 22.0	 27.0	3.000	 1.0	11.0
1	2014	254	16634.0	 21.0	 27.0	3.000	 1.0	 7.0
1	2014	255	14452.0	 21.0	 27.0	3.000	 0.0	 4.0
1	2014	256	21331.0	 22.0	 29.0	3.000	 2.0	 4.0
1	2014	257	16505.0	 22.0	 28.0	3.000	 1.0	 8.0
1	2014	258	19955.0	 23.0	 28.0	3.000	 1.0	16.0
1	2014	259	9502.0	 22.0	 25.0	3.000	 1.0	18.0
1	2014	260	12640.0	 22.0	 26.0	3.000	 1.0	13.0
1	2014	261	9764.0	 22.0	 26.0	3.000	 1.0	17.0
1	2014	262	19109.0	 22.0	 28.0	3.000	 1.0	 6.0
1	2014	263	16400.0	 22.0	 27.0	3.000	 1.0	16.0
1	2014	264	16449.0	 22.0	 28.0	3.000	 1.0	10.0
1	2014	265	17183.0	 22.0	 28.0	3.000	 1.0	 8.0
1	2014	266	13861.0	 22.0	 27.0	3.000	 1.0	12.0
1	2014	267	12829.0	 22.0	 26.0	3.000	 1.0	 9.0
1	2014	268	18745.0	 22.0	 28.0	3.000	 1.0	 4.0
1	2014	269	18026.0	 22.0	 28.0	3.000	 1.0	13.0
1	2014	270	4355.0	 22.0	 24.0	3.000	 0.0	44.0
1	2014	271	19854.0	 22.0	 28.0	3.000	 1.0	11.0
1	2014	272	18105.0	 22.0	 28.0	3.000	 1.0	12.0
1	2014	273	19576.0	 21.0	 28.0	3.000	 1.0	19.0
1	2014	274	12414.0	 22.0	 27.0	3.000	 2.0	11.0
1	2014	275	15727.0	 22.0	 27.0	3.000	 1.0	 2.0
1	2014	276	17979.0	 21.0	 27.0	3.000	 0.0	11.0
1	2014	277	19115.0	 21.0	 29.0	3.000	 1.0	15.0
1	2014	278	18616.0	 22.0	 29.0	3.000	 2.0	 1.0
1	2014	279	19824.0	 22.0	 28.0	3.000	 1.0	20.0
1	2014	280	16183.0	 22.0	 28.0	3.000	 1.0	24.0
1	2014	281	20325.0	 22.0	 29.0	3.000	 1.0	 5.0
1	2014	282	21604.0	 22.0	 29.0	3.000	 2.0	 1.0
1	2014	283	20503.0	 21.0	 29.0	3.000	 1.0	 9.0
1	2014	284	14035.0	 23.0	 27.0	3.000	 1.0	22.0
1	2014	285	13486.0	 22.0	 27.0	3.000	 1.0	19.0
1	2014	286	14546.0	 22.0	 28.0	3.000	 1.0	13.0
1	2014	287	14998.0	 22.0	 28.0	3.000	 1.0	 5.0
1	2014	288	19421.0	 22.0	 29.0	3.000	 1.0	 6.0
1	2014	289	19479.0	 22.0	 29.0	3.000	 0.0	 2.0
1	2014	290	19165.0	 23.0	 30.0	3.000	 1.0	 5.0
1	2014	291	16699.0	 22.0	 28.0	3.000	 1.0	 9.0
1	2014	292	16252.0	 22.0	 29.0	3.000	 1.0	17.0
1	2014	293	20758.0	 22.0	 30.0	3.000	 1.0	 0.0
1	2014	294	20318.0	 22.0	 30.0	3.000	 1.0	 1.0
1	2014	295	21797.0	 22.0	 30.0	3.000	 1.0	 1.0
1	2014	296	20250.0	 22.0	 29.0	3.000	 1.0	 5.0
1	2014	297	18491.0	 22.0	 28.0	3.000	 1.0	10.0
1	2014	298	15998.0	 22.0	 28.0	3.000	 1.0	12.0
1	2014	299	13244.0	 22.0	 28.0	3.000	 2.0	 6.0
1	2014	300	18624.0	 22.0	 29.0	3.000	 1.0	 8.0
1	2014	301	17404.0	 22.0	 29.0	3.000	 1.0	 5.0
1	2014	302	17676.0	 22.0	 29.0	3.000	 1.0	 3.0
1	2014	303	16930.0	 23.0	 29.0	3.000	 1.0	13.0
1	2014	304	16487.0	 22.0	 28.0	3.000	 1.0	 4.0
1	2014	305	20655.0	 22.0	 30.0	3.000	 1.0	 1.0
1	2014	306	19853.0	 23.0	 29.0	3.000	 1.0	 1.0
1	2014	307	21242.0	 22.0	 30.0	3.000	 2.0	 3.0
1	2014	308	16491.0	 22.0	 28.0	3.000	 1.0	15.0
1	2014	309	16057.0	 23.0	 28.0	3.000	 1.0	14.0
1	2014	310	19676.0	 22.0	 30.0	3.000	 1.0	 1.0
1	2014	311	19331.0	 22.0	 30.0	3.000	 1.0	 1.0
1	2014	312	17283.0	 22.0	 29.0	3.000	 1.0	 5.0
1	2014	313	18175.0	 22.0	 30.0	3.000	 1.0	10.0
1	2014	314	14826.0	 22.0	 28.0	3.000	 1.0	10.0
1	2014	315	14745.0	 23.0	 28.0	3.000	 1.0	16.0
1	2014	316	17477.0	 22.0	 29.0	3.000	 1.0	 9.0
1	2014	317	19539.0	 22.0	 30.0	3.000	 1.0	 1.0
1	2014	318	19164.0	 23.0	 29.0	3.000	 2.0	 3.0
1	2014	319	19960.0	 22.0	 29.0	3.000	 1.0	 1.0
1	2014	320	17109.0	 23.0	 28.0	3.000	 1.0	 2.0
1	2014	321	18566.0	 22.0	 29.0	3.000	 1.0	 2.0
1	2014	322	14322.0	 22.0	 28.0	3.000	 1.0	 5.0
1	2014	323	18279.0	 22.0	 29.0	3.000	 1.0	14.0
1	2014	324	19419.0	 22.0	 29.0	3.000	 1.0	 1.0
1	2014	325	19009.0	 22.0	 29.0	3.000	 1.0	 1.0
1	2014	326	18910.0	 22.0	 30.0	3.000	 1.0	 1.0
1	2014	327	20045.0	 22.0	 30.0	3.000	 1.0	 3.0
1	2014	328	17006.0	 22.0	 29.0	3.000	 1.0	 9.0
1	2014	329	18621.0	 22.0	 29.0	3.000	 1.0	 1.0
1	2014	330	17095.0	 23.0	 29.0	3.000	 1.0	 2.0
1	2014	331	15862.0	 23.0	 29.0	3.000	 1.0	18.0
1	2014	332	17854.0	 23.0	 29.0	3.000	 1.0	 4.0
1	2014	333	19877.0	 22.0	 30.0	3.000	 2.0	 0.0
1	2014	334	19022.0	 23.0	 29.0	3.000	 1.0	 1.0
1	2014	335	19697.0	 22.0	 30.0	3.000	 1.0	 1.0
1	2014	336	18233.0	 23.0	 29.0	3.000	 1.0	 1.0
1	2014	337	20347.0	 22.0	 29.0	3.000	 1.0	 0.0
1	2014	338	18856.0	 23.0	 30.0	3.000	 2.0	 0.0
1	2014	339	16415.0	 23.0	 29.0	3.000	 1.0	 2.0
1	2014	340	19024.0	 22.0	 30.0	3.000	 1.0	 9.0
1	2014	341	18318.0	 23.0	 30.0	3.000	 1.0	 1.0
1	2014	342	19292.0	 23.0	 30.0	3.000	 1.0	 0.0
1	2014	343	18014.0	 23.0	 29.0	3.000	 1.0	 1.0
1	2014	344	18871.0	 22.0	 30.0	3.000	 1.0	 1.0
1	2014	345	18985.0	 23.0	 30.0	3.000	 1.0	 0.0
1	2014	346	18501.0	 22.0	 29.0	3.000	 0.0	 0.0
1	2014	347	18417.0	 22.0	 30.0	3.000	 1.0	 2.0
1	2014	348	20011.0	 23.0	 31.0	2.000	 0.0	 0.0
1	2014	349	20327.0	 22.0	 30.0	3.000	 1.0	 0.0
1	2014	350	19334.0	 23.0	 30.0	3.000	 1.0	 0.0
1	2014	351	18658.0	 23.0	 30.0	3.000	 1.0	 1.0
1	2014	352	19191.0	 23.0	 31.0	3.000	 1.0	 2.0
1	2014	353	20200.0	 22.0	 30.0	3.000	 1.0	 1.0
1	2014	354	19511.0	 22.0	 30.0	3.000	 1.0	 0.0
1	2014	355	18723.0	 23.0	 30.0	3.000	 1.0	 0.0
1	2014	356	17430.0	 23.0	 30.0	3.000	 1.0	 2.0
1	2014	357	20383.0	 22.0	 31.0	3.000	 0.0	 0.0
1	2014	358	21448.0	 21.0	 32.0	2.000	 1.0	 0.0
1	2014	359	21428.0	 21.0	 31.0	2.000	 0.0	 0.0
1	2014	360	22274.0	 19.0	 31.0	2.000	 0.0	 0.0
1	2014	361	22374.0	 20.0	 31.0	1.000	 1.0	 0.0
1	2014	362	22028.0	 20.0	 31.0	2.000	 1.0	 0.0
1	2014	363	21784.0	 21.0	 32.0	2.000	 0.0	 0.0
1	2014	364	20603.0	 22.0	 30.0	2.000	 1.0	 0.0
1	2014	365	21893.0	 20.0	 32.0	1.000	 1.0	 0.0
