*---------------------------------------------------
* Station: Volta
* Year: 2010
* Origin: ERA5-Reanalysis
* Columns & units
* ===================
* 1. station number
* 2. year
* 3. Day of Year
* 4. Irradiance   (kJ路m-2路d-1)
* 5. Daily minimum temperature (degC)
* 6. Daily maximum temperature (degC)
* 7. Vapour pressure (kPa)
* 8. Mean wind speed (m路s-1)
* 9. Precipitation (mm路d-1)
** WCCDESCRIPTION=Volta
** WCCFORMAT=2
** WCCYEARNR=2010
*------------------------------------------------------------*
0.40  7.24  734.00 -0.18  -0.55
1	2010	1	15469.0	 23.0	 30.0	3.000	 1.0	 0.0
1	2010	2	21244.0	 22.0	 32.0	3.000	 0.0	 0.0
1	2010	3	20887.0	 21.0	 32.0	3.000	 1.0	 0.0
1	2010	4	18695.0	 22.0	 30.0	3.000	 1.0	 0.0
1	2010	5	20481.0	 22.0	 31.0	3.000	 1.0	 0.0
1	2010	6	19442.0	 22.0	 31.0	2.000	 1.0	 0.0
1	2010	7	18586.0	 23.0	 31.0	3.000	 1.0	 0.0
1	2010	8	19398.0	 23.0	 32.0	3.000	 1.0	 0.0
1	2010	9	18183.0	 23.0	 31.0	3.000	 1.0	 0.0
1	2010	10	17848.0	 24.0	 30.0	3.000	 2.0	 1.0
1	2010	11	19377.0	 24.0	 31.0	3.000	 1.0	 1.0
1	2010	12	21388.0	 23.0	 32.0	3.000	 1.0	 0.0
1	2010	13	21479.0	 23.0	 32.0	3.000	 1.0	 0.0
1	2010	14	20065.0	 23.0	 32.0	3.000	 1.0	 0.0
1	2010	15	18809.0	 23.0	 32.0	3.000	 1.0	 1.0
1	2010	16	19727.0	 23.0	 31.0	3.000	 1.0	 0.0
1	2010	17	21981.0	 22.0	 33.0	3.000	 1.0	 0.0
1	2010	18	20323.0	 21.0	 33.0	3.000	 1.0	 0.0
1	2010	19	22166.0	 22.0	 33.0	2.000	 1.0	 0.0
1	2010	20	23002.0	 20.0	 33.0	1.000	 1.0	 0.0
1	2010	21	22545.0	 21.0	 33.0	2.000	 1.0	 0.0
1	2010	22	21949.0	 21.0	 33.0	3.000	 1.0	 0.0
1	2010	23	21563.0	 22.0	 33.0	3.000	 1.0	 0.0
1	2010	24	21572.0	 22.0	 32.0	3.000	 1.0	 0.0
1	2010	25	20561.0	 23.0	 33.0	3.000	 1.0	 0.0
1	2010	26	19726.0	 24.0	 32.0	3.000	 2.0	 1.0
1	2010	27	17201.0	 24.0	 30.0	3.000	 1.0	11.0
1	2010	28	17688.0	 23.0	 30.0	3.000	 1.0	 6.0
1	2010	29	20714.0	 23.0	 31.0	3.000	 0.0	 0.0
1	2010	30	22898.0	 22.0	 34.0	2.000	 1.0	 0.0
1	2010	31	22439.0	 22.0	 33.0	3.000	 1.0	 0.0
1	2010	32	20253.0	 22.0	 31.0	3.000	 1.0	 0.0
1	2010	33	22382.0	 23.0	 32.0	3.000	 1.0	 0.0
1	2010	34	21985.0	 22.0	 32.0	3.000	 1.0	 0.0
1	2010	35	19870.0	 24.0	 32.0	3.000	 2.0	 0.0
1	2010	36	19768.0	 24.0	 31.0	3.000	 1.0	 1.0
1	2010	37	23889.0	 22.0	 34.0	2.000	 1.0	 0.0
1	2010	38	23510.0	 21.0	 33.0	2.000	 0.0	 0.0
1	2010	39	24327.0	 21.0	 34.0	2.000	 0.0	 0.0
1	2010	40	20484.0	 23.0	 32.0	3.000	 1.0	 0.0
1	2010	41	20379.0	 24.0	 32.0	3.000	 2.0	 0.0
1	2010	42	19780.0	 24.0	 31.0	3.000	 2.0	 1.0
1	2010	43	14948.0	 24.0	 30.0	3.000	 2.0	11.0
1	2010	44	17681.0	 23.0	 29.0	3.000	 1.0	 2.0
1	2010	45	20651.0	 23.0	 31.0	3.000	 1.0	 0.0
1	2010	46	19864.0	 23.0	 31.0	3.000	 1.0	 0.0
1	2010	47	19811.0	 24.0	 32.0	3.000	 2.0	 2.0
1	2010	48	19952.0	 24.0	 31.0	3.000	 2.0	 1.0
1	2010	49	20421.0	 25.0	 32.0	3.000	 2.0	 1.0
1	2010	50	20323.0	 25.0	 32.0	3.000	 2.0	 1.0
1	2010	51	20375.0	 24.0	 32.0	3.000	 1.0	 2.0
1	2010	52	17620.0	 25.0	 32.0	3.000	 2.0	 1.0
1	2010	53	20981.0	 24.0	 33.0	3.000	 2.0	 1.0
1	2010	54	19846.0	 25.0	 31.0	3.000	 2.0	 1.0
1	2010	55	21515.0	 24.0	 33.0	3.000	 1.0	 2.0
1	2010	56	20189.0	 25.0	 32.0	3.000	 2.0	 0.0
1	2010	57	20879.0	 26.0	 32.0	3.000	 2.0	 1.0
1	2010	58	21268.0	 24.0	 32.0	3.000	 1.0	 1.0
1	2010	59	21533.0	 25.0	 34.0	3.000	 2.0	 0.0
1	2010	60	21114.0	 25.0	 33.0	3.000	 2.0	 1.0
1	2010	61	23445.0	 25.0	 35.0	3.000	 2.0	 0.0
1	2010	62	22154.0	 25.0	 33.0	3.000	 2.0	 2.0
1	2010	63	20817.0	 25.0	 32.0	3.000	 2.0	 1.0
1	2010	64	19753.0	 25.0	 32.0	3.000	 2.0	 1.0
1	2010	65	20543.0	 25.0	 31.0	3.000	 2.0	 1.0
1	2010	66	21700.0	 24.0	 33.0	3.000	 2.0	 2.0
1	2010	67	22112.0	 24.0	 33.0	3.000	 2.0	 6.0
1	2010	68	16371.0	 25.0	 30.0	3.000	 1.0	13.0
1	2010	69	15019.0	 24.0	 30.0	3.000	 2.0	 2.0
1	2010	70	20138.0	 24.0	 31.0	3.000	 2.0	 7.0
1	2010	71	19809.0	 25.0	 30.0	3.000	 2.0	 5.0
1	2010	72	18954.0	 25.0	 30.0	3.000	 2.0	 2.0
1	2010	73	16790.0	 25.0	 30.0	3.000	 2.0	 0.0
1	2010	74	20073.0	 24.0	 31.0	3.000	 1.0	13.0
1	2010	75	15438.0	 23.0	 29.0	3.000	 1.0	 1.0
1	2010	76	17953.0	 24.0	 30.0	3.000	 1.0	 9.0
1	2010	77	21313.0	 24.0	 32.0	3.000	 0.0	 8.0
1	2010	78	22191.0	 24.0	 32.0	3.000	 2.0	 6.0
1	2010	79	19477.0	 24.0	 31.0	3.000	 1.0	 3.0
1	2010	80	22175.0	 24.0	 32.0	3.000	 1.0	 0.0
1	2010	81	25893.0	 23.0	 34.0	2.000	 0.0	 0.0
1	2010	82	26166.0	 23.0	 33.0	3.000	 1.0	 0.0
1	2010	83	25840.0	 22.0	 32.0	3.000	 1.0	 0.0
1	2010	84	21720.0	 24.0	 31.0	3.000	 2.0	 0.0
1	2010	85	23595.0	 23.0	 33.0	3.000	 1.0	 2.0
1	2010	86	22519.0	 25.0	 32.0	3.000	 2.0	 4.0
1	2010	87	23746.0	 25.0	 32.0	3.000	 2.0	 0.0
1	2010	88	22859.0	 25.0	 33.0	3.000	 2.0	 0.0
1	2010	89	21507.0	 25.0	 32.0	3.000	 2.0	 2.0
1	2010	90	23262.0	 24.0	 33.0	3.000	 1.0	 1.0
1	2010	91	23025.0	 24.0	 32.0	3.000	 2.0	 1.0
1	2010	92	23521.0	 25.0	 33.0	3.000	 2.0	 0.0
1	2010	93	21463.0	 25.0	 32.0	3.000	 2.0	 2.0
1	2010	94	22117.0	 25.0	 32.0	3.000	 2.0	 0.0
1	2010	95	22144.0	 25.0	 32.0	3.000	 2.0	13.0
1	2010	96	17065.0	 23.0	 30.0	3.000	 1.0	14.0
1	2010	97	20681.0	 24.0	 31.0	3.000	 2.0	 2.0
1	2010	98	22704.0	 25.0	 32.0	3.000	 2.0	 2.0
1	2010	99	19725.0	 25.0	 31.0	3.000	 2.0	 2.0
1	2010	100	20395.0	 25.0	 31.0	3.000	 2.0	 3.0
1	2010	101	20329.0	 25.0	 31.0	3.000	 2.0	 2.0
1	2010	102	18989.0	 24.0	 30.0	3.000	 2.0	 2.0
1	2010	103	22434.0	 25.0	 32.0	3.000	 2.0	 0.0
1	2010	104	21427.0	 24.0	 31.0	3.000	 2.0	 2.0
1	2010	105	20087.0	 25.0	 31.0	3.000	 1.0	 2.0
1	2010	106	18161.0	 25.0	 31.0	3.000	 2.0	 1.0
1	2010	107	22184.0	 24.0	 32.0	3.000	 1.0	 1.0
1	2010	108	24435.0	 24.0	 34.0	3.000	 1.0	 0.0
1	2010	109	23067.0	 25.0	 32.0	3.000	 2.0	 0.0
1	2010	110	16673.0	 25.0	 30.0	3.000	 2.0	 5.0
1	2010	111	17265.0	 25.0	 31.0	3.000	 2.0	 1.0
1	2010	112	16168.0	 24.0	 30.0	3.000	 2.0	 8.0
1	2010	113	19166.0	 24.0	 30.0	3.000	 2.0	 2.0
1	2010	114	20708.0	 24.0	 31.0	3.000	 2.0	 8.0
1	2010	115	19213.0	 23.0	 31.0	3.000	 2.0	 0.0
1	2010	116	19451.0	 24.0	 31.0	3.000	 2.0	 9.0
1	2010	117	16710.0	 24.0	 29.0	3.000	 0.0	 8.0
1	2010	118	17869.0	 24.0	 30.0	3.000	 1.0	14.0
1	2010	119	19784.0	 24.0	 30.0	3.000	 1.0	 9.0
1	2010	120	21918.0	 24.0	 31.0	3.000	 2.0	 2.0
1	2010	121	19155.0	 24.0	 30.0	3.000	 1.0	 4.0
1	2010	122	13993.0	 24.0	 29.0	3.000	 1.0	13.0
1	2010	123	21843.0	 24.0	 31.0	3.000	 1.0	 1.0
1	2010	124	19248.0	 24.0	 31.0	3.000	 1.0	 2.0
1	2010	125	17270.0	 24.0	 30.0	3.000	 2.0	 5.0
1	2010	126	19352.0	 24.0	 30.0	3.000	 2.0	 3.0
1	2010	127	19330.0	 23.0	 30.0	3.000	 1.0	 5.0
1	2010	128	16669.0	 24.0	 29.0	3.000	 1.0	 8.0
1	2010	129	17343.0	 24.0	 30.0	3.000	 1.0	 6.0
1	2010	130	21509.0	 24.0	 31.0	3.000	 2.0	 2.0
1	2010	131	20476.0	 24.0	 31.0	3.000	 1.0	 2.0
1	2010	132	21424.0	 24.0	 31.0	3.000	 2.0	 2.0
1	2010	133	18297.0	 25.0	 30.0	3.000	 2.0	 4.0
1	2010	134	17966.0	 24.0	 30.0	3.000	 2.0	 1.0
1	2010	135	22099.0	 24.0	 31.0	3.000	 2.0	 1.0
1	2010	136	20221.0	 24.0	 30.0	3.000	 2.0	 2.0
1	2010	137	19000.0	 24.0	 30.0	3.000	 2.0	 6.0
1	2010	138	18319.0	 24.0	 29.0	3.000	 2.0	 1.0
1	2010	139	17880.0	 24.0	 30.0	3.000	 2.0	 5.0
1	2010	140	18388.0	 24.0	 29.0	3.000	 1.0	13.0
1	2010	141	11792.0	 23.0	 27.0	3.000	 1.0	24.0
1	2010	142	17888.0	 23.0	 29.0	3.000	 1.0	 8.0
1	2010	143	19379.0	 23.0	 30.0	3.000	 1.0	 5.0
1	2010	144	18586.0	 23.0	 30.0	3.000	 1.0	12.0
1	2010	145	19430.0	 24.0	 30.0	3.000	 1.0	 5.0
1	2010	146	11927.0	 24.0	 28.0	3.000	 2.0	15.0
1	2010	147	17384.0	 23.0	 30.0	3.000	 2.0	 2.0
1	2010	148	14388.0	 24.0	 29.0	3.000	 2.0	 6.0
1	2010	149	20291.0	 22.0	 29.0	3.000	 1.0	 3.0
1	2010	150	11136.0	 23.0	 28.0	3.000	 1.0	 8.0
1	2010	151	16469.0	 24.0	 29.0	3.000	 1.0	12.0
1	2010	152	16456.0	 23.0	 29.0	3.000	 2.0	 6.0
1	2010	153	14745.0	 23.0	 28.0	3.000	 1.0	14.0
1	2010	154	13845.0	 23.0	 27.0	3.000	 1.0	16.0
1	2010	155	7724.0	 23.0	 26.0	3.000	 1.0	37.0
1	2010	156	16312.0	 22.0	 27.0	3.000	 1.0	 3.0
1	2010	157	19730.0	 22.0	 30.0	3.000	 0.0	 7.0
1	2010	158	17742.0	 23.0	 29.0	3.000	 1.0	21.0
1	2010	159	18224.0	 23.0	 29.0	3.000	 2.0	 6.0
1	2010	160	14234.0	 23.0	 28.0	3.000	 2.0	12.0
1	2010	161	12376.0	 22.0	 26.0	3.000	 1.0	 9.0
1	2010	162	19088.0	 22.0	 29.0	3.000	 0.0	10.0
1	2010	163	16112.0	 23.0	 29.0	3.000	 1.0	10.0
1	2010	164	9477.0	 24.0	 27.0	3.000	 2.0	 7.0
1	2010	165	13873.0	 23.0	 28.0	3.000	 2.0	 3.0
1	2010	166	14082.0	 23.0	 28.0	3.000	 1.0	 9.0
1	2010	167	14121.0	 22.0	 27.0	3.000	 1.0	 9.0
1	2010	168	19783.0	 23.0	 28.0	3.000	 1.0	 0.0
1	2010	169	18255.0	 23.0	 29.0	3.000	 2.0	 3.0
1	2010	170	19391.0	 23.0	 29.0	3.000	 2.0	 1.0
1	2010	171	17030.0	 23.0	 28.0	3.000	 2.0	 1.0
1	2010	172	16139.0	 23.0	 27.0	3.000	 1.0	 8.0
1	2010	173	16081.0	 23.0	 28.0	3.000	 1.0	10.0
1	2010	174	15685.0	 23.0	 28.0	3.000	 1.0	 7.0
1	2010	175	12459.0	 23.0	 27.0	3.000	 2.0	14.0
1	2010	176	15021.0	 23.0	 28.0	3.000	 2.0	 3.0
1	2010	177	4046.0	 22.0	 23.0	3.000	 1.0	 8.0
1	2010	178	10597.0	 22.0	 27.0	3.000	 1.0	 1.0
1	2010	179	17121.0	 22.0	 28.0	3.000	 1.0	 9.0
1	2010	180	17151.0	 22.0	 28.0	3.000	 1.0	 2.0
1	2010	181	20210.0	 22.0	 28.0	3.000	 2.0	 3.0
1	2010	182	14298.0	 23.0	 28.0	3.000	 2.0	16.0
1	2010	183	12228.0	 22.0	 26.0	3.000	 1.0	12.0
1	2010	184	12954.0	 22.0	 27.0	3.000	 1.0	 1.0
1	2010	185	17353.0	 22.0	 28.0	3.000	 1.0	 7.0
1	2010	186	16661.0	 23.0	 28.0	3.000	 1.0	 8.0
1	2010	187	16825.0	 23.0	 28.0	3.000	 2.0	 7.0
1	2010	188	14473.0	 22.0	 27.0	3.000	 1.0	 6.0
1	2010	189	13592.0	 22.0	 26.0	3.000	 1.0	 5.0
1	2010	190	14288.0	 23.0	 27.0	3.000	 2.0	 8.0
1	2010	191	9456.0	 22.0	 26.0	3.000	 2.0	12.0
1	2010	192	6086.0	 22.0	 24.0	3.000	 2.0	 8.0
1	2010	193	15989.0	 20.0	 27.0	3.000	 1.0	 1.0
1	2010	194	16633.0	 22.0	 28.0	3.000	 1.0	 8.0
1	2010	195	12955.0	 22.0	 27.0	3.000	 1.0	12.0
1	2010	196	12009.0	 22.0	 27.0	3.000	 2.0	 7.0
1	2010	197	10706.0	 22.0	 26.0	3.000	 3.0	29.0
1	2010	198	13074.0	 21.0	 26.0	3.000	 2.0	 7.0
1	2010	199	16468.0	 21.0	 28.0	3.000	 1.0	 2.0
1	2010	200	14559.0	 21.0	 27.0	3.000	 2.0	 1.0
1	2010	201	7125.0	 22.0	 24.0	3.000	 3.0	 2.0
1	2010	202	9029.0	 21.0	 25.0	3.000	 2.0	 0.0
1	2010	203	19763.0	 21.0	 27.0	2.000	 1.0	 0.0
1	2010	204	16680.0	 21.0	 27.0	2.000	 2.0	 1.0
1	2010	205	15971.0	 21.0	 26.0	2.000	 1.0	 1.0
1	2010	206	19583.0	 20.0	 27.0	2.000	 1.0	 0.0
1	2010	207	16349.0	 22.0	 27.0	3.000	 1.0	 1.0
1	2010	208	9555.0	 22.0	 25.0	3.000	 2.0	11.0
1	2010	209	17819.0	 22.0	 28.0	3.000	 2.0	 2.0
1	2010	210	16960.0	 21.0	 27.0	3.000	 1.0	 0.0
1	2010	211	12657.0	 22.0	 26.0	3.000	 2.0	 3.0
1	2010	212	12283.0	 22.0	 26.0	3.000	 2.0	 2.0
1	2010	213	18139.0	 21.0	 27.0	3.000	 2.0	 1.0
1	2010	214	17897.0	 20.0	 27.0	3.000	 1.0	 1.0
1	2010	215	13206.0	 22.0	 27.0	3.000	 2.0	 3.0
1	2010	216	14388.0	 22.0	 27.0	3.000	 2.0	 2.0
1	2010	217	17595.0	 22.0	 28.0	3.000	 1.0	 2.0
1	2010	218	8957.0	 22.0	 26.0	3.000	 1.0	 7.0
1	2010	219	13332.0	 22.0	 27.0	3.000	 1.0	 1.0
1	2010	220	9097.0	 22.0	 26.0	3.000	 2.0	 8.0
1	2010	221	12834.0	 22.0	 27.0	3.000	 1.0	 2.0
1	2010	222	12347.0	 22.0	 27.0	3.000	 1.0	 2.0
1	2010	223	11058.0	 22.0	 27.0	3.000	 2.0	15.0
1	2010	224	12102.0	 22.0	 26.0	3.000	 3.0	11.0
1	2010	225	15061.0	 22.0	 27.0	3.000	 2.0	13.0
1	2010	226	3679.0	 22.0	 23.0	3.000	 1.0	27.0
1	2010	227	19433.0	 21.0	 28.0	3.000	 1.0	 5.0
1	2010	228	16667.0	 22.0	 27.0	3.000	 1.0	 9.0
1	2010	229	13039.0	 22.0	 26.0	3.000	 2.0	14.0
1	2010	230	15826.0	 22.0	 28.0	3.000	 2.0	 2.0
1	2010	231	20586.0	 21.0	 28.0	3.000	 1.0	 2.0
1	2010	232	11371.0	 22.0	 26.0	3.000	 1.0	19.0
1	2010	233	12192.0	 21.0	 26.0	3.000	 1.0	 8.0
1	2010	234	16826.0	 22.0	 28.0	3.000	 2.0	 3.0
1	2010	235	15579.0	 22.0	 27.0	3.000	 1.0	10.0
1	2010	236	11626.0	 22.0	 26.0	3.000	 1.0	 6.0
1	2010	237	17539.0	 22.0	 28.0	3.000	 1.0	 6.0
1	2010	238	19293.0	 22.0	 28.0	3.000	 1.0	10.0
1	2010	239	13847.0	 22.0	 27.0	3.000	 2.0	 3.0
1	2010	240	13652.0	 22.0	 27.0	3.000	 1.0	14.0
1	2010	241	12449.0	 22.0	 27.0	3.000	 2.0	 4.0
1	2010	242	9579.0	 22.0	 26.0	3.000	 2.0	 5.0
1	2010	243	10941.0	 22.0	 27.0	3.000	 2.0	15.0
1	2010	244	15701.0	 22.0	 28.0	3.000	 3.0	 3.0
1	2010	245	16398.0	 22.0	 28.0	3.000	 1.0	 4.0
1	2010	246	9174.0	 22.0	 26.0	3.000	 1.0	26.0
1	2010	247	13255.0	 21.0	 27.0	3.000	 1.0	10.0
1	2010	248	5256.0	 22.0	 24.0	3.000	 1.0	46.0
1	2010	249	6709.0	 22.0	 25.0	3.000	 2.0	 6.0
1	2010	250	16762.0	 22.0	 28.0	3.000	 1.0	 2.0
1	2010	251	11587.0	 22.0	 26.0	3.000	 1.0	 7.0
1	2010	252	16343.0	 21.0	 27.0	3.000	 1.0	 7.0
1	2010	253	11863.0	 22.0	 26.0	3.000	 1.0	13.0
1	2010	254	11484.0	 22.0	 26.0	3.000	 1.0	 8.0
1	2010	255	18045.0	 21.0	 28.0	3.000	 1.0	22.0
1	2010	256	19351.0	 22.0	 28.0	3.000	 1.0	 4.0
1	2010	257	8304.0	 22.0	 25.0	3.000	 1.0	17.0
1	2010	258	14275.0	 22.0	 26.0	3.000	 1.0	 9.0
1	2010	259	19543.0	 22.0	 28.0	3.000	 1.0	 2.0
1	2010	260	15521.0	 23.0	 27.0	3.000	 1.0	10.0
1	2010	261	11060.0	 22.0	 25.0	3.000	 2.0	26.0
1	2010	262	16347.0	 21.0	 27.0	3.000	 1.0	 3.0
1	2010	263	16873.0	 21.0	 27.0	3.000	 1.0	 5.0
1	2010	264	17254.0	 22.0	 28.0	3.000	 1.0	13.0
1	2010	265	17856.0	 22.0	 27.0	3.000	 1.0	12.0
1	2010	266	8977.0	 22.0	 25.0	3.000	 0.0	30.0
1	2010	267	12514.0	 22.0	 27.0	3.000	 0.0	24.0
1	2010	268	18273.0	 21.0	 28.0	3.000	 1.0	 6.0
1	2010	269	19396.0	 22.0	 28.0	3.000	 2.0	 2.0
1	2010	270	13519.0	 22.0	 26.0	3.000	 1.0	 7.0
1	2010	271	10869.0	 22.0	 26.0	3.000	 1.0	 9.0
1	2010	272	19964.0	 21.0	 29.0	3.000	 0.0	 4.0
1	2010	273	19479.0	 22.0	 28.0	3.000	 0.0	 8.0
1	2010	274	17243.0	 23.0	 28.0	3.000	 1.0	10.0
1	2010	275	17188.0	 22.0	 29.0	3.000	 1.0	 4.0
1	2010	276	18353.0	 22.0	 28.0	3.000	 1.0	12.0
1	2010	277	13979.0	 23.0	 27.0	3.000	 2.0	 9.0
1	2010	278	18382.0	 22.0	 28.0	3.000	 1.0	 6.0
1	2010	279	15690.0	 22.0	 27.0	3.000	 1.0	 5.0
1	2010	280	8913.0	 22.0	 26.0	3.000	 1.0	14.0
1	2010	281	18750.0	 22.0	 28.0	3.000	 0.0	 4.0
1	2010	282	20240.0	 22.0	 29.0	3.000	 1.0	 4.0
1	2010	283	18029.0	 23.0	 28.0	3.000	 1.0	 8.0
1	2010	284	17445.0	 22.0	 28.0	3.000	 1.0	16.0
1	2010	285	14672.0	 22.0	 26.0	3.000	 0.0	10.0
1	2010	286	13698.0	 22.0	 28.0	3.000	 1.0	13.0
1	2010	287	14079.0	 22.0	 27.0	3.000	 1.0	 6.0
1	2010	288	19460.0	 23.0	 29.0	3.000	 1.0	 5.0
1	2010	289	19016.0	 22.0	 29.0	3.000	 1.0	 4.0
1	2010	290	19898.0	 22.0	 30.0	3.000	 1.0	13.0
1	2010	291	16973.0	 22.0	 29.0	3.000	 2.0	12.0
1	2010	292	19649.0	 23.0	 29.0	3.000	 0.0	 7.0
1	2010	293	12877.0	 22.0	 27.0	3.000	 0.0	22.0
1	2010	294	11551.0	 21.0	 26.0	3.000	 1.0	 1.0
1	2010	295	17395.0	 22.0	 29.0	3.000	 1.0	 8.0
1	2010	296	21603.0	 21.0	 29.0	3.000	 1.0	 3.0
1	2010	297	15914.0	 22.0	 28.0	3.000	 1.0	 6.0
1	2010	298	14668.0	 21.0	 27.0	3.000	 1.0	17.0
1	2010	299	17259.0	 21.0	 28.0	3.000	 1.0	 3.0
1	2010	300	20846.0	 21.0	 30.0	3.000	 1.0	 2.0
1	2010	301	19545.0	 22.0	 29.0	3.000	 1.0	 5.0
1	2010	302	18778.0	 22.0	 29.0	3.000	 1.0	 9.0
1	2010	303	18583.0	 23.0	 30.0	3.000	 1.0	13.0
1	2010	304	16259.0	 23.0	 29.0	3.000	 2.0	 9.0
1	2010	305	18040.0	 22.0	 29.0	3.000	 1.0	 7.0
1	2010	306	12992.0	 23.0	 28.0	3.000	 1.0	 2.0
1	2010	307	21795.0	 22.0	 31.0	3.000	 1.0	 0.0
1	2010	308	17056.0	 23.0	 29.0	3.000	 1.0	 2.0
1	2010	309	19806.0	 22.0	 29.0	3.000	 1.0	17.0
1	2010	310	12540.0	 22.0	 28.0	3.000	 0.0	 3.0
1	2010	311	19348.0	 22.0	 29.0	3.000	 1.0	12.0
1	2010	312	15659.0	 23.0	 28.0	3.000	 1.0	 1.0
1	2010	313	20838.0	 22.0	 30.0	3.000	 0.0	 2.0
1	2010	314	19847.0	 23.0	 30.0	3.000	 1.0	 4.0
1	2010	315	17178.0	 23.0	 30.0	3.000	 0.0	 9.0
1	2010	316	20046.0	 23.0	 30.0	3.000	 0.0	 3.0
1	2010	317	16781.0	 23.0	 29.0	3.000	 2.0	 2.0
1	2010	318	18345.0	 22.0	 29.0	3.000	 1.0	 4.0
1	2010	319	21003.0	 21.0	 31.0	3.000	 2.0	 0.0
1	2010	320	20635.0	 22.0	 29.0	3.000	 1.0	 3.0
1	2010	321	18317.0	 23.0	 29.0	3.000	 1.0	 2.0
1	2010	322	19433.0	 23.0	 30.0	3.000	 2.0	 4.0
1	2010	323	19720.0	 22.0	 29.0	3.000	 2.0	 2.0
1	2010	324	20563.0	 22.0	 30.0	3.000	 1.0	 4.0
1	2010	325	16938.0	 22.0	 29.0	3.000	 1.0	 8.0
1	2010	326	17730.0	 23.0	 30.0	3.000	 2.0	 0.0
1	2010	327	18359.0	 22.0	 29.0	3.000	 1.0	 2.0
1	2010	328	20188.0	 22.0	 30.0	3.000	 1.0	 0.0
1	2010	329	20186.0	 22.0	 30.0	3.000	 1.0	 2.0
1	2010	330	18595.0	 23.0	 29.0	3.000	 1.0	 4.0
1	2010	331	17211.0	 23.0	 29.0	3.000	 1.0	 8.0
1	2010	332	16961.0	 23.0	 29.0	3.000	 2.0	 7.0
1	2010	333	19114.0	 22.0	 30.0	3.000	 1.0	 2.0
1	2010	334	19216.0	 22.0	 29.0	3.000	 1.0	 1.0
1	2010	335	19662.0	 22.0	 29.0	3.000	 1.0	 2.0
1	2010	336	19749.0	 22.0	 29.0	3.000	 1.0	 1.0
1	2010	337	17939.0	 23.0	 29.0	3.000	 1.0	 1.0
1	2010	338	19819.0	 22.0	 30.0	3.000	 1.0	 1.0
1	2010	339	20386.0	 22.0	 30.0	3.000	 1.0	 3.0
1	2010	340	17925.0	 23.0	 29.0	3.000	 1.0	 1.0
1	2010	341	18973.0	 22.0	 29.0	3.000	 1.0	 1.0
1	2010	342	18166.0	 21.0	 29.0	3.000	 1.0	 1.0
1	2010	343	21335.0	 22.0	 31.0	2.000	 1.0	 0.0
1	2010	344	21225.0	 22.0	 31.0	2.000	 1.0	 0.0
1	2010	345	21663.0	 21.0	 30.0	2.000	 0.0	 0.0
1	2010	346	22114.0	 21.0	 30.0	2.000	 1.0	 0.0
1	2010	347	20286.0	 21.0	 30.0	2.000	 2.0	 0.0
1	2010	348	18585.0	 21.0	 31.0	3.000	 0.0	 0.0
1	2010	349	20426.0	 22.0	 32.0	3.000	 1.0	 0.0
1	2010	350	19323.0	 22.0	 30.0	3.000	 1.0	 0.0
1	2010	351	19312.0	 21.0	 31.0	3.000	 1.0	 1.0
1	2010	352	20747.0	 22.0	 33.0	3.000	 2.0	 0.0
1	2010	353	19416.0	 23.0	 32.0	3.000	 1.0	 0.0
1	2010	354	19310.0	 23.0	 31.0	3.000	 1.0	 0.0
1	2010	355	20399.0	 22.0	 31.0	3.000	 1.0	 0.0
1	2010	356	20369.0	 23.0	 31.0	3.000	 1.0	 0.0
1	2010	357	18345.0	 23.0	 30.0	3.000	 1.0	 3.0
1	2010	358	19561.0	 22.0	 32.0	2.000	 1.0	 0.0
1	2010	359	19348.0	 22.0	 31.0	3.000	 1.0	 0.0
1	2010	360	18039.0	 22.0	 30.0	3.000	 1.0	 1.0
1	2010	361	18741.0	 22.0	 30.0	3.000	 1.0	 3.0
1	2010	362	18904.0	 22.0	 30.0	3.000	 1.0	 0.0
1	2010	363	17787.0	 23.0	 30.0	3.000	 1.0	 2.0
1	2010	364	15198.0	 22.0	 30.0	3.000	 1.0	 4.0
1	2010	365	21651.0	 20.0	 32.0	2.000	 1.0	 0.0
