*---------------------------------------------------
* Station: Volta
* Year: 2018
* Origin: ERA5-Reanalysis
* Columns & units
* ===================
* 1. station number
* 2. year
* 3. Day of Year
* 4. Irradiance   (kJ路m-2路d-1)
* 5. Daily minimum temperature (degC)
* 6. Daily maximum temperature (degC)
* 7. Vapour pressure (kPa)
* 8. Mean wind speed (m路s-1)
* 9. Precipitation (mm路d-1)
** WCCDESCRIPTION=Volta
** WCCFORMAT=2
** WCCYEARNR=2018
*------------------------------------------------------------*
0.40  7.24  734.00 -0.18  -0.55
1	2018	1	22059.0	 19.0	 32.0	1.000	 1.0	 0.0
1	2018	2	21472.0	 19.0	 31.0	2.000	 1.0	 0.0
1	2018	3	22198.0	 20.0	 32.0	2.000	 0.0	 0.0
1	2018	4	22463.0	 20.0	 33.0	2.000	 1.0	 0.0
1	2018	5	22728.0	 19.0	 32.0	1.000	 1.0	 0.0
1	2018	6	22067.0	 19.0	 31.0	2.000	 0.0	 0.0
1	2018	7	19967.0	 21.0	 31.0	2.000	 1.0	 0.0
1	2018	8	19963.0	 22.0	 32.0	3.000	 1.0	 0.0
1	2018	9	21767.0	 21.0	 33.0	2.000	 1.0	 0.0
1	2018	10	20515.0	 21.0	 31.0	3.000	 1.0	 0.0
1	2018	11	21657.0	 21.0	 32.0	2.000	 1.0	 0.0
1	2018	12	22647.0	 22.0	 32.0	2.000	 1.0	 0.0
1	2018	13	22945.0	 19.0	 32.0	2.000	 0.0	 0.0
1	2018	14	22682.0	 19.0	 32.0	2.000	 0.0	 0.0
1	2018	15	21088.0	 21.0	 32.0	2.000	 1.0	 0.0
1	2018	16	19544.0	 22.0	 31.0	3.000	 1.0	 0.0
1	2018	17	20039.0	 23.0	 32.0	3.000	 1.0	 0.0
1	2018	18	22201.0	 22.0	 34.0	2.000	 1.0	 0.0
1	2018	19	20035.0	 22.0	 31.0	2.000	 1.0	 0.0
1	2018	20	19161.0	 22.0	 31.0	2.000	 1.0	 0.0
1	2018	21	21229.0	 21.0	 32.0	2.000	 1.0	 0.0
1	2018	22	21401.0	 22.0	 33.0	2.000	 1.0	 0.0
1	2018	23	22194.0	 21.0	 32.0	2.000	 0.0	 0.0
1	2018	24	19663.0	 22.0	 31.0	2.000	 1.0	 0.0
1	2018	25	20642.0	 22.0	 33.0	2.000	 1.0	 0.0
1	2018	26	22416.0	 22.0	 33.0	2.000	 1.0	 0.0
1	2018	27	21884.0	 21.0	 33.0	2.000	 1.0	 0.0
1	2018	28	21307.0	 23.0	 33.0	2.000	 1.0	 0.0
1	2018	29	21731.0	 22.0	 34.0	2.000	 1.0	 0.0
1	2018	30	21711.0	 22.0	 34.0	2.000	 1.0	 0.0
1	2018	31	21091.0	 22.0	 33.0	3.000	 1.0	 0.0
1	2018	32	21972.0	 22.0	 33.0	2.000	 1.0	 0.0
1	2018	33	18535.0	 23.0	 31.0	3.000	 1.0	 0.0
1	2018	34	20595.0	 23.0	 33.0	3.000	 1.0	 0.0
1	2018	35	21410.0	 23.0	 34.0	3.000	 1.0	 0.0
1	2018	36	21195.0	 24.0	 33.0	3.000	 1.0	 0.0
1	2018	37	21477.0	 24.0	 33.0	3.000	 2.0	 0.0
1	2018	38	20632.0	 25.0	 32.0	3.000	 1.0	 0.0
1	2018	39	19346.0	 25.0	 33.0	3.000	 2.0	 0.0
1	2018	40	15242.0	 25.0	 31.0	3.000	 1.0	 0.0
1	2018	41	20906.0	 24.0	 32.0	3.000	 1.0	 0.0
1	2018	42	18521.0	 24.0	 32.0	3.000	 1.0	 2.0
1	2018	43	19311.0	 24.0	 33.0	3.000	 1.0	 1.0
1	2018	44	20285.0	 24.0	 33.0	3.000	 1.0	 1.0
1	2018	45	22843.0	 24.0	 34.0	3.000	 1.0	 0.0
1	2018	46	22453.0	 23.0	 34.0	3.000	 1.0	 0.0
1	2018	47	22303.0	 23.0	 33.0	3.000	 1.0	 0.0
1	2018	48	21674.0	 25.0	 34.0	3.000	 2.0	 0.0
1	2018	49	17149.0	 25.0	 31.0	3.000	 3.0	 1.0
1	2018	50	19556.0	 24.0	 33.0	3.000	 2.0	 2.0
1	2018	51	16848.0	 24.0	 30.0	3.000	 1.0	 5.0
1	2018	52	20610.0	 23.0	 32.0	3.000	 2.0	 0.0
1	2018	53	21482.0	 24.0	 33.0	3.000	 2.0	 0.0
1	2018	54	18806.0	 24.0	 32.0	3.000	 2.0	 6.0
1	2018	55	17759.0	 23.0	 30.0	3.000	 0.0	 5.0
1	2018	56	18866.0	 23.0	 31.0	3.000	 1.0	35.0
1	2018	57	13373.0	 23.0	 29.0	3.000	 1.0	21.0
1	2018	58	18754.0	 23.0	 30.0	3.000	 1.0	10.0
1	2018	59	17565.0	 23.0	 29.0	3.000	 1.0	 2.0
1	2018	60	21186.0	 23.0	 30.0	3.000	 2.0	 8.0
1	2018	61	20395.0	 23.0	 30.0	3.000	 1.0	 1.0
1	2018	62	23664.0	 23.0	 32.0	3.000	 2.0	 0.0
1	2018	63	20610.0	 23.0	 31.0	3.000	 2.0	 3.0
1	2018	64	21111.0	 23.0	 31.0	3.000	 2.0	 1.0
1	2018	65	23416.0	 23.0	 32.0	3.000	 2.0	 0.0
1	2018	66	21202.0	 23.0	 31.0	3.000	 2.0	 8.0
1	2018	67	22889.0	 23.0	 31.0	3.000	 1.0	 6.0
1	2018	68	19334.0	 23.0	 31.0	3.000	 1.0	 4.0
1	2018	69	18507.0	 24.0	 31.0	3.000	 2.0	 2.0
1	2018	70	19288.0	 24.0	 30.0	3.000	 2.0	 4.0
1	2018	71	19539.0	 24.0	 31.0	3.000	 2.0	 1.0
1	2018	72	21037.0	 24.0	 31.0	3.000	 2.0	 1.0
1	2018	73	23532.0	 23.0	 32.0	3.000	 2.0	 0.0
1	2018	74	22585.0	 24.0	 32.0	3.000	 2.0	 1.0
1	2018	75	17644.0	 24.0	 29.0	3.000	 1.0	 5.0
1	2018	76	19193.0	 23.0	 31.0	3.000	 1.0	 1.0
1	2018	77	17206.0	 24.0	 30.0	3.000	 1.0	 2.0
1	2018	78	20647.0	 24.0	 30.0	3.000	 1.0	 1.0
1	2018	79	20863.0	 25.0	 31.0	3.000	 2.0	 0.0
1	2018	80	16343.0	 24.0	 30.0	3.000	 2.0	 8.0
1	2018	81	20147.0	 24.0	 30.0	3.000	 1.0	 2.0
1	2018	82	14988.0	 24.0	 29.0	3.000	 1.0	37.0
1	2018	83	19270.0	 23.0	 31.0	3.000	 1.0	 2.0
1	2018	84	22075.0	 23.0	 30.0	3.000	 1.0	 0.0
1	2018	85	25214.0	 23.0	 32.0	3.000	 1.0	 0.0
1	2018	86	22878.0	 24.0	 31.0	3.000	 2.0	 0.0
1	2018	87	21669.0	 24.0	 31.0	3.000	 2.0	 0.0
1	2018	88	20424.0	 24.0	 31.0	3.000	 2.0	 2.0
1	2018	89	20665.0	 24.0	 31.0	3.000	 2.0	 4.0
1	2018	90	22895.0	 23.0	 31.0	3.000	 1.0	 1.0
1	2018	91	20841.0	 24.0	 31.0	3.000	 1.0	 0.0
1	2018	92	17267.0	 25.0	 30.0	3.000	 2.0	 5.0
1	2018	93	22330.0	 23.0	 31.0	3.000	 2.0	 0.0
1	2018	94	21030.0	 24.0	 31.0	3.000	 2.0	 2.0
1	2018	95	23237.0	 24.0	 31.0	3.000	 2.0	 1.0
1	2018	96	22197.0	 24.0	 31.0	3.000	 1.0	 8.0
1	2018	97	19594.0	 24.0	 31.0	3.000	 2.0	 1.0
1	2018	98	19697.0	 24.0	 30.0	3.000	 2.0	 5.0
1	2018	99	19540.0	 23.0	 30.0	3.000	 1.0	 6.0
1	2018	100	15435.0	 23.0	 29.0	3.000	 2.0	 1.0
1	2018	101	24035.0	 22.0	 31.0	3.000	 2.0	 0.0
1	2018	102	22173.0	 23.0	 31.0	3.000	 2.0	 2.0
1	2018	103	19857.0	 24.0	 30.0	3.000	 2.0	 6.0
1	2018	104	20710.0	 24.0	 30.0	3.000	 1.0	 1.0
1	2018	105	16005.0	 23.0	 30.0	3.000	 1.0	 1.0
1	2018	106	20126.0	 23.0	 30.0	3.000	 1.0	 8.0
1	2018	107	19933.0	 23.0	 31.0	3.000	 2.0	 4.0
1	2018	108	20016.0	 24.0	 31.0	3.000	 2.0	 4.0
1	2018	109	17801.0	 24.0	 30.0	3.000	 1.0	 1.0
1	2018	110	18753.0	 24.0	 30.0	3.000	 1.0	 8.0
1	2018	111	18013.0	 24.0	 30.0	3.000	 2.0	12.0
1	2018	112	17226.0	 23.0	 30.0	3.000	 2.0	 5.0
1	2018	113	20878.0	 24.0	 30.0	3.000	 2.0	 1.0
1	2018	114	18020.0	 24.0	 30.0	3.000	 2.0	 4.0
1	2018	115	18462.0	 24.0	 30.0	3.000	 2.0	 3.0
1	2018	116	20539.0	 24.0	 30.0	3.000	 2.0	 1.0
1	2018	117	23549.0	 23.0	 31.0	3.000	 1.0	 1.0
1	2018	118	19223.0	 24.0	 31.0	3.000	 1.0	 8.0
1	2018	119	16480.0	 25.0	 29.0	3.000	 2.0	13.0
1	2018	120	17472.0	 24.0	 30.0	3.000	 2.0	 3.0
1	2018	121	16500.0	 24.0	 30.0	3.000	 2.0	14.0
1	2018	122	18464.0	 24.0	 30.0	3.000	 2.0	 7.0
1	2018	123	13245.0	 24.0	 29.0	3.000	 2.0	 4.0
1	2018	124	18055.0	 24.0	 30.0	3.000	 2.0	 0.0
1	2018	125	17747.0	 23.0	 30.0	3.000	 2.0	 7.0
1	2018	126	11320.0	 23.0	 27.0	3.000	 2.0	17.0
1	2018	127	18199.0	 22.0	 29.0	3.000	 1.0	 2.0
1	2018	128	17866.0	 23.0	 29.0	3.000	 2.0	 1.0
1	2018	129	16310.0	 24.0	 29.0	3.000	 2.0	 2.0
1	2018	130	21657.0	 24.0	 30.0	3.000	 2.0	 5.0
1	2018	131	4505.0	 23.0	 25.0	3.000	 1.0	14.0
1	2018	132	19691.0	 22.0	 29.0	3.000	 1.0	 6.0
1	2018	133	12877.0	 23.0	 28.0	3.000	 1.0	16.0
1	2018	134	21449.0	 23.0	 31.0	3.000	 2.0	 3.0
1	2018	135	19666.0	 23.0	 30.0	3.000	 2.0	 7.0
1	2018	136	19318.0	 24.0	 29.0	3.000	 2.0	 9.0
1	2018	137	17159.0	 23.0	 29.0	3.000	 1.0	 9.0
1	2018	138	19939.0	 23.0	 30.0	3.000	 1.0	 6.0
1	2018	139	18958.0	 23.0	 29.0	3.000	 1.0	 8.0
1	2018	140	18753.0	 22.0	 30.0	3.000	 1.0	 3.0
1	2018	141	18337.0	 24.0	 29.0	3.000	 2.0	 2.0
1	2018	142	17085.0	 24.0	 30.0	3.000	 2.0	 4.0
1	2018	143	18699.0	 24.0	 30.0	3.000	 2.0	10.0
1	2018	144	18194.0	 23.0	 29.0	3.000	 2.0	 2.0
1	2018	145	17717.0	 24.0	 29.0	3.000	 2.0	 2.0
1	2018	146	14289.0	 23.0	 28.0	3.000	 2.0	22.0
1	2018	147	13988.0	 23.0	 26.0	3.000	 1.0	15.0
1	2018	148	18491.0	 22.0	 28.0	3.000	 1.0	 3.0
1	2018	149	17691.0	 23.0	 29.0	3.000	 1.0	 5.0
1	2018	150	12348.0	 23.0	 27.0	3.000	 2.0	 4.0
1	2018	151	19649.0	 23.0	 29.0	3.000	 2.0	 4.0
1	2018	152	20071.0	 23.0	 29.0	3.000	 2.0	 1.0
1	2018	153	17834.0	 23.0	 29.0	3.000	 1.0	12.0
1	2018	154	13727.0	 23.0	 27.0	3.000	 1.0	28.0
1	2018	155	16523.0	 23.0	 29.0	3.000	 1.0	 6.0
1	2018	156	19338.0	 23.0	 30.0	3.000	 1.0	 1.0
1	2018	157	19590.0	 23.0	 29.0	3.000	 1.0	 4.0
1	2018	158	15354.0	 23.0	 29.0	3.000	 1.0	 2.0
1	2018	159	17635.0	 23.0	 29.0	3.000	 1.0	 2.0
1	2018	160	13744.0	 24.0	 28.0	3.000	 2.0	16.0
1	2018	161	14751.0	 23.0	 28.0	3.000	 2.0	10.0
1	2018	162	19243.0	 22.0	 29.0	3.000	 1.0	 9.0
1	2018	163	20875.0	 23.0	 29.0	3.000	 1.0	 2.0
1	2018	164	16224.0	 23.0	 28.0	3.000	 2.0	 8.0
1	2018	165	18189.0	 23.0	 29.0	3.000	 2.0	10.0
1	2018	166	12740.0	 23.0	 26.0	3.000	 1.0	16.0
1	2018	167	13186.0	 23.0	 27.0	3.000	 2.0	 5.0
1	2018	168	11767.0	 23.0	 26.0	3.000	 2.0	10.0
1	2018	169	15989.0	 22.0	 28.0	3.000	 2.0	11.0
1	2018	170	19687.0	 22.0	 28.0	3.000	 3.0	 6.0
1	2018	171	16804.0	 22.0	 28.0	3.000	 2.0	 3.0
1	2018	172	10783.0	 22.0	 25.0	3.000	 2.0	31.0
1	2018	173	17020.0	 21.0	 27.0	3.000	 2.0	 6.0
1	2018	174	12533.0	 22.0	 26.0	3.000	 2.0	14.0
1	2018	175	13866.0	 22.0	 26.0	3.000	 1.0	 9.0
1	2018	176	17011.0	 22.0	 28.0	3.000	 1.0	 5.0
1	2018	177	15679.0	 21.0	 27.0	3.000	 1.0	28.0
1	2018	178	18361.0	 21.0	 28.0	3.000	 2.0	 4.0
1	2018	179	14906.0	 22.0	 27.0	3.000	 1.0	 5.0
1	2018	180	11631.0	 22.0	 26.0	3.000	 1.0	 6.0
1	2018	181	7264.0	 22.0	 24.0	3.000	 1.0	30.0
1	2018	182	5368.0	 21.0	 24.0	3.000	 1.0	39.0
1	2018	183	13293.0	 21.0	 27.0	3.000	 1.0	 3.0
1	2018	184	14644.0	 22.0	 27.0	3.000	 1.0	 2.0
1	2018	185	15516.0	 22.0	 27.0	3.000	 1.0	10.0
1	2018	186	15626.0	 22.0	 27.0	3.000	 1.0	12.0
1	2018	187	16422.0	 21.0	 27.0	3.000	 1.0	13.0
1	2018	188	16470.0	 22.0	 27.0	3.000	 1.0	 8.0
1	2018	189	16676.0	 22.0	 28.0	3.000	 1.0	11.0
1	2018	190	17843.0	 22.0	 28.0	3.000	 1.0	 6.0
1	2018	191	18233.0	 22.0	 28.0	3.000	 1.0	 4.0
1	2018	192	15800.0	 22.0	 27.0	3.000	 1.0	11.0
1	2018	193	14303.0	 22.0	 26.0	3.000	 1.0	 9.0
1	2018	194	14431.0	 22.0	 27.0	3.000	 1.0	 8.0
1	2018	195	14652.0	 22.0	 27.0	3.000	 1.0	 8.0
1	2018	196	15662.0	 22.0	 28.0	3.000	 2.0	 5.0
1	2018	197	9901.0	 22.0	 26.0	3.000	 2.0	18.0
1	2018	198	6934.0	 22.0	 25.0	3.000	 2.0	24.0
1	2018	199	13656.0	 22.0	 27.0	3.000	 1.0	 2.0
1	2018	200	18265.0	 22.0	 28.0	3.000	 2.0	 1.0
1	2018	201	13244.0	 22.0	 27.0	3.000	 2.0	11.0
1	2018	202	11669.0	 22.0	 26.0	3.000	 2.0	 6.0
1	2018	203	14500.0	 22.0	 27.0	3.000	 1.0	 2.0
1	2018	204	16657.0	 22.0	 28.0	3.000	 1.0	11.0
1	2018	205	14576.0	 23.0	 28.0	3.000	 2.0	 3.0
1	2018	206	8964.0	 22.0	 25.0	3.000	 3.0	16.0
1	2018	207	12671.0	 22.0	 26.0	3.000	 1.0	 2.0
1	2018	208	8192.0	 22.0	 26.0	3.000	 1.0	 0.0
1	2018	209	16966.0	 22.0	 27.0	3.000	 1.0	 6.0
1	2018	210	12890.0	 22.0	 26.0	3.000	 2.0	13.0
1	2018	211	15338.0	 22.0	 27.0	2.000	 3.0	 3.0
1	2018	212	15989.0	 20.0	 26.0	2.000	 2.0	 1.0
1	2018	213	19273.0	 21.0	 27.0	3.000	 1.0	 2.0
1	2018	214	14110.0	 22.0	 26.0	3.000	 2.0	 6.0
1	2018	215	11872.0	 21.0	 26.0	3.000	 2.0	 8.0
1	2018	216	10148.0	 22.0	 27.0	3.000	 2.0	 3.0
1	2018	217	17038.0	 21.0	 28.0	3.000	 1.0	 1.0
1	2018	218	13680.0	 21.0	 27.0	3.000	 2.0	 1.0
1	2018	219	15391.0	 21.0	 27.0	3.000	 2.0	 1.0
1	2018	220	19517.0	 21.0	 27.0	3.000	 1.0	 2.0
1	2018	221	17625.0	 21.0	 27.0	3.000	 1.0	 1.0
1	2018	222	15902.0	 22.0	 27.0	3.000	 2.0	 2.0
1	2018	223	17835.0	 22.0	 27.0	3.000	 1.0	 4.0
1	2018	224	16897.0	 22.0	 28.0	3.000	 1.0	 6.0
1	2018	225	4777.0	 22.0	 23.0	3.000	 1.0	103.0
1	2018	226	12155.0	 21.0	 26.0	3.000	 1.0	 6.0
1	2018	227	19645.0	 22.0	 28.0	3.000	 1.0	 2.0
1	2018	228	18159.0	 22.0	 28.0	3.000	 1.0	 5.0
1	2018	229	10783.0	 22.0	 26.0	3.000	 1.0	16.0
1	2018	230	11262.0	 22.0	 26.0	3.000	 2.0	16.0
1	2018	231	15145.0	 22.0	 27.0	3.000	 1.0	 7.0
1	2018	232	9257.0	 22.0	 26.0	3.000	 1.0	12.0
1	2018	233	7394.0	 22.0	 25.0	3.000	 2.0	17.0
1	2018	234	8445.0	 22.0	 25.0	3.000	 2.0	19.0
1	2018	235	14194.0	 22.0	 28.0	3.000	 2.0	 7.0
1	2018	236	4402.0	 22.0	 23.0	3.000	 2.0	17.0
1	2018	237	2995.0	 21.0	 23.0	3.000	 2.0	29.0
1	2018	238	12192.0	 22.0	 27.0	3.000	 2.0	 2.0
1	2018	239	18010.0	 21.0	 28.0	3.000	 1.0	 2.0
1	2018	240	14400.0	 21.0	 27.0	3.000	 1.0	 4.0
1	2018	241	13298.0	 22.0	 27.0	3.000	 1.0	 5.0
1	2018	242	14830.0	 22.0	 27.0	3.000	 1.0	14.0
1	2018	243	7257.0	 22.0	 25.0	3.000	 2.0	15.0
1	2018	244	10234.0	 22.0	 27.0	3.000	 2.0	 6.0
1	2018	245	14269.0	 22.0	 27.0	3.000	 1.0	 4.0
1	2018	246	14312.0	 22.0	 28.0	3.000	 1.0	11.0
1	2018	247	9185.0	 21.0	 26.0	3.000	 1.0	10.0
1	2018	248	15645.0	 22.0	 27.0	3.000	 1.0	10.0
1	2018	249	12643.0	 22.0	 27.0	3.000	 1.0	11.0
1	2018	250	9025.0	 22.0	 25.0	3.000	 2.0	12.0
1	2018	251	10690.0	 22.0	 26.0	3.000	 1.0	13.0
1	2018	252	11693.0	 22.0	 26.0	3.000	 1.0	 4.0
1	2018	253	15070.0	 22.0	 27.0	3.000	 1.0	11.0
1	2018	254	10372.0	 22.0	 25.0	3.000	 0.0	22.0
1	2018	255	13926.0	 21.0	 26.0	3.000	 0.0	10.0
1	2018	256	17200.0	 21.0	 28.0	3.000	 0.0	 3.0
1	2018	257	19331.0	 21.0	 28.0	3.000	 1.0	 7.0
1	2018	258	18981.0	 22.0	 28.0	3.000	 1.0	 8.0
1	2018	259	15787.0	 22.0	 28.0	3.000	 0.0	13.0
1	2018	260	18811.0	 21.0	 29.0	3.000	 1.0	 3.0
1	2018	261	11727.0	 23.0	 26.0	3.000	 1.0	22.0
1	2018	262	19333.0	 21.0	 29.0	3.000	 1.0	 7.0
1	2018	263	19202.0	 21.0	 29.0	3.000	 1.0	 8.0
1	2018	264	13088.0	 22.0	 27.0	3.000	 1.0	14.0
1	2018	265	10666.0	 22.0	 25.0	3.000	 1.0	13.0
1	2018	266	13114.0	 22.0	 27.0	3.000	 1.0	14.0
1	2018	267	18292.0	 22.0	 29.0	3.000	 0.0	 7.0
1	2018	268	16516.0	 22.0	 28.0	3.000	 0.0	19.0
1	2018	269	11837.0	 22.0	 27.0	3.000	 1.0	16.0
1	2018	270	17651.0	 22.0	 28.0	3.000	 1.0	 8.0
1	2018	271	17739.0	 22.0	 28.0	3.000	 1.0	 7.0
1	2018	272	19846.0	 22.0	 29.0	3.000	 0.0	13.0
1	2018	273	16261.0	 23.0	 27.0	3.000	 1.0	11.0
1	2018	274	18713.0	 21.0	 29.0	3.000	 0.0	10.0
1	2018	275	18250.0	 22.0	 29.0	3.000	 0.0	21.0
1	2018	276	17130.0	 21.0	 29.0	3.000	 0.0	12.0
1	2018	277	17990.0	 22.0	 29.0	3.000	 0.0	 5.0
1	2018	278	16679.0	 22.0	 28.0	3.000	 1.0	14.0
1	2018	279	14225.0	 22.0	 27.0	3.000	 1.0	 7.0
1	2018	280	19486.0	 22.0	 29.0	3.000	 0.0	 5.0
1	2018	281	8280.0	 22.0	 27.0	3.000	 1.0	13.0
1	2018	282	20004.0	 22.0	 30.0	3.000	 1.0	12.0
1	2018	283	18911.0	 23.0	 28.0	3.000	 0.0	 8.0
1	2018	284	15975.0	 22.0	 28.0	3.000	 0.0	11.0
1	2018	285	13958.0	 22.0	 27.0	3.000	 1.0	11.0
1	2018	286	15419.0	 22.0	 28.0	3.000	 1.0	12.0
1	2018	287	20943.0	 22.0	 29.0	3.000	 1.0	 5.0
1	2018	288	16374.0	 22.0	 28.0	3.000	 1.0	 7.0
1	2018	289	16614.0	 22.0	 29.0	3.000	 1.0	 7.0
1	2018	290	21803.0	 22.0	 29.0	3.000	 1.0	 1.0
1	2018	291	20478.0	 22.0	 29.0	3.000	 1.0	10.0
1	2018	292	21083.0	 23.0	 30.0	3.000	 1.0	 1.0
1	2018	293	21014.0	 23.0	 30.0	3.000	 1.0	 1.0
1	2018	294	21697.0	 22.0	 30.0	3.000	 1.0	 1.0
1	2018	295	16276.0	 23.0	 29.0	3.000	 0.0	20.0
1	2018	296	14742.0	 23.0	 29.0	3.000	 1.0	 5.0
1	2018	297	19996.0	 23.0	 30.0	3.000	 1.0	 8.0
1	2018	298	17030.0	 23.0	 29.0	3.000	 1.0	 1.0
1	2018	299	19183.0	 22.0	 30.0	3.000	 1.0	 5.0
1	2018	300	18960.0	 23.0	 30.0	3.000	 1.0	 5.0
1	2018	301	17985.0	 23.0	 30.0	3.000	 0.0	19.0
1	2018	302	9012.0	 23.0	 26.0	3.000	 0.0	 7.0
1	2018	303	19554.0	 22.0	 29.0	3.000	 0.0	 8.0
1	2018	304	20257.0	 23.0	 30.0	3.000	 1.0	 3.0
1	2018	305	17998.0	 23.0	 29.0	3.000	 1.0	 7.0
1	2018	306	18670.0	 23.0	 30.0	3.000	 1.0	 9.0
1	2018	307	20803.0	 23.0	 31.0	3.000	 2.0	 0.0
1	2018	308	17651.0	 22.0	 29.0	3.000	 1.0	 7.0
1	2018	309	19312.0	 22.0	 29.0	3.000	 1.0	 8.0
1	2018	310	16467.0	 22.0	 29.0	3.000	 0.0	15.0
1	2018	311	19557.0	 22.0	 30.0	3.000	 2.0	 2.0
1	2018	312	18050.0	 23.0	 30.0	3.000	 1.0	 1.0
1	2018	313	18921.0	 23.0	 30.0	3.000	 1.0	 5.0
1	2018	314	20725.0	 22.0	 31.0	3.000	 1.0	 2.0
1	2018	315	19420.0	 23.0	 30.0	3.000	 1.0	 1.0
1	2018	316	18659.0	 23.0	 30.0	3.000	 1.0	 3.0
1	2018	317	21558.0	 23.0	 32.0	3.000	 0.0	 2.0
1	2018	318	19832.0	 23.0	 30.0	3.000	 1.0	 4.0
1	2018	319	19283.0	 23.0	 30.0	3.000	 1.0	 6.0
1	2018	320	19991.0	 22.0	 31.0	3.000	 1.0	 3.0
1	2018	321	19146.0	 22.0	 30.0	3.000	 1.0	 1.0
1	2018	322	18263.0	 22.0	 29.0	3.000	 1.0	14.0
1	2018	323	19471.0	 22.0	 30.0	3.000	 1.0	12.0
1	2018	324	15692.0	 23.0	 29.0	3.000	 0.0	 9.0
1	2018	325	19840.0	 23.0	 30.0	3.000	 2.0	 2.0
1	2018	326	19797.0	 22.0	 30.0	3.000	 1.0	 1.0
1	2018	327	19157.0	 23.0	 30.0	3.000	 1.0	 5.0
1	2018	328	19462.0	 23.0	 30.0	3.000	 1.0	 1.0
1	2018	329	20927.0	 24.0	 31.0	3.000	 1.0	 3.0
1	2018	330	19233.0	 24.0	 30.0	3.000	 2.0	 1.0
1	2018	331	18380.0	 22.0	 30.0	3.000	 1.0	 1.0
1	2018	332	19637.0	 23.0	 30.0	3.000	 1.0	 2.0
1	2018	333	18200.0	 23.0	 30.0	3.000	 1.0	 1.0
1	2018	334	20202.0	 22.0	 31.0	3.000	 1.0	 0.0
1	2018	335	19954.0	 24.0	 30.0	3.000	 1.0	 1.0
1	2018	336	19646.0	 23.0	 30.0	3.000	 0.0	 1.0
1	2018	337	19042.0	 23.0	 31.0	3.000	 1.0	 1.0
1	2018	338	18891.0	 23.0	 31.0	3.000	 1.0	 0.0
1	2018	339	19364.0	 23.0	 32.0	3.000	 1.0	 0.0
1	2018	340	21851.0	 22.0	 33.0	2.000	 0.0	 0.0
1	2018	341	21439.0	 22.0	 31.0	2.000	 0.0	 0.0
1	2018	342	16378.0	 23.0	 30.0	2.000	 1.0	 0.0
1	2018	343	19872.0	 23.0	 31.0	2.000	 1.0	 0.0
1	2018	344	19621.0	 22.0	 32.0	2.000	 1.0	 0.0
1	2018	345	17616.0	 22.0	 30.0	3.000	 0.0	 0.0
1	2018	346	16972.0	 23.0	 31.0	3.000	 1.0	 2.0
1	2018	347	18795.0	 23.0	 31.0	3.000	 1.0	 2.0
1	2018	348	21292.0	 22.0	 33.0	2.000	 1.0	 0.0
1	2018	349	21250.0	 22.0	 34.0	3.000	 1.0	 0.0
1	2018	350	19492.0	 22.0	 31.0	3.000	 1.0	 0.0
1	2018	351	20227.0	 23.0	 33.0	3.000	 1.0	 0.0
1	2018	352	18143.0	 23.0	 31.0	3.000	 1.0	 1.0
1	2018	353	20312.0	 23.0	 32.0	3.000	 0.0	 0.0
1	2018	354	19895.0	 23.0	 32.0	3.000	 0.0	 0.0
1	2018	355	21287.0	 22.0	 33.0	2.000	 1.0	 0.0
1	2018	356	21340.0	 22.0	 32.0	2.000	 0.0	 0.0
1	2018	357	21938.0	 21.0	 33.0	2.000	 0.0	 0.0
1	2018	358	21863.0	 20.0	 33.0	2.000	 0.0	 0.0
1	2018	359	22043.0	 21.0	 34.0	1.000	 0.0	 0.0
1	2018	360	21833.0	 22.0	 32.0	2.000	 1.0	 0.0
1	2018	361	21769.0	 20.0	 34.0	1.000	 1.0	 0.0
1	2018	362	20758.0	 22.0	 33.0	2.000	 1.0	 0.0
1	2018	363	19924.0	 22.0	 33.0	2.000	 1.0	 0.0
1	2018	364	21161.0	 22.0	 34.0	2.000	 1.0	 0.0
1	2018	365	19830.0	 22.0	 34.0	2.000	 1.0	 0.0
