*---------------------------------------------------
* Station: Volta
* Year: 2011
* Origin: ERA5-Reanalysis
* Columns & units
* ===================
* 1. station number
* 2. year
* 3. Day of Year
* 4. Irradiance   (kJ路m-2路d-1)
* 5. Daily minimum temperature (degC)
* 6. Daily maximum temperature (degC)
* 7. Vapour pressure (kPa)
* 8. Mean wind speed (m路s-1)
* 9. Precipitation (mm路d-1)
** WCCDESCRIPTION=Volta
** WCCFORMAT=2
** WCCYEARNR=2011
*------------------------------------------------------------*
0.40  7.24  734.00 -0.18  -0.55
1	2011	1	21876.0	 19.0	 32.0	1.000	 1.0	 0.0
1	2011	2	22062.0	 22.0	 31.0	2.000	 1.0	 0.0
1	2011	3	22028.0	 23.0	 31.0	2.000	 0.0	 0.0
1	2011	4	21636.0	 21.0	 31.0	2.000	 1.0	 0.0
1	2011	5	18763.0	 21.0	 30.0	2.000	 1.0	 0.0
1	2011	6	18732.0	 23.0	 32.0	2.000	 1.0	 0.0
1	2011	7	19110.0	 23.0	 32.0	3.000	 0.0	 0.0
1	2011	8	21898.0	 21.0	 33.0	2.000	 1.0	 0.0
1	2011	9	22428.0	 19.0	 32.0	1.000	 1.0	 0.0
1	2011	10	22467.0	 21.0	 32.0	1.000	 0.0	 0.0
1	2011	11	22690.0	 20.0	 33.0	1.000	 1.0	 0.0
1	2011	12	22834.0	 20.0	 33.0	1.000	 1.0	 0.0
1	2011	13	22654.0	 22.0	 31.0	2.000	 1.0	 0.0
1	2011	14	22610.0	 20.0	 32.0	2.000	 1.0	 0.0
1	2011	15	19361.0	 22.0	 33.0	2.000	 1.0	 0.0
1	2011	16	22672.0	 21.0	 33.0	1.000	 1.0	 0.0
1	2011	17	23191.0	 19.0	 33.0	1.000	 0.0	 0.0
1	2011	18	23001.0	 19.0	 33.0	1.000	 1.0	 0.0
1	2011	19	22921.0	 19.0	 32.0	2.000	 0.0	 0.0
1	2011	20	22636.0	 20.0	 32.0	2.000	 1.0	 0.0
1	2011	21	20867.0	 20.0	 32.0	2.000	 1.0	 0.0
1	2011	22	21258.0	 21.0	 33.0	2.000	 1.0	 0.0
1	2011	23	20625.0	 23.0	 32.0	2.000	 1.0	 0.0
1	2011	24	18329.0	 23.0	 32.0	3.000	 2.0	 1.0
1	2011	25	19228.0	 23.0	 31.0	3.000	 1.0	 2.0
1	2011	26	18370.0	 22.0	 31.0	3.000	 2.0	10.0
1	2011	27	19702.0	 23.0	 31.0	3.000	 1.0	 1.0
1	2011	28	20921.0	 23.0	 34.0	3.000	 1.0	 0.0
1	2011	29	21127.0	 23.0	 33.0	3.000	 2.0	 0.0
1	2011	30	20051.0	 23.0	 33.0	3.000	 2.0	 0.0
1	2011	31	19164.0	 23.0	 31.0	3.000	 2.0	 1.0
1	2011	32	18821.0	 23.0	 31.0	3.000	 2.0	 2.0
1	2011	33	19076.0	 23.0	 32.0	3.000	 2.0	 8.0
1	2011	34	17300.0	 24.0	 30.0	3.000	 1.0	 8.0
1	2011	35	14231.0	 23.0	 28.0	3.000	 0.0	19.0
1	2011	36	20329.0	 22.0	 32.0	2.000	 1.0	 0.0
1	2011	37	23015.0	 22.0	 31.0	2.000	 1.0	 0.0
1	2011	38	22599.0	 21.0	 31.0	2.000	 1.0	 0.0
1	2011	39	20897.0	 21.0	 31.0	3.000	 1.0	 0.0
1	2011	40	21777.0	 22.0	 31.0	3.000	 1.0	 0.0
1	2011	41	16996.0	 23.0	 30.0	3.000	 2.0	 1.0
1	2011	42	16805.0	 23.0	 31.0	3.000	 1.0	 1.0
1	2011	43	19443.0	 23.0	 31.0	3.000	 2.0	 8.0
1	2011	44	17769.0	 23.0	 30.0	3.000	 2.0	 8.0
1	2011	45	18105.0	 22.0	 30.0	3.000	 1.0	11.0
1	2011	46	20981.0	 22.0	 31.0	3.000	 0.0	 4.0
1	2011	47	22404.0	 24.0	 31.0	3.000	 1.0	 0.0
1	2011	48	21660.0	 23.0	 32.0	3.000	 2.0	 0.0
1	2011	49	19625.0	 24.0	 31.0	3.000	 1.0	 1.0
1	2011	50	10074.0	 24.0	 28.0	3.000	 1.0	 0.0
1	2011	51	20464.0	 23.0	 33.0	3.000	 2.0	 0.0
1	2011	52	21332.0	 23.0	 32.0	3.000	 2.0	 3.0
1	2011	53	20807.0	 23.0	 31.0	3.000	 2.0	 7.0
1	2011	54	11437.0	 23.0	 28.0	3.000	 2.0	 4.0
1	2011	55	21929.0	 21.0	 31.0	3.000	 1.0	 9.0
1	2011	56	19659.0	 22.0	 31.0	3.000	 2.0	 8.0
1	2011	57	17165.0	 23.0	 28.0	3.000	 1.0	 6.0
1	2011	58	16782.0	 22.0	 29.0	3.000	 1.0	16.0
1	2011	59	19450.0	 22.0	 30.0	3.000	 1.0	21.0
1	2011	60	20390.0	 23.0	 30.0	3.000	 1.0	 0.0
1	2011	61	18655.0	 24.0	 30.0	3.000	 2.0	 1.0
1	2011	62	20826.0	 22.0	 30.0	3.000	 1.0	12.0
1	2011	63	15369.0	 22.0	 29.0	3.000	 1.0	 8.0
1	2011	64	19474.0	 23.0	 31.0	3.000	 2.0	 0.0
1	2011	65	21964.0	 23.0	 31.0	3.000	 2.0	 1.0
1	2011	66	20388.0	 23.0	 31.0	3.000	 1.0	 2.0
1	2011	67	19285.0	 23.0	 30.0	3.000	 1.0	 1.0
1	2011	68	21891.0	 24.0	 32.0	3.000	 2.0	 1.0
1	2011	69	21271.0	 24.0	 31.0	3.000	 2.0	 1.0
1	2011	70	22312.0	 23.0	 31.0	3.000	 2.0	 1.0
1	2011	71	22145.0	 23.0	 32.0	3.000	 1.0	 3.0
1	2011	72	23245.0	 24.0	 32.0	3.000	 2.0	 0.0
1	2011	73	20357.0	 24.0	 30.0	3.000	 2.0	 4.0
1	2011	74	22027.0	 24.0	 31.0	3.000	 1.0	 2.0
1	2011	75	23201.0	 24.0	 32.0	3.000	 1.0	 1.0
1	2011	76	21134.0	 24.0	 31.0	3.000	 2.0	 2.0
1	2011	77	19638.0	 24.0	 31.0	3.000	 2.0	 2.0
1	2011	78	22296.0	 23.0	 31.0	3.000	 1.0	 2.0
1	2011	79	22683.0	 24.0	 32.0	3.000	 2.0	 0.0
1	2011	80	19999.0	 24.0	 30.0	3.000	 1.0	15.0
1	2011	81	20990.0	 23.0	 31.0	3.000	 1.0	 4.0
1	2011	82	22647.0	 23.0	 31.0	3.000	 1.0	 8.0
1	2011	83	18522.0	 23.0	 31.0	3.000	 1.0	 4.0
1	2011	84	15467.0	 24.0	 30.0	3.000	 2.0	 2.0
1	2011	85	21443.0	 24.0	 31.0	3.000	 2.0	 4.0
1	2011	86	24127.0	 23.0	 32.0	3.000	 1.0	 2.0
1	2011	87	22881.0	 23.0	 31.0	3.000	 2.0	 0.0
1	2011	88	22679.0	 23.0	 31.0	3.000	 1.0	 1.0
1	2011	89	22993.0	 24.0	 31.0	3.000	 2.0	 1.0
1	2011	90	23504.0	 23.0	 32.0	3.000	 2.0	 1.0
1	2011	91	21935.0	 24.0	 31.0	3.000	 2.0	 2.0
1	2011	92	20970.0	 24.0	 31.0	3.000	 2.0	 5.0
1	2011	93	23040.0	 23.0	 31.0	3.000	 2.0	 3.0
1	2011	94	17958.0	 22.0	 30.0	3.000	 1.0	20.0
1	2011	95	20613.0	 23.0	 30.0	3.000	 1.0	 1.0
1	2011	96	23960.0	 23.0	 31.0	3.000	 1.0	 2.0
1	2011	97	23710.0	 23.0	 32.0	3.000	 1.0	 0.0
1	2011	98	20476.0	 24.0	 30.0	3.000	 2.0	 2.0
1	2011	99	22185.0	 24.0	 31.0	3.000	 2.0	 7.0
1	2011	100	19916.0	 23.0	 30.0	3.000	 1.0	10.0
1	2011	101	22485.0	 23.0	 30.0	3.000	 1.0	 3.0
1	2011	102	20783.0	 23.0	 30.0	3.000	 1.0	 5.0
1	2011	103	19712.0	 24.0	 30.0	3.000	 1.0	 3.0
1	2011	104	22478.0	 23.0	 31.0	3.000	 1.0	 4.0
1	2011	105	21335.0	 24.0	 31.0	3.000	 2.0	 1.0
1	2011	106	17879.0	 25.0	 30.0	3.000	 2.0	 5.0
1	2011	107	21593.0	 24.0	 31.0	3.000	 2.0	11.0
1	2011	108	15492.0	 23.0	 28.0	3.000	 2.0	 5.0
1	2011	109	25116.0	 23.0	 32.0	3.000	 2.0	 1.0
1	2011	110	22656.0	 24.0	 31.0	3.000	 2.0	 2.0
1	2011	111	20742.0	 24.0	 31.0	3.000	 2.0	 4.0
1	2011	112	21214.0	 24.0	 31.0	3.000	 1.0	 0.0
1	2011	113	19493.0	 25.0	 31.0	3.000	 2.0	 9.0
1	2011	114	18945.0	 23.0	 29.0	3.000	 2.0	 5.0
1	2011	115	22341.0	 24.0	 31.0	3.000	 0.0	 5.0
1	2011	116	22335.0	 23.0	 31.0	3.000	 1.0	10.0
1	2011	117	19527.0	 24.0	 30.0	3.000	 2.0	 3.0
1	2011	118	20610.0	 24.0	 30.0	3.000	 2.0	 7.0
1	2011	119	16024.0	 23.0	 29.0	3.000	 2.0	 5.0
1	2011	120	20445.0	 23.0	 30.0	3.000	 2.0	 2.0
1	2011	121	18395.0	 24.0	 30.0	3.000	 1.0	 6.0
1	2011	122	16945.0	 24.0	 29.0	3.000	 1.0	 5.0
1	2011	123	16058.0	 24.0	 28.0	3.000	 1.0	 9.0
1	2011	124	19868.0	 23.0	 31.0	3.000	 1.0	 0.0
1	2011	125	23680.0	 24.0	 31.0	3.000	 2.0	 1.0
1	2011	126	21725.0	 24.0	 32.0	3.000	 3.0	 2.0
1	2011	127	21899.0	 24.0	 31.0	3.000	 2.0	 2.0
1	2011	128	16800.0	 23.0	 30.0	3.000	 2.0	 5.0
1	2011	129	17817.0	 23.0	 30.0	3.000	 2.0	 2.0
1	2011	130	17151.0	 24.0	 30.0	3.000	 2.0	 7.0
1	2011	131	20126.0	 23.0	 30.0	3.000	 1.0	 1.0
1	2011	132	18262.0	 24.0	 30.0	3.000	 1.0	 6.0
1	2011	133	17780.0	 23.0	 29.0	3.000	 1.0	 6.0
1	2011	134	18785.0	 23.0	 30.0	3.000	 1.0	 7.0
1	2011	135	18024.0	 24.0	 30.0	3.000	 1.0	11.0
1	2011	136	19081.0	 24.0	 30.0	3.000	 1.0	 1.0
1	2011	137	18548.0	 24.0	 31.0	3.000	 2.0	 5.0
1	2011	138	17925.0	 23.0	 30.0	3.000	 2.0	 2.0
1	2011	139	17839.0	 24.0	 29.0	3.000	 2.0	 1.0
1	2011	140	21279.0	 23.0	 31.0	3.000	 2.0	 1.0
1	2011	141	18806.0	 24.0	 30.0	3.000	 2.0	 6.0
1	2011	142	19505.0	 23.0	 29.0	3.000	 2.0	 5.0
1	2011	143	18726.0	 22.0	 29.0	3.000	 2.0	 1.0
1	2011	144	19359.0	 23.0	 29.0	3.000	 2.0	 3.0
1	2011	145	20084.0	 23.0	 30.0	3.000	 2.0	 2.0
1	2011	146	14747.0	 23.0	 28.0	3.000	 2.0	12.0
1	2011	147	15210.0	 23.0	 28.0	3.000	 2.0	 3.0
1	2011	148	10626.0	 22.0	 26.0	3.000	 1.0	27.0
1	2011	149	19847.0	 22.0	 28.0	3.000	 2.0	 2.0
1	2011	150	14823.0	 23.0	 28.0	3.000	 1.0	 9.0
1	2011	151	16540.0	 23.0	 29.0	3.000	 1.0	 3.0
1	2011	152	15819.0	 23.0	 29.0	3.000	 1.0	11.0
1	2011	153	15611.0	 23.0	 29.0	3.000	 2.0	 1.0
1	2011	154	16002.0	 23.0	 28.0	3.000	 1.0	11.0
1	2011	155	14127.0	 23.0	 28.0	3.000	 1.0	11.0
1	2011	156	17632.0	 23.0	 29.0	3.000	 1.0	 5.0
1	2011	157	19792.0	 23.0	 30.0	3.000	 1.0	 5.0
1	2011	158	17022.0	 23.0	 29.0	3.000	 1.0	 5.0
1	2011	159	15414.0	 23.0	 29.0	3.000	 2.0	10.0
1	2011	160	12521.0	 22.0	 27.0	3.000	 1.0	 1.0
1	2011	161	15600.0	 22.0	 28.0	3.000	 1.0	 2.0
1	2011	162	14925.0	 22.0	 28.0	3.000	 2.0	 9.0
1	2011	163	14803.0	 22.0	 27.0	3.000	 2.0	12.0
1	2011	164	19347.0	 21.0	 29.0	3.000	 1.0	 6.0
1	2011	165	19373.0	 22.0	 29.0	3.000	 1.0	 5.0
1	2011	166	15189.0	 22.0	 28.0	3.000	 1.0	 3.0
1	2011	167	14539.0	 23.0	 28.0	3.000	 2.0	 6.0
1	2011	168	17266.0	 23.0	 28.0	3.000	 2.0	 5.0
1	2011	169	10735.0	 23.0	 26.0	3.000	 1.0	 4.0
1	2011	170	11412.0	 22.0	 27.0	3.000	 1.0	20.0
1	2011	171	16423.0	 23.0	 28.0	3.000	 1.0	 5.0
1	2011	172	14278.0	 23.0	 28.0	3.000	 2.0	 7.0
1	2011	173	14599.0	 23.0	 27.0	3.000	 1.0	 8.0
1	2011	174	14953.0	 22.0	 28.0	3.000	 2.0	 2.0
1	2011	175	15058.0	 22.0	 27.0	3.000	 2.0	12.0
1	2011	176	19284.0	 22.0	 28.0	3.000	 1.0	 3.0
1	2011	177	17028.0	 22.0	 28.0	3.000	 1.0	 5.0
1	2011	178	15984.0	 22.0	 28.0	3.000	 2.0	 6.0
1	2011	179	18839.0	 22.0	 28.0	3.000	 2.0	 2.0
1	2011	180	16552.0	 22.0	 28.0	3.000	 1.0	 3.0
1	2011	181	14319.0	 22.0	 27.0	3.000	 2.0	16.0
1	2011	182	15685.0	 22.0	 27.0	3.000	 2.0	 7.0
1	2011	183	16269.0	 22.0	 28.0	3.000	 1.0	 3.0
1	2011	184	13289.0	 22.0	 27.0	3.000	 2.0	16.0
1	2011	185	10798.0	 22.0	 25.0	3.000	 2.0	 5.0
1	2011	186	17542.0	 22.0	 28.0	3.000	 1.0	 2.0
1	2011	187	12723.0	 22.0	 27.0	3.000	 1.0	11.0
1	2011	188	14791.0	 22.0	 27.0	3.000	 1.0	 9.0
1	2011	189	16901.0	 22.0	 28.0	3.000	 2.0	 3.0
1	2011	190	14037.0	 23.0	 27.0	3.000	 2.0	 4.0
1	2011	191	12744.0	 22.0	 27.0	3.000	 2.0	34.0
1	2011	192	7559.0	 22.0	 24.0	3.000	 2.0	39.0
1	2011	193	12414.0	 21.0	 26.0	3.000	 1.0	14.0
1	2011	194	16700.0	 22.0	 27.0	3.000	 2.0	 5.0
1	2011	195	16381.0	 22.0	 27.0	3.000	 2.0	 5.0
1	2011	196	14058.0	 21.0	 27.0	3.000	 0.0	 8.0
1	2011	197	13923.0	 21.0	 27.0	3.000	 1.0	14.0
1	2011	198	16679.0	 22.0	 27.0	3.000	 2.0	 9.0
1	2011	199	4154.0	 22.0	 24.0	3.000	 1.0	83.0
1	2011	200	18921.0	 20.0	 28.0	3.000	 1.0	 1.0
1	2011	201	16808.0	 22.0	 28.0	3.000	 1.0	 5.0
1	2011	202	11455.0	 22.0	 27.0	3.000	 2.0	12.0
1	2011	203	15542.0	 22.0	 28.0	3.000	 2.0	 2.0
1	2011	204	16363.0	 22.0	 27.0	3.000	 2.0	 2.0
1	2011	205	10993.0	 22.0	 26.0	3.000	 2.0	 7.0
1	2011	206	13341.0	 21.0	 26.0	3.000	 2.0	 2.0
1	2011	207	14076.0	 21.0	 25.0	2.000	 2.0	 2.0
1	2011	208	13707.0	 21.0	 26.0	3.000	 2.0	 2.0
1	2011	209	17077.0	 21.0	 27.0	3.000	 1.0	 3.0
1	2011	210	13627.0	 21.0	 27.0	3.000	 2.0	 3.0
1	2011	211	13561.0	 21.0	 26.0	3.000	 2.0	 3.0
1	2011	212	11028.0	 21.0	 26.0	3.000	 1.0	 3.0
1	2011	213	17927.0	 22.0	 27.0	3.000	 0.0	 5.0
1	2011	214	14139.0	 22.0	 27.0	3.000	 2.0	 7.0
1	2011	215	14553.0	 22.0	 28.0	3.000	 1.0	 6.0
1	2011	216	9286.0	 22.0	 25.0	3.000	 2.0	19.0
1	2011	217	13582.0	 22.0	 26.0	3.000	 2.0	 4.0
1	2011	218	7881.0	 22.0	 25.0	3.000	 1.0	61.0
1	2011	219	10411.0	 21.0	 25.0	3.000	 2.0	 8.0
1	2011	220	12086.0	 22.0	 25.0	3.000	 1.0	10.0
1	2011	221	14563.0	 22.0	 27.0	3.000	 2.0	 2.0
1	2011	222	15133.0	 21.0	 27.0	3.000	 1.0	 9.0
1	2011	223	13520.0	 21.0	 26.0	3.000	 1.0	 7.0
1	2011	224	17493.0	 21.0	 28.0	3.000	 2.0	 6.0
1	2011	225	6590.0	 22.0	 24.0	3.000	 2.0	22.0
1	2011	226	13641.0	 21.0	 25.0	3.000	 2.0	 3.0
1	2011	227	12449.0	 21.0	 26.0	3.000	 2.0	 5.0
1	2011	228	10982.0	 22.0	 27.0	3.000	 2.0	 3.0
1	2011	229	14062.0	 21.0	 26.0	3.000	 2.0	 2.0
1	2011	230	11533.0	 22.0	 26.0	3.000	 2.0	 4.0
1	2011	231	18484.0	 21.0	 27.0	2.000	 2.0	 1.0
1	2011	232	18880.0	 20.0	 28.0	2.000	 1.0	 0.0
1	2011	233	19048.0	 21.0	 27.0	3.000	 1.0	 2.0
1	2011	234	13704.0	 21.0	 26.0	3.000	 2.0	11.0
1	2011	235	11236.0	 21.0	 25.0	3.000	 1.0	12.0
1	2011	236	17471.0	 21.0	 28.0	3.000	 1.0	 7.0
1	2011	237	14134.0	 21.0	 26.0	3.000	 1.0	 7.0
1	2011	238	9254.0	 22.0	 25.0	3.000	 2.0	10.0
1	2011	239	11979.0	 21.0	 26.0	3.000	 2.0	11.0
1	2011	240	12226.0	 22.0	 26.0	3.000	 1.0	 8.0
1	2011	241	14504.0	 21.0	 27.0	3.000	 1.0	 4.0
1	2011	242	18002.0	 21.0	 28.0	3.000	 1.0	 5.0
1	2011	243	6462.0	 22.0	 25.0	3.000	 1.0	46.0
1	2011	244	13726.0	 22.0	 27.0	3.000	 1.0	 1.0
1	2011	245	18548.0	 21.0	 28.0	3.000	 0.0	 9.0
1	2011	246	13667.0	 21.0	 26.0	3.000	 1.0	16.0
1	2011	247	18581.0	 22.0	 28.0	3.000	 2.0	 2.0
1	2011	248	16828.0	 22.0	 28.0	3.000	 1.0	 5.0
1	2011	249	18397.0	 22.0	 28.0	3.000	 1.0	 6.0
1	2011	250	20614.0	 22.0	 28.0	3.000	 1.0	 5.0
1	2011	251	11124.0	 22.0	 27.0	3.000	 1.0	12.0
1	2011	252	14567.0	 22.0	 27.0	3.000	 1.0	16.0
1	2011	253	15882.0	 22.0	 27.0	3.000	 1.0	16.0
1	2011	254	18331.0	 21.0	 28.0	3.000	 1.0	 7.0
1	2011	255	16193.0	 22.0	 28.0	3.000	 1.0	 8.0
1	2011	256	18276.0	 22.0	 28.0	3.000	 1.0	 8.0
1	2011	257	14245.0	 22.0	 27.0	3.000	 2.0	 5.0
1	2011	258	12280.0	 22.0	 26.0	3.000	 1.0	 2.0
1	2011	259	16606.0	 22.0	 27.0	3.000	 1.0	 4.0
1	2011	260	10728.0	 22.0	 26.0	3.000	 1.0	18.0
1	2011	261	16339.0	 22.0	 28.0	3.000	 2.0	 1.0
1	2011	262	13954.0	 22.0	 27.0	3.000	 1.0	16.0
1	2011	263	12947.0	 21.0	 26.0	3.000	 1.0	19.0
1	2011	264	17071.0	 22.0	 29.0	3.000	 2.0	 3.0
1	2011	265	18883.0	 22.0	 28.0	3.000	 1.0	 3.0
1	2011	266	18981.0	 22.0	 28.0	3.000	 0.0	13.0
1	2011	267	16861.0	 21.0	 28.0	3.000	 1.0	13.0
1	2011	268	14330.0	 22.0	 28.0	3.000	 1.0	 2.0
1	2011	269	18782.0	 21.0	 29.0	3.000	 0.0	 8.0
1	2011	270	14297.0	 22.0	 28.0	3.000	 1.0	12.0
1	2011	271	15875.0	 22.0	 27.0	3.000	 1.0	10.0
1	2011	272	13584.0	 22.0	 27.0	3.000	 1.0	 3.0
1	2011	273	16141.0	 22.0	 27.0	3.000	 1.0	15.0
1	2011	274	10823.0	 21.0	 26.0	3.000	 1.0	15.0
1	2011	275	19176.0	 22.0	 29.0	3.000	 1.0	 5.0
1	2011	276	18327.0	 22.0	 29.0	3.000	 1.0	 9.0
1	2011	277	18734.0	 22.0	 29.0	3.000	 1.0	 5.0
1	2011	278	19181.0	 22.0	 29.0	3.000	 2.0	 4.0
1	2011	279	18256.0	 23.0	 29.0	3.000	 1.0	 5.0
1	2011	280	13255.0	 23.0	 27.0	3.000	 1.0	17.0
1	2011	281	12517.0	 22.0	 27.0	3.000	 1.0	 8.0
1	2011	282	16333.0	 22.0	 28.0	3.000	 1.0	23.0
1	2011	283	14763.0	 22.0	 28.0	3.000	 1.0	14.0
1	2011	284	16879.0	 22.0	 28.0	3.000	 1.0	 4.0
1	2011	285	16531.0	 21.0	 28.0	3.000	 1.0	10.0
1	2011	286	11767.0	 22.0	 26.0	3.000	 1.0	20.0
1	2011	287	20996.0	 22.0	 29.0	3.000	 1.0	 4.0
1	2011	288	15181.0	 22.0	 27.0	3.000	 1.0	16.0
1	2011	289	14278.0	 21.0	 29.0	3.000	 1.0	 0.0
1	2011	290	20543.0	 21.0	 29.0	3.000	 1.0	 2.0
1	2011	291	18596.0	 22.0	 29.0	3.000	 2.0	 9.0
1	2011	292	20201.0	 22.0	 30.0	3.000	 1.0	 4.0
1	2011	293	18391.0	 22.0	 29.0	3.000	 1.0	16.0
1	2011	294	17040.0	 23.0	 29.0	3.000	 1.0	 8.0
1	2011	295	10085.0	 21.0	 25.0	3.000	 0.0	22.0
1	2011	296	13612.0	 22.0	 27.0	3.000	 0.0	 6.0
1	2011	297	20300.0	 21.0	 29.0	3.000	 0.0	 8.0
1	2011	298	14346.0	 22.0	 28.0	3.000	 2.0	10.0
1	2011	299	12133.0	 22.0	 27.0	3.000	 1.0	18.0
1	2011	300	19423.0	 21.0	 29.0	3.000	 1.0	 2.0
1	2011	301	21938.0	 21.0	 29.0	3.000	 2.0	 1.0
1	2011	302	21618.0	 21.0	 30.0	3.000	 1.0	 0.0
1	2011	303	21659.0	 22.0	 30.0	3.000	 1.0	 4.0
1	2011	304	20349.0	 22.0	 30.0	3.000	 2.0	 1.0
1	2011	305	19241.0	 23.0	 29.0	3.000	 2.0	 1.0
1	2011	306	18686.0	 23.0	 29.0	3.000	 1.0	 7.0
1	2011	307	18760.0	 22.0	 29.0	3.000	 1.0	 2.0
1	2011	308	19633.0	 22.0	 29.0	3.000	 1.0	 2.0
1	2011	309	18689.0	 22.0	 29.0	3.000	 1.0	 1.0
1	2011	310	19614.0	 21.0	 29.0	3.000	 1.0	 2.0
1	2011	311	20076.0	 23.0	 30.0	3.000	 2.0	 3.0
1	2011	312	20411.0	 23.0	 30.0	3.000	 2.0	 2.0
1	2011	313	20862.0	 22.0	 30.0	3.000	 2.0	 0.0
1	2011	314	20882.0	 22.0	 30.0	3.000	 1.0	 4.0
1	2011	315	18598.0	 23.0	 29.0	3.000	 1.0	 2.0
1	2011	316	20291.0	 22.0	 29.0	3.000	 1.0	 1.0
1	2011	317	19039.0	 23.0	 29.0	3.000	 1.0	 2.0
1	2011	318	18123.0	 23.0	 29.0	3.000	 1.0	 4.0
1	2011	319	20898.0	 22.0	 31.0	3.000	 1.0	 0.0
1	2011	320	19881.0	 23.0	 30.0	3.000	 1.0	 2.0
1	2011	321	19170.0	 22.0	 30.0	3.000	 1.0	 2.0
1	2011	322	19640.0	 23.0	 30.0	3.000	 1.0	 2.0
1	2011	323	19843.0	 23.0	 30.0	3.000	 2.0	 1.0
1	2011	324	19848.0	 23.0	 32.0	3.000	 2.0	 0.0
1	2011	325	20106.0	 23.0	 32.0	3.000	 1.0	 0.0
1	2011	326	20560.0	 23.0	 30.0	3.000	 1.0	 1.0
1	2011	327	19473.0	 23.0	 30.0	3.000	 2.0	 1.0
1	2011	328	18760.0	 23.0	 30.0	3.000	 2.0	 1.0
1	2011	329	19787.0	 23.0	 30.0	3.000	 1.0	 0.0
1	2011	330	19906.0	 22.0	 30.0	3.000	 1.0	 0.0
1	2011	331	19699.0	 22.0	 30.0	3.000	 1.0	 0.0
1	2011	332	19355.0	 22.0	 30.0	3.000	 1.0	 2.0
1	2011	333	20591.0	 23.0	 32.0	3.000	 1.0	 0.0
1	2011	334	21030.0	 21.0	 32.0	2.000	 1.0	 0.0
1	2011	335	21715.0	 21.0	 32.0	2.000	 1.0	 0.0
1	2011	336	22696.0	 20.0	 32.0	2.000	 0.0	 0.0
1	2011	337	22249.0	 21.0	 31.0	2.000	 0.0	 0.0
1	2011	338	22490.0	 20.0	 32.0	2.000	 1.0	 0.0
1	2011	339	19511.0	 22.0	 30.0	3.000	 1.0	 0.0
1	2011	340	20083.0	 22.0	 32.0	2.000	 1.0	 0.0
1	2011	341	19988.0	 22.0	 32.0	3.000	 1.0	 0.0
1	2011	342	20566.0	 21.0	 32.0	3.000	 1.0	 0.0
1	2011	343	21568.0	 21.0	 32.0	2.000	 1.0	 0.0
1	2011	344	20186.0	 22.0	 31.0	2.000	 0.0	 0.0
1	2011	345	22172.0	 21.0	 32.0	2.000	 0.0	 0.0
1	2011	346	22070.0	 20.0	 32.0	2.000	 0.0	 0.0
1	2011	347	22336.0	 19.0	 33.0	1.000	 1.0	 0.0
1	2011	348	21929.0	 20.0	 32.0	2.000	 1.0	 0.0
1	2011	349	21630.0	 20.0	 32.0	2.000	 0.0	 0.0
1	2011	350	22429.0	 20.0	 33.0	1.000	 1.0	 0.0
1	2011	351	21237.0	 19.0	 32.0	2.000	 1.0	 0.0
1	2011	352	19737.0	 21.0	 32.0	2.000	 1.0	 0.0
1	2011	353	19978.0	 22.0	 32.0	2.000	 1.0	 0.0
1	2011	354	19569.0	 22.0	 32.0	3.000	 1.0	 0.0
1	2011	355	19338.0	 23.0	 31.0	3.000	 1.0	 0.0
1	2011	356	18981.0	 22.0	 31.0	3.000	 1.0	 0.0
1	2011	357	20034.0	 22.0	 32.0	2.000	 1.0	 0.0
1	2011	358	20802.0	 22.0	 32.0	2.000	 1.0	 0.0
1	2011	359	19049.0	 22.0	 32.0	2.000	 1.0	 0.0
1	2011	360	17986.0	 23.0	 31.0	3.000	 1.0	 0.0
1	2011	361	19035.0	 23.0	 32.0	3.000	 1.0	 0.0
1	2011	362	18598.0	 23.0	 32.0	3.000	 1.0	 0.0
1	2011	363	20391.0	 23.0	 32.0	2.000	 1.0	 0.0
1	2011	364	21663.0	 22.0	 33.0	2.000	 1.0	 0.0
1	2011	365	22152.0	 21.0	 33.0	1.000	 0.0	 0.0
