*---------------------------------------------------
* Station: Upper_East
* Year: 2018
* Origin: ERA5-Reanalysis
* Columns & units
* ===================
* 1. station number
* 2. year
* 3. Day of Year
* 4. Irradiance   (kJ路m-2路d-1)
* 5. Daily minimum temperature (degC)
* 6. Daily maximum temperature (degC)
* 7. Vapour pressure (kPa)
* 8. Mean wind speed (m路s-1)
* 9. Precipitation (mm路d-1)
** WCCDESCRIPTION=Upper_East
** WCCFORMAT=2
** WCCYEARNR=2018
*------------------------------------------------------------*
-0.81  10.78  204.00 -0.18  -0.55
1	2018	1	21270.0	 20.0	 34.0	1.000	 4.0	 0.0
1	2018	2	21020.0	 20.0	 34.0	1.000	 4.0	 0.0
1	2018	3	20960.0	 20.0	 34.0	1.000	 3.0	 0.0
1	2018	4	21096.0	 20.0	 33.0	1.000	 3.0	 0.0
1	2018	5	21587.0	 19.0	 33.0	1.000	 3.0	 0.0
1	2018	6	21607.0	 18.0	 34.0	1.000	 3.0	 0.0
1	2018	7	20958.0	 18.0	 34.0	1.000	 1.0	 0.0
1	2018	8	21267.0	 19.0	 36.0	1.000	 3.0	 0.0
1	2018	9	21745.0	 20.0	 36.0	1.000	 4.0	 0.0
1	2018	10	22105.0	 20.0	 35.0	1.000	 3.0	 0.0
1	2018	11	22056.0	 19.0	 34.0	1.000	 3.0	 0.0
1	2018	12	22123.0	 19.0	 34.0	1.000	 3.0	 0.0
1	2018	13	22331.0	 19.0	 34.0	1.000	 3.0	 0.0
1	2018	14	22514.0	 18.0	 34.0	1.000	 3.0	 0.0
1	2018	15	21837.0	 19.0	 35.0	1.000	 3.0	 0.0
1	2018	16	21578.0	 21.0	 36.0	1.000	 3.0	 0.0
1	2018	17	21371.0	 22.0	 37.0	1.000	 3.0	 0.0
1	2018	18	22041.0	 20.0	 36.0	1.000	 3.0	 0.0
1	2018	19	22950.0	 18.0	 34.0	1.000	 3.0	 0.0
1	2018	20	22387.0	 18.0	 35.0	1.000	 3.0	 0.0
1	2018	21	22415.0	 20.0	 36.0	1.000	 3.0	 0.0
1	2018	22	22727.0	 20.0	 35.0	0.000	 3.0	 0.0
1	2018	23	22673.0	 20.0	 35.0	1.000	 4.0	 0.0
1	2018	24	22561.0	 20.0	 35.0	1.000	 4.0	 0.0
1	2018	25	21121.0	 20.0	 34.0	1.000	 3.0	 0.0
1	2018	26	22227.0	 20.0	 35.0	1.000	 3.0	 0.0
1	2018	27	22162.0	 21.0	 36.0	1.000	 3.0	 0.0
1	2018	28	21389.0	 22.0	 37.0	1.000	 3.0	 0.0
1	2018	29	20611.0	 23.0	 37.0	1.000	 3.0	 0.0
1	2018	30	21972.0	 22.0	 35.0	1.000	 4.0	 0.0
1	2018	31	22720.0	 20.0	 36.0	1.000	 3.0	 0.0
1	2018	32	22727.0	 20.0	 37.0	1.000	 2.0	 0.0
1	2018	33	22374.0	 22.0	 38.0	1.000	 2.0	 0.0
1	2018	34	20458.0	 22.0	 37.0	1.000	 2.0	 0.0
1	2018	35	22478.0	 24.0	 39.0	1.000	 4.0	 0.0
1	2018	36	22907.0	 24.0	 40.0	1.000	 3.0	 0.0
1	2018	37	23130.0	 24.0	 39.0	1.000	 3.0	 0.0
1	2018	38	23374.0	 25.0	 39.0	1.000	 4.0	 0.0
1	2018	39	23125.0	 23.0	 39.0	1.000	 3.0	 0.0
1	2018	40	22694.0	 24.0	 37.0	1.000	 4.0	 0.0
1	2018	41	22669.0	 22.0	 36.0	1.000	 3.0	 0.0
1	2018	42	23073.0	 23.0	 36.0	1.000	 4.0	 0.0
1	2018	43	23253.0	 22.0	 35.0	1.000	 4.0	 0.0
1	2018	44	23420.0	 21.0	 36.0	1.000	 3.0	 0.0
1	2018	45	23357.0	 22.0	 38.0	1.000	 3.0	 0.0
1	2018	46	23489.0	 24.0	 39.0	1.000	 3.0	 0.0
1	2018	47	23477.0	 25.0	 39.0	1.000	 3.0	 0.0
1	2018	48	23862.0	 24.0	 39.0	1.000	 3.0	 0.0
1	2018	49	23296.0	 24.0	 39.0	1.000	 2.0	 0.0
1	2018	50	19834.0	 25.0	 37.0	2.000	 2.0	 0.0
1	2018	51	20152.0	 28.0	 38.0	2.000	 3.0	 0.0
1	2018	52	18540.0	 27.0	 38.0	2.000	 3.0	 1.0
1	2018	53	17166.0	 24.0	 36.0	2.000	 2.0	 3.0
1	2018	54	20036.0	 28.0	 38.0	2.000	 3.0	 1.0
1	2018	55	13984.0	 24.0	 32.0	3.000	 2.0	11.0
1	2018	56	13922.0	 25.0	 34.0	2.000	 1.0	 0.0
1	2018	57	18036.0	 25.0	 35.0	2.000	 1.0	 0.0
1	2018	58	19964.0	 26.0	 37.0	2.000	 1.0	 0.0
1	2018	59	22581.0	 25.0	 38.0	2.000	 1.0	 0.0
1	2018	60	21650.0	 25.0	 40.0	2.000	 2.0	 0.0
1	2018	61	24467.0	 25.0	 40.0	2.000	 2.0	 0.0
1	2018	62	24340.0	 22.0	 40.0	2.000	 1.0	 0.0
1	2018	63	23009.0	 24.0	 40.0	2.000	 2.0	 0.0
1	2018	64	22020.0	 26.0	 39.0	2.000	 1.0	 0.0
1	2018	65	22411.0	 26.0	 38.0	2.000	 1.0	 0.0
1	2018	66	21571.0	 28.0	 38.0	2.000	 2.0	 1.0
1	2018	67	19801.0	 27.0	 38.0	2.000	 2.0	 0.0
1	2018	68	22160.0	 27.0	 41.0	2.000	 1.0	 0.0
1	2018	69	22927.0	 27.0	 40.0	2.000	 2.0	 0.0
1	2018	70	22285.0	 28.0	 39.0	2.000	 2.0	 0.0
1	2018	71	21758.0	 28.0	 39.0	2.000	 3.0	 0.0
1	2018	72	22692.0	 29.0	 40.0	2.000	 3.0	 0.0
1	2018	73	21956.0	 28.0	 39.0	2.000	 2.0	 0.0
1	2018	74	20461.0	 29.0	 39.0	2.000	 2.0	 0.0
1	2018	75	22066.0	 27.0	 38.0	3.000	 3.0	 0.0
1	2018	76	21687.0	 27.0	 38.0	3.000	 2.0	 2.0
1	2018	77	18394.0	 26.0	 37.0	2.000	 3.0	 0.0
1	2018	78	23730.0	 27.0	 39.0	2.000	 2.0	 0.0
1	2018	79	21660.0	 28.0	 39.0	2.000	 3.0	 0.0
1	2018	80	19193.0	 29.0	 37.0	3.000	 3.0	 3.0
1	2018	81	20128.0	 26.0	 36.0	3.000	 2.0	 0.0
1	2018	82	22445.0	 27.0	 37.0	1.000	 2.0	 0.0
1	2018	83	22483.0	 23.0	 36.0	0.000	 3.0	 0.0
1	2018	84	24698.0	 22.0	 37.0	1.000	 2.0	 0.0
1	2018	85	26717.0	 21.0	 39.0	1.000	 2.0	 0.0
1	2018	86	26926.0	 23.0	 41.0	1.000	 2.0	 0.0
1	2018	87	26181.0	 23.0	 40.0	1.000	 1.0	 0.0
1	2018	88	23252.0	 28.0	 39.0	2.000	 3.0	 0.0
1	2018	89	22638.0	 27.0	 39.0	3.000	 2.0	 4.0
1	2018	90	24105.0	 26.0	 39.0	2.000	 1.0	 0.0
1	2018	91	26412.0	 27.0	 41.0	1.000	 2.0	 0.0
1	2018	92	26337.0	 24.0	 40.0	1.000	 1.0	 0.0
1	2018	93	24160.0	 27.0	 40.0	2.000	 2.0	 0.0
1	2018	94	23813.0	 28.0	 40.0	2.000	 3.0	 0.0
1	2018	95	24985.0	 27.0	 39.0	2.000	 3.0	 0.0
1	2018	96	23990.0	 28.0	 39.0	2.000	 2.0	 0.0
1	2018	97	24585.0	 28.0	 39.0	2.000	 3.0	 0.0
1	2018	98	24267.0	 26.0	 37.0	3.000	 3.0	 3.0
1	2018	99	21452.0	 25.0	 36.0	2.000	 3.0	 1.0
1	2018	100	17565.0	 26.0	 36.0	3.000	 4.0	 0.0
1	2018	101	22303.0	 26.0	 37.0	2.000	 3.0	 0.0
1	2018	102	23282.0	 27.0	 38.0	2.000	 3.0	 0.0
1	2018	103	22371.0	 28.0	 39.0	2.000	 3.0	 3.0
1	2018	104	22090.0	 26.0	 37.0	3.000	 3.0	 1.0
1	2018	105	23131.0	 25.0	 37.0	3.000	 2.0	 0.0
1	2018	106	25078.0	 26.0	 40.0	2.000	 1.0	 0.0
1	2018	107	25010.0	 28.0	 40.0	2.000	 2.0	 0.0
1	2018	108	25285.0	 29.0	 40.0	3.000	 3.0	 0.0
1	2018	109	24861.0	 27.0	 40.0	3.000	 3.0	 0.0
1	2018	110	24622.0	 28.0	 40.0	2.000	 3.0	 0.0
1	2018	111	20503.0	 27.0	 37.0	3.000	 3.0	 0.0
1	2018	112	24912.0	 27.0	 39.0	2.000	 3.0	 0.0
1	2018	113	23947.0	 28.0	 39.0	2.000	 3.0	 0.0
1	2018	114	25533.0	 28.0	 41.0	3.000	 3.0	 0.0
1	2018	115	24888.0	 29.0	 40.0	3.000	 4.0	 0.0
1	2018	116	22631.0	 28.0	 38.0	3.000	 4.0	 3.0
1	2018	117	23675.0	 27.0	 38.0	3.000	 2.0	 0.0
1	2018	118	25091.0	 26.0	 39.0	2.000	 3.0	 0.0
1	2018	119	23442.0	 28.0	 38.0	3.000	 3.0	 0.0
1	2018	120	24319.0	 26.0	 39.0	3.000	 4.0	 0.0
1	2018	121	24328.0	 28.0	 39.0	3.000	 3.0	 1.0
1	2018	122	24838.0	 26.0	 40.0	3.000	 3.0	 0.0
1	2018	123	24552.0	 28.0	 39.0	3.000	 4.0	 0.0
1	2018	124	23941.0	 28.0	 38.0	3.000	 4.0	 0.0
1	2018	125	23403.0	 28.0	 38.0	3.000	 3.0	 1.0
1	2018	126	20211.0	 26.0	 37.0	3.000	 4.0	 4.0
1	2018	127	25116.0	 26.0	 38.0	3.000	 3.0	 0.0
1	2018	128	25129.0	 27.0	 40.0	3.000	 3.0	 0.0
1	2018	129	22655.0	 28.0	 39.0	3.000	 4.0	 2.0
1	2018	130	24219.0	 26.0	 38.0	3.000	 2.0	11.0
1	2018	131	8234.0	 26.0	 29.0	3.000	 1.0	 3.0
1	2018	132	17773.0	 25.0	 33.0	3.000	 2.0	 0.0
1	2018	133	24634.0	 25.0	 36.0	3.000	 3.0	 1.0
1	2018	134	21238.0	 26.0	 36.0	3.000	 3.0	 0.0
1	2018	135	24926.0	 26.0	 37.0	3.000	 3.0	 1.0
1	2018	136	23702.0	 27.0	 37.0	3.000	 3.0	 0.0
1	2018	137	21448.0	 26.0	 36.0	3.000	 3.0	 0.0
1	2018	138	23324.0	 26.0	 37.0	3.000	 3.0	 1.0
1	2018	139	24499.0	 26.0	 38.0	3.000	 3.0	 1.0
1	2018	140	24895.0	 27.0	 38.0	3.000	 3.0	 0.0
1	2018	141	25186.0	 27.0	 38.0	3.000	 4.0	 0.0
1	2018	142	24103.0	 27.0	 37.0	3.000	 3.0	 0.0
1	2018	143	23344.0	 27.0	 37.0	3.000	 4.0	 0.0
1	2018	144	23199.0	 27.0	 37.0	3.000	 3.0	 0.0
1	2018	145	25093.0	 27.0	 38.0	3.000	 4.0	 0.0
1	2018	146	14150.0	 26.0	 32.0	3.000	 4.0	 8.0
1	2018	147	21134.0	 24.0	 33.0	3.000	 3.0	 0.0
1	2018	148	20409.0	 25.0	 34.0	3.000	 2.0	 1.0
1	2018	149	21314.0	 25.0	 35.0	3.000	 2.0	 3.0
1	2018	150	22059.0	 26.0	 35.0	3.000	 3.0	 0.0
1	2018	151	22296.0	 25.0	 35.0	3.000	 3.0	 0.0
1	2018	152	22660.0	 26.0	 35.0	3.000	 2.0	 1.0
1	2018	153	21102.0	 24.0	 34.0	3.000	 2.0	 1.0
1	2018	154	18420.0	 26.0	 32.0	3.000	 2.0	 7.0
1	2018	155	22577.0	 25.0	 33.0	3.000	 2.0	 0.0
1	2018	156	25207.0	 26.0	 35.0	3.000	 2.0	 0.0
1	2018	157	14559.0	 26.0	 33.0	3.000	 1.0	 0.0
1	2018	158	18929.0	 24.0	 34.0	3.000	 3.0	 0.0
1	2018	159	25202.0	 26.0	 36.0	3.000	 2.0	 0.0
1	2018	160	20956.0	 27.0	 36.0	3.000	 4.0	 0.0
1	2018	161	15074.0	 25.0	 33.0	3.000	 4.0	 0.0
1	2018	162	20283.0	 25.0	 34.0	3.000	 2.0	 0.0
1	2018	163	21928.0	 25.0	 34.0	3.000	 2.0	 0.0
1	2018	164	24137.0	 26.0	 37.0	3.000	 2.0	 1.0
1	2018	165	23365.0	 27.0	 36.0	3.000	 4.0	 1.0
1	2018	166	24058.0	 26.0	 37.0	3.000	 3.0	 1.0
1	2018	167	22901.0	 26.0	 37.0	3.000	 3.0	 1.0
1	2018	168	16499.0	 26.0	 33.0	3.000	 3.0	 5.0
1	2018	169	18970.0	 24.0	 32.0	3.000	 3.0	 7.0
1	2018	170	12416.0	 23.0	 30.0	3.000	 4.0	 9.0
1	2018	171	19381.0	 25.0	 32.0	3.000	 4.0	 0.0
1	2018	172	14718.0	 24.0	 30.0	3.000	 4.0	 3.0
1	2018	173	17051.0	 23.0	 31.0	3.000	 4.0	 2.0
1	2018	174	15099.0	 24.0	 30.0	3.000	 4.0	 6.0
1	2018	175	4435.0	 23.0	 24.0	3.000	 2.0	23.0
1	2018	176	18633.0	 23.0	 30.0	3.000	 2.0	 2.0
1	2018	177	22937.0	 23.0	 32.0	3.000	 1.0	 0.0
1	2018	178	14559.0	 23.0	 31.0	3.000	 3.0	 0.0
1	2018	179	17386.0	 23.0	 31.0	3.000	 2.0	 2.0
1	2018	180	18527.0	 24.0	 31.0	3.000	 2.0	 2.0
1	2018	181	16700.0	 22.0	 30.0	3.000	 2.0	13.0
1	2018	182	12301.0	 23.0	 28.0	3.000	 2.0	21.0
1	2018	183	17419.0	 23.0	 30.0	3.000	 2.0	 1.0
1	2018	184	16212.0	 23.0	 29.0	3.000	 1.0	12.0
1	2018	185	17773.0	 22.0	 30.0	3.000	 3.0	 1.0
1	2018	186	21494.0	 23.0	 31.0	3.000	 2.0	 2.0
1	2018	187	16408.0	 23.0	 29.0	3.000	 2.0	 1.0
1	2018	188	19001.0	 23.0	 30.0	3.000	 2.0	 0.0
1	2018	189	22840.0	 23.0	 31.0	3.000	 2.0	14.0
1	2018	190	21438.0	 23.0	 30.0	3.000	 2.0	 7.0
1	2018	191	19633.0	 23.0	 31.0	3.000	 2.0	 0.0
1	2018	192	19488.0	 24.0	 30.0	3.000	 2.0	15.0
1	2018	193	16464.0	 23.0	 29.0	3.000	 2.0	 3.0
1	2018	194	16399.0	 23.0	 30.0	3.000	 2.0	 1.0
1	2018	195	22308.0	 23.0	 32.0	3.000	 3.0	 0.0
1	2018	196	15846.0	 24.0	 30.0	3.000	 3.0	 1.0
1	2018	197	15728.0	 23.0	 30.0	3.000	 3.0	 1.0
1	2018	198	11020.0	 23.0	 28.0	3.000	 2.0	19.0
1	2018	199	20791.0	 22.0	 30.0	3.000	 2.0	 6.0
1	2018	200	21720.0	 23.0	 31.0	3.000	 2.0	 2.0
1	2018	201	18274.0	 24.0	 30.0	3.000	 2.0	 4.0
1	2018	202	12297.0	 23.0	 27.0	3.000	 3.0	10.0
1	2018	203	14955.0	 23.0	 29.0	3.000	 2.0	 8.0
1	2018	204	21191.0	 22.0	 31.0	3.000	 2.0	 0.0
1	2018	205	20094.0	 24.0	 32.0	3.000	 3.0	 9.0
1	2018	206	10090.0	 23.0	 29.0	3.000	 3.0	 4.0
1	2018	207	13096.0	 23.0	 28.0	3.000	 3.0	15.0
1	2018	208	9942.0	 23.0	 28.0	3.000	 2.0	 1.0
1	2018	209	21311.0	 22.0	 30.0	3.000	 2.0	 1.0
1	2018	210	12367.0	 23.0	 29.0	3.000	 3.0	 6.0
1	2018	211	13153.0	 23.0	 27.0	3.000	 3.0	11.0
1	2018	212	13652.0	 23.0	 28.0	3.000	 2.0	 6.0
1	2018	213	21951.0	 22.0	 29.0	3.000	 2.0	 0.0
1	2018	214	18028.0	 23.0	 30.0	3.000	 2.0	 2.0
1	2018	215	5740.0	 22.0	 27.0	3.000	 2.0	17.0
1	2018	216	16095.0	 22.0	 29.0	3.000	 3.0	 3.0
1	2018	217	19443.0	 22.0	 29.0	3.000	 2.0	 3.0
1	2018	218	18032.0	 23.0	 30.0	3.000	 2.0	 4.0
1	2018	219	11980.0	 23.0	 28.0	3.000	 2.0	 6.0
1	2018	220	18381.0	 22.0	 29.0	3.000	 3.0	 1.0
1	2018	221	20080.0	 23.0	 30.0	3.000	 2.0	 2.0
1	2018	222	18429.0	 23.0	 30.0	3.000	 2.0	 7.0
1	2018	223	14352.0	 23.0	 28.0	3.000	 2.0	 5.0
1	2018	224	21524.0	 23.0	 30.0	3.000	 2.0	 3.0
1	2018	225	13382.0	 23.0	 28.0	3.000	 2.0	11.0
1	2018	226	10755.0	 22.0	 26.0	3.000	 1.0	 5.0
1	2018	227	20117.0	 22.0	 30.0	3.000	 2.0	 1.0
1	2018	228	23000.0	 23.0	 31.0	3.000	 2.0	 2.0
1	2018	229	16165.0	 23.0	 30.0	3.000	 2.0	12.0
1	2018	230	8784.0	 23.0	 27.0	3.000	 2.0	15.0
1	2018	231	12633.0	 22.0	 28.0	3.000	 2.0	 7.0
1	2018	232	19487.0	 22.0	 30.0	3.000	 3.0	 5.0
1	2018	233	8280.0	 23.0	 28.0	3.000	 1.0	10.0
1	2018	234	15177.0	 22.0	 29.0	3.000	 2.0	15.0
1	2018	235	19407.0	 23.0	 29.0	3.000	 2.0	 9.0
1	2018	236	16642.0	 23.0	 29.0	3.000	 2.0	13.0
1	2018	237	9272.0	 23.0	 27.0	3.000	 2.0	49.0
1	2018	238	11167.0	 23.0	 26.0	3.000	 3.0	 6.0
1	2018	239	14023.0	 22.0	 29.0	3.000	 2.0	10.0
1	2018	240	18477.0	 22.0	 30.0	3.000	 2.0	14.0
1	2018	241	8949.0	 23.0	 27.0	3.000	 2.0	13.0
1	2018	242	19708.0	 22.0	 30.0	3.000	 2.0	16.0
1	2018	243	12002.0	 22.0	 27.0	3.000	 1.0	35.0
1	2018	244	10470.0	 22.0	 27.0	3.000	 2.0	 9.0
1	2018	245	15294.0	 22.0	 28.0	3.000	 2.0	 5.0
1	2018	246	17892.0	 22.0	 29.0	3.000	 2.0	 9.0
1	2018	247	11846.0	 22.0	 27.0	3.000	 1.0	21.0
1	2018	248	18762.0	 22.0	 29.0	3.000	 2.0	 3.0
1	2018	249	19065.0	 23.0	 30.0	3.000	 2.0	 1.0
1	2018	250	13939.0	 23.0	 29.0	3.000	 2.0	 1.0
1	2018	251	11075.0	 22.0	 27.0	3.000	 1.0	 8.0
1	2018	252	19472.0	 22.0	 29.0	3.000	 2.0	 5.0
1	2018	253	15911.0	 22.0	 29.0	3.000	 2.0	12.0
1	2018	254	15096.0	 22.0	 29.0	3.000	 1.0	25.0
1	2018	255	17060.0	 21.0	 29.0	3.000	 1.0	 2.0
1	2018	256	24933.0	 22.0	 31.0	3.000	 1.0	 0.0
1	2018	257	24115.0	 23.0	 31.0	3.000	 2.0	 1.0
1	2018	258	22898.0	 23.0	 30.0	3.000	 2.0	 2.0
1	2018	259	12636.0	 23.0	 28.0	3.000	 1.0	10.0
1	2018	260	23467.0	 22.0	 31.0	3.000	 1.0	 0.0
1	2018	261	20500.0	 23.0	 31.0	3.000	 1.0	 0.0
1	2018	262	22013.0	 23.0	 31.0	3.000	 1.0	 2.0
1	2018	263	23032.0	 23.0	 31.0	3.000	 1.0	 2.0
1	2018	264	19531.0	 24.0	 30.0	3.000	 2.0	 6.0
1	2018	265	13996.0	 23.0	 28.0	3.000	 1.0	 5.0
1	2018	266	17850.0	 23.0	 30.0	3.000	 1.0	 2.0
1	2018	267	23577.0	 22.0	 32.0	3.000	 1.0	 0.0
1	2018	268	16786.0	 23.0	 30.0	3.000	 1.0	 1.0
1	2018	269	21671.0	 23.0	 31.0	3.000	 2.0	 1.0
1	2018	270	22161.0	 23.0	 31.0	3.000	 2.0	 0.0
1	2018	271	19142.0	 23.0	 31.0	3.000	 2.0	 1.0
1	2018	272	23013.0	 23.0	 31.0	3.000	 1.0	 1.0
1	2018	273	16266.0	 24.0	 30.0	3.000	 2.0	 1.0
1	2018	274	18844.0	 23.0	 30.0	3.000	 2.0	 4.0
1	2018	275	21407.0	 23.0	 31.0	3.000	 2.0	 1.0
1	2018	276	19775.0	 23.0	 31.0	3.000	 2.0	 1.0
1	2018	277	17862.0	 24.0	 31.0	3.000	 2.0	 0.0
1	2018	278	14692.0	 24.0	 31.0	3.000	 1.0	 0.0
1	2018	279	12521.0	 23.0	 29.0	3.000	 2.0	 9.0
1	2018	280	21506.0	 22.0	 32.0	3.000	 1.0	 0.0
1	2018	281	19136.0	 24.0	 32.0	3.000	 1.0	 2.0
1	2018	282	18908.0	 24.0	 32.0	3.000	 2.0	 0.0
1	2018	283	22536.0	 23.0	 32.0	3.000	 1.0	 0.0
1	2018	284	15824.0	 23.0	 31.0	3.000	 1.0	 8.0
1	2018	285	23190.0	 23.0	 32.0	3.000	 1.0	 1.0
1	2018	286	18242.0	 23.0	 30.0	3.000	 3.0	 1.0
1	2018	287	21654.0	 23.0	 31.0	3.000	 2.0	 2.0
1	2018	288	19668.0	 23.0	 31.0	3.000	 1.0	10.0
1	2018	289	21608.0	 23.0	 31.0	3.000	 1.0	 2.0
1	2018	290	19159.0	 23.0	 32.0	3.000	 2.0	 0.0
1	2018	291	23233.0	 24.0	 33.0	3.000	 2.0	 0.0
1	2018	292	23166.0	 24.0	 33.0	3.000	 2.0	 0.0
1	2018	293	23414.0	 24.0	 34.0	3.000	 1.0	 0.0
1	2018	294	21913.0	 22.0	 34.0	3.000	 2.0	 0.0
1	2018	295	24254.0	 23.0	 35.0	3.000	 1.0	 0.0
1	2018	296	23098.0	 23.0	 35.0	3.000	 1.0	 0.0
1	2018	297	23800.0	 24.0	 35.0	3.000	 2.0	 0.0
1	2018	298	22548.0	 24.0	 34.0	3.000	 3.0	 0.0
1	2018	299	22131.0	 24.0	 34.0	3.000	 2.0	 0.0
1	2018	300	22108.0	 25.0	 35.0	3.000	 2.0	 0.0
1	2018	301	20283.0	 24.0	 33.0	3.000	 2.0	 4.0
1	2018	302	13783.0	 24.0	 30.0	3.000	 1.0	12.0
1	2018	303	18635.0	 24.0	 31.0	3.000	 1.0	 0.0
1	2018	304	20554.0	 24.0	 34.0	3.000	 1.0	 0.0
1	2018	305	22051.0	 23.0	 35.0	3.000	 0.0	 0.0
1	2018	306	21292.0	 23.0	 34.0	3.000	 2.0	 0.0
1	2018	307	20571.0	 23.0	 33.0	3.000	 2.0	 0.0
1	2018	308	20427.0	 23.0	 33.0	3.000	 2.0	 0.0
1	2018	309	20700.0	 23.0	 34.0	3.000	 2.0	 0.0
1	2018	310	21020.0	 24.0	 35.0	2.000	 1.0	 0.0
1	2018	311	19840.0	 24.0	 35.0	2.000	 2.0	 0.0
1	2018	312	21650.0	 24.0	 36.0	2.000	 2.0	 0.0
1	2018	313	21975.0	 24.0	 36.0	2.000	 1.0	 0.0
1	2018	314	22508.0	 22.0	 35.0	2.000	 1.0	 0.0
1	2018	315	22162.0	 22.0	 36.0	2.000	 2.0	 0.0
1	2018	316	22879.0	 22.0	 36.0	2.000	 1.0	 0.0
1	2018	317	22862.0	 21.0	 36.0	2.000	 1.0	 0.0
1	2018	318	22790.0	 20.0	 36.0	2.000	 1.0	 0.0
1	2018	319	22267.0	 20.0	 36.0	2.000	 1.0	 0.0
1	2018	320	22168.0	 21.0	 36.0	2.000	 2.0	 0.0
1	2018	321	20671.0	 23.0	 35.0	2.000	 2.0	 0.0
1	2018	322	18683.0	 25.0	 34.0	3.000	 2.0	 0.0
1	2018	323	20004.0	 25.0	 36.0	2.000	 1.0	 0.0
1	2018	324	16069.0	 25.0	 36.0	2.000	 1.0	 0.0
1	2018	325	20623.0	 23.0	 37.0	2.000	 1.0	 0.0
1	2018	326	22087.0	 21.0	 36.0	2.000	 1.0	 0.0
1	2018	327	22330.0	 20.0	 36.0	1.000	 1.0	 0.0
1	2018	328	22172.0	 20.0	 36.0	1.000	 2.0	 0.0
1	2018	329	21987.0	 22.0	 36.0	1.000	 1.0	 0.0
1	2018	330	21849.0	 22.0	 37.0	1.000	 2.0	 0.0
1	2018	331	22134.0	 20.0	 36.0	1.000	 2.0	 0.0
1	2018	332	21631.0	 20.0	 36.0	1.000	 2.0	 0.0
1	2018	333	21475.0	 21.0	 36.0	1.000	 3.0	 0.0
1	2018	334	21980.0	 22.0	 36.0	1.000	 3.0	 0.0
1	2018	335	21812.0	 20.0	 35.0	1.000	 3.0	 0.0
1	2018	336	20514.0	 21.0	 35.0	1.000	 3.0	 0.0
1	2018	337	19373.0	 21.0	 35.0	1.000	 3.0	 0.0
1	2018	338	21042.0	 21.0	 36.0	1.000	 3.0	 0.0
1	2018	339	21049.0	 22.0	 35.0	1.000	 3.0	 0.0
1	2018	340	21177.0	 22.0	 36.0	1.000	 4.0	 0.0
1	2018	341	21081.0	 22.0	 35.0	1.000	 3.0	 0.0
1	2018	342	21551.0	 20.0	 35.0	1.000	 3.0	 0.0
1	2018	343	21317.0	 20.0	 35.0	1.000	 3.0	 0.0
1	2018	344	21093.0	 21.0	 35.0	1.000	 3.0	 0.0
1	2018	345	21021.0	 21.0	 34.0	1.000	 3.0	 0.0
1	2018	346	20839.0	 20.0	 35.0	1.000	 3.0	 0.0
1	2018	347	20834.0	 22.0	 36.0	1.000	 3.0	 0.0
1	2018	348	21012.0	 22.0	 36.0	1.000	 3.0	 0.0
1	2018	349	20937.0	 21.0	 36.0	1.000	 3.0	 0.0
1	2018	350	21006.0	 21.0	 36.0	1.000	 3.0	 0.0
1	2018	351	20952.0	 20.0	 36.0	1.000	 3.0	 0.0
1	2018	352	21005.0	 21.0	 35.0	1.000	 3.0	 0.0
1	2018	353	21069.0	 20.0	 35.0	1.000	 3.0	 0.0
1	2018	354	21007.0	 21.0	 35.0	1.000	 3.0	 0.0
1	2018	355	21069.0	 21.0	 35.0	1.000	 3.0	 0.0
1	2018	356	21115.0	 20.0	 34.0	1.000	 3.0	 0.0
1	2018	357	21280.0	 20.0	 34.0	1.000	 3.0	 0.0
1	2018	358	21355.0	 19.0	 34.0	1.000	 3.0	 0.0
1	2018	359	21389.0	 19.0	 34.0	1.000	 3.0	 0.0
1	2018	360	21186.0	 19.0	 33.0	1.000	 3.0	 0.0
1	2018	361	21188.0	 19.0	 34.0	1.000	 3.0	 0.0
1	2018	362	20810.0	 21.0	 35.0	1.000	 3.0	 0.0
1	2018	363	20435.0	 22.0	 36.0	1.000	 3.0	 0.0
1	2018	364	18460.0	 22.0	 36.0	1.000	 3.0	 0.0
1	2018	365	20587.0	 22.0	 36.0	1.000	 4.0	 0.0
