*---------------------------------------------------
* Station: Upper_East
* Year: 2011
* Origin: ERA5-Reanalysis
* Columns & units
* ===================
* 1. station number
* 2. year
* 3. Day of Year
* 4. Irradiance   (kJ路m-2路d-1)
* 5. Daily minimum temperature (degC)
* 6. Daily maximum temperature (degC)
* 7. Vapour pressure (kPa)
* 8. Mean wind speed (m路s-1)
* 9. Precipitation (mm路d-1)
** WCCDESCRIPTION=Upper_East
** WCCFORMAT=2
** WCCYEARNR=2011
*------------------------------------------------------------*
-0.81  10.78  204.00 -0.18  -0.55
1	2011	1	20893.0	 18.0	 32.0	1.000	 3.0	 0.0
1	2011	2	20933.0	 18.0	 33.0	1.000	 3.0	 0.0
1	2011	3	20893.0	 19.0	 34.0	1.000	 3.0	 0.0
1	2011	4	20901.0	 20.0	 35.0	1.000	 3.0	 0.0
1	2011	5	20953.0	 20.0	 35.0	1.000	 3.0	 0.0
1	2011	6	21045.0	 21.0	 35.0	1.000	 3.0	 0.0
1	2011	7	21307.0	 21.0	 34.0	1.000	 4.0	 0.0
1	2011	8	21573.0	 20.0	 34.0	1.000	 4.0	 0.0
1	2011	9	21496.0	 19.0	 32.0	1.000	 4.0	 0.0
1	2011	10	21397.0	 19.0	 33.0	1.000	 3.0	 0.0
1	2011	11	21402.0	 19.0	 34.0	1.000	 3.0	 0.0
1	2011	12	21667.0	 19.0	 33.0	1.000	 3.0	 0.0
1	2011	13	21714.0	 18.0	 34.0	1.000	 3.0	 0.0
1	2011	14	21560.0	 19.0	 34.0	1.000	 3.0	 0.0
1	2011	15	21652.0	 20.0	 34.0	1.000	 4.0	 0.0
1	2011	16	21336.0	 20.0	 33.0	1.000	 4.0	 0.0
1	2011	17	21609.0	 19.0	 32.0	1.000	 4.0	 0.0
1	2011	18	21673.0	 18.0	 32.0	1.000	 3.0	 0.0
1	2011	19	22232.0	 17.0	 33.0	1.000	 3.0	 0.0
1	2011	20	22170.0	 18.0	 34.0	1.000	 3.0	 0.0
1	2011	21	21880.0	 19.0	 35.0	1.000	 3.0	 0.0
1	2011	22	21913.0	 20.0	 36.0	1.000	 2.0	 0.0
1	2011	23	21924.0	 21.0	 36.0	1.000	 3.0	 0.0
1	2011	24	22110.0	 21.0	 37.0	1.000	 3.0	 0.0
1	2011	25	21649.0	 20.0	 36.0	1.000	 3.0	 0.0
1	2011	26	22109.0	 21.0	 37.0	1.000	 2.0	 0.0
1	2011	27	21024.0	 21.0	 37.0	2.000	 1.0	 0.0
1	2011	28	22650.0	 22.0	 38.0	1.000	 3.0	 0.0
1	2011	29	22656.0	 23.0	 38.0	1.000	 3.0	 0.0
1	2011	30	22200.0	 19.0	 37.0	1.000	 1.0	 0.0
1	2011	31	21386.0	 21.0	 37.0	2.000	 1.0	 0.0
1	2011	32	21769.0	 21.0	 38.0	1.000	 1.0	 0.0
1	2011	33	20265.0	 25.0	 37.0	2.000	 2.0	 0.0
1	2011	34	19661.0	 25.0	 36.0	2.000	 2.0	 0.0
1	2011	35	21091.0	 24.0	 34.0	1.000	 5.0	 0.0
1	2011	36	22363.0	 22.0	 34.0	0.000	 4.0	 0.0
1	2011	37	21507.0	 22.0	 35.0	1.000	 3.0	 0.0
1	2011	38	22345.0	 23.0	 36.0	1.000	 3.0	 0.0
1	2011	39	22933.0	 23.0	 37.0	1.000	 3.0	 0.0
1	2011	40	23050.0	 23.0	 38.0	1.000	 3.0	 0.0
1	2011	41	22449.0	 24.0	 38.0	1.000	 2.0	 0.0
1	2011	42	19332.0	 24.0	 37.0	2.000	 2.0	 0.0
1	2011	43	20651.0	 25.0	 39.0	2.000	 0.0	 0.0
1	2011	44	21339.0	 24.0	 37.0	1.000	 1.0	 0.0
1	2011	45	16123.0	 24.0	 35.0	1.000	 2.0	 0.0
1	2011	46	21411.0	 25.0	 37.0	1.000	 3.0	 0.0
1	2011	47	23168.0	 23.0	 38.0	1.000	 2.0	 0.0
1	2011	48	23438.0	 23.0	 39.0	1.000	 3.0	 0.0
1	2011	49	22327.0	 23.0	 38.0	1.000	 3.0	 0.0
1	2011	50	22863.0	 25.0	 39.0	1.000	 3.0	 0.0
1	2011	51	22779.0	 26.0	 41.0	1.000	 3.0	 0.0
1	2011	52	22624.0	 25.0	 40.0	1.000	 1.0	 0.0
1	2011	53	23156.0	 24.0	 39.0	1.000	 1.0	 0.0
1	2011	54	21075.0	 24.0	 38.0	2.000	 1.0	 0.0
1	2011	55	22173.0	 27.0	 38.0	2.000	 1.0	 0.0
1	2011	56	22786.0	 26.0	 39.0	1.000	 0.0	 0.0
1	2011	57	21063.0	 26.0	 37.0	2.000	 2.0	 0.0
1	2011	58	12039.0	 25.0	 33.0	1.000	 0.0	 0.0
1	2011	59	19309.0	 24.0	 36.0	1.000	 1.0	 0.0
1	2011	60	20437.0	 26.0	 38.0	2.000	 2.0	 0.0
1	2011	61	23957.0	 25.0	 39.0	1.000	 2.0	 0.0
1	2011	62	23831.0	 28.0	 39.0	2.000	 1.0	 0.0
1	2011	63	21376.0	 26.0	 37.0	2.000	 2.0	 0.0
1	2011	64	23336.0	 26.0	 40.0	2.000	 2.0	 0.0
1	2011	65	23776.0	 27.0	 40.0	2.000	 2.0	 0.0
1	2011	66	22779.0	 28.0	 40.0	2.000	 2.0	 0.0
1	2011	67	22581.0	 28.0	 41.0	2.000	 1.0	 0.0
1	2011	68	24013.0	 28.0	 40.0	2.000	 2.0	 0.0
1	2011	69	23429.0	 28.0	 40.0	2.000	 3.0	 0.0
1	2011	70	22488.0	 27.0	 39.0	2.000	 2.0	 0.0
1	2011	71	21570.0	 28.0	 40.0	2.000	 2.0	 0.0
1	2011	72	21666.0	 28.0	 39.0	2.000	 2.0	 0.0
1	2011	73	23347.0	 29.0	 40.0	2.000	 3.0	 0.0
1	2011	74	21137.0	 28.0	 39.0	2.000	 1.0	 0.0
1	2011	75	24485.0	 26.0	 40.0	2.000	 1.0	 0.0
1	2011	76	23822.0	 26.0	 40.0	2.000	 1.0	 0.0
1	2011	77	24400.0	 27.0	 39.0	2.000	 2.0	 0.0
1	2011	78	24667.0	 28.0	 40.0	2.000	 1.0	 0.0
1	2011	79	24563.0	 27.0	 39.0	2.000	 3.0	 0.0
1	2011	80	21484.0	 28.0	 39.0	2.000	 2.0	 0.0
1	2011	81	22255.0	 27.0	 39.0	2.000	 1.0	 0.0
1	2011	82	22344.0	 27.0	 39.0	2.000	 1.0	 0.0
1	2011	83	22478.0	 27.0	 40.0	2.000	 1.0	 0.0
1	2011	84	26152.0	 25.0	 42.0	1.000	 1.0	 0.0
1	2011	85	23785.0	 27.0	 40.0	2.000	 2.0	 0.0
1	2011	86	24248.0	 28.0	 41.0	2.000	 2.0	 0.0
1	2011	87	20217.0	 28.0	 39.0	2.000	 1.0	 0.0
1	2011	88	26085.0	 26.0	 41.0	1.000	 1.0	 0.0
1	2011	89	23336.0	 24.0	 40.0	1.000	 2.0	 0.0
1	2011	90	25790.0	 25.0	 41.0	2.000	 1.0	 0.0
1	2011	91	25681.0	 24.0	 41.0	1.000	 1.0	 0.0
1	2011	92	23814.0	 27.0	 40.0	2.000	 3.0	 0.0
1	2011	93	21720.0	 29.0	 39.0	2.000	 3.0	 1.0
1	2011	94	21304.0	 25.0	 36.0	2.000	 3.0	 8.0
1	2011	95	14099.0	 25.0	 35.0	2.000	 1.0	 1.0
1	2011	96	22794.0	 26.0	 40.0	2.000	 3.0	 0.0
1	2011	97	26842.0	 26.0	 41.0	1.000	 4.0	 0.0
1	2011	98	27622.0	 23.0	 40.0	1.000	 2.0	 0.0
1	2011	99	25531.0	 26.0	 40.0	2.000	 2.0	 0.0
1	2011	100	22621.0	 27.0	 39.0	2.000	 3.0	 1.0
1	2011	101	24128.0	 26.0	 39.0	2.000	 1.0	 0.0
1	2011	102	25332.0	 26.0	 41.0	1.000	 1.0	 0.0
1	2011	103	19041.0	 27.0	 38.0	2.000	 1.0	 0.0
1	2011	104	22362.0	 26.0	 40.0	2.000	 0.0	 0.0
1	2011	105	25748.0	 28.0	 41.0	1.000	 1.0	 0.0
1	2011	106	26248.0	 28.0	 41.0	2.000	 2.0	 0.0
1	2011	107	26501.0	 28.0	 41.0	2.000	 1.0	 0.0
1	2011	108	23641.0	 27.0	 39.0	2.000	 3.0	 3.0
1	2011	109	25177.0	 27.0	 41.0	2.000	 3.0	 1.0
1	2011	110	25104.0	 27.0	 40.0	2.000	 3.0	 0.0
1	2011	111	24365.0	 29.0	 40.0	3.000	 3.0	 1.0
1	2011	112	24307.0	 29.0	 40.0	3.000	 3.0	 0.0
1	2011	113	23639.0	 27.0	 40.0	3.000	 3.0	 5.0
1	2011	114	13429.0	 25.0	 31.0	3.000	 4.0	10.0
1	2011	115	24931.0	 25.0	 35.0	3.000	 1.0	 0.0
1	2011	116	25349.0	 25.0	 36.0	3.000	 2.0	 0.0
1	2011	117	25643.0	 25.0	 38.0	2.000	 3.0	 0.0
1	2011	118	25269.0	 27.0	 39.0	3.000	 3.0	 0.0
1	2011	119	23874.0	 27.0	 38.0	3.000	 4.0	 0.0
1	2011	120	24875.0	 27.0	 39.0	3.000	 4.0	 2.0
1	2011	121	22362.0	 27.0	 37.0	2.000	 3.0	 0.0
1	2011	122	23652.0	 28.0	 39.0	2.000	 2.0	 1.0
1	2011	123	23347.0	 27.0	 39.0	3.000	 3.0	 0.0
1	2011	124	24649.0	 28.0	 40.0	2.000	 2.0	 0.0
1	2011	125	23601.0	 29.0	 39.0	3.000	 3.0	 0.0
1	2011	126	25054.0	 28.0	 40.0	2.000	 3.0	 2.0
1	2011	127	21257.0	 26.0	 38.0	3.000	 3.0	 2.0
1	2011	128	24768.0	 26.0	 38.0	3.000	 3.0	 0.0
1	2011	129	23423.0	 25.0	 37.0	3.000	 4.0	 4.0
1	2011	130	23359.0	 25.0	 36.0	3.000	 3.0	10.0
1	2011	131	25224.0	 25.0	 36.0	3.000	 2.0	 3.0
1	2011	132	24224.0	 25.0	 35.0	3.000	 2.0	 3.0
1	2011	133	19569.0	 25.0	 34.0	3.000	 2.0	 2.0
1	2011	134	19371.0	 26.0	 36.0	3.000	 1.0	 6.0
1	2011	135	25178.0	 25.0	 36.0	3.000	 2.0	 0.0
1	2011	136	23879.0	 26.0	 37.0	3.000	 2.0	 0.0
1	2011	137	24849.0	 28.0	 39.0	3.000	 3.0	 0.0
1	2011	138	23556.0	 25.0	 37.0	3.000	 3.0	 0.0
1	2011	139	25007.0	 27.0	 38.0	3.000	 2.0	 0.0
1	2011	140	23192.0	 27.0	 37.0	3.000	 3.0	 2.0
1	2011	141	23943.0	 27.0	 37.0	3.000	 3.0	 2.0
1	2011	142	20636.0	 24.0	 34.0	3.000	 4.0	 2.0
1	2011	143	17818.0	 25.0	 32.0	3.000	 4.0	 3.0
1	2011	144	22800.0	 26.0	 35.0	3.000	 3.0	 0.0
1	2011	145	24507.0	 26.0	 36.0	3.000	 3.0	 0.0
1	2011	146	20933.0	 27.0	 35.0	3.000	 4.0	 0.0
1	2011	147	20786.0	 25.0	 35.0	3.000	 4.0	 0.0
1	2011	148	14178.0	 26.0	 33.0	3.000	 3.0	 0.0
1	2011	149	20009.0	 25.0	 34.0	3.000	 2.0	 1.0
1	2011	150	23480.0	 25.0	 36.0	3.000	 2.0	 0.0
1	2011	151	22781.0	 26.0	 36.0	3.000	 3.0	 0.0
1	2011	152	23773.0	 26.0	 37.0	3.000	 3.0	 0.0
1	2011	153	25104.0	 27.0	 37.0	3.000	 3.0	 0.0
1	2011	154	20301.0	 25.0	 36.0	3.000	 2.0	21.0
1	2011	155	20333.0	 25.0	 33.0	3.000	 2.0	 0.0
1	2011	156	17986.0	 24.0	 32.0	3.000	 3.0	 5.0
1	2011	157	25279.0	 24.0	 34.0	3.000	 2.0	 0.0
1	2011	158	24044.0	 26.0	 35.0	3.000	 2.0	 1.0
1	2011	159	18377.0	 26.0	 33.0	3.000	 4.0	 1.0
1	2011	160	17527.0	 24.0	 32.0	3.000	 3.0	 0.0
1	2011	161	23801.0	 25.0	 35.0	3.000	 3.0	 0.0
1	2011	162	22093.0	 26.0	 35.0	3.000	 4.0	 2.0
1	2011	163	24125.0	 24.0	 35.0	3.000	 4.0	 0.0
1	2011	164	20855.0	 24.0	 34.0	3.000	 2.0	 1.0
1	2011	165	23910.0	 25.0	 35.0	3.000	 1.0	 7.0
1	2011	166	23455.0	 25.0	 34.0	3.000	 2.0	 3.0
1	2011	167	16676.0	 24.0	 32.0	3.000	 3.0	 3.0
1	2011	168	16390.0	 24.0	 32.0	3.000	 3.0	 0.0
1	2011	169	21226.0	 25.0	 34.0	3.000	 2.0	 1.0
1	2011	170	22865.0	 24.0	 33.0	3.000	 2.0	 5.0
1	2011	171	15478.0	 25.0	 32.0	3.000	 2.0	 1.0
1	2011	172	19614.0	 24.0	 33.0	3.000	 2.0	 1.0
1	2011	173	21291.0	 23.0	 33.0	3.000	 3.0	 1.0
1	2011	174	19693.0	 25.0	 34.0	3.000	 2.0	 0.0
1	2011	175	17069.0	 23.0	 32.0	3.000	 3.0	 3.0
1	2011	176	16116.0	 23.0	 31.0	3.000	 2.0	 2.0
1	2011	177	23402.0	 24.0	 34.0	3.000	 2.0	 0.0
1	2011	178	21704.0	 24.0	 33.0	3.000	 3.0	 6.0
1	2011	179	21333.0	 25.0	 33.0	3.000	 3.0	 0.0
1	2011	180	22235.0	 24.0	 34.0	3.000	 2.0	 1.0
1	2011	181	17435.0	 24.0	 31.0	3.000	 2.0	 3.0
1	2011	182	20946.0	 24.0	 32.0	3.000	 2.0	 0.0
1	2011	183	21561.0	 24.0	 34.0	3.000	 3.0	 0.0
1	2011	184	24231.0	 24.0	 35.0	3.000	 3.0	 4.0
1	2011	185	18009.0	 23.0	 32.0	3.000	 3.0	 1.0
1	2011	186	23917.0	 24.0	 34.0	3.000	 2.0	 0.0
1	2011	187	14739.0	 25.0	 32.0	3.000	 2.0	 0.0
1	2011	188	21831.0	 23.0	 34.0	3.000	 3.0	 0.0
1	2011	189	23964.0	 25.0	 35.0	3.000	 3.0	 0.0
1	2011	190	21029.0	 24.0	 33.0	3.000	 3.0	 6.0
1	2011	191	9840.0	 23.0	 27.0	3.000	 1.0	22.0
1	2011	192	17260.0	 22.0	 29.0	3.000	 3.0	 2.0
1	2011	193	17947.0	 22.0	 30.0	3.000	 2.0	 1.0
1	2011	194	19564.0	 23.0	 31.0	3.000	 3.0	 0.0
1	2011	195	15471.0	 22.0	 30.0	3.000	 3.0	 4.0
1	2011	196	20022.0	 23.0	 30.0	3.000	 2.0	 2.0
1	2011	197	19253.0	 23.0	 31.0	3.000	 1.0	 4.0
1	2011	198	22051.0	 23.0	 31.0	3.000	 2.0	 1.0
1	2011	199	9746.0	 23.0	 28.0	3.000	 2.0	10.0
1	2011	200	21134.0	 21.0	 31.0	3.000	 3.0	 0.0
1	2011	201	22718.0	 23.0	 32.0	3.000	 2.0	 5.0
1	2011	202	17404.0	 24.0	 31.0	3.000	 3.0	 8.0
1	2011	203	16552.0	 23.0	 30.0	3.000	 4.0	 0.0
1	2011	204	21078.0	 23.0	 31.0	3.000	 3.0	 1.0
1	2011	205	22337.0	 23.0	 31.0	3.000	 3.0	 1.0
1	2011	206	21008.0	 24.0	 31.0	3.000	 3.0	 1.0
1	2011	207	15098.0	 23.0	 29.0	3.000	 3.0	 1.0
1	2011	208	19054.0	 23.0	 30.0	3.000	 2.0	 1.0
1	2011	209	21425.0	 23.0	 32.0	3.000	 2.0	 0.0
1	2011	210	21004.0	 23.0	 32.0	3.000	 2.0	 7.0
1	2011	211	13765.0	 23.0	 28.0	3.000	 3.0	11.0
1	2011	212	16574.0	 23.0	 29.0	3.000	 2.0	 1.0
1	2011	213	19653.0	 23.0	 31.0	3.000	 1.0	12.0
1	2011	214	19977.0	 23.0	 31.0	3.000	 2.0	 0.0
1	2011	215	13100.0	 23.0	 30.0	3.000	 2.0	 1.0
1	2011	216	14910.0	 23.0	 29.0	3.000	 2.0	 6.0
1	2011	217	13843.0	 22.0	 30.0	3.000	 3.0	 1.0
1	2011	218	17251.0	 23.0	 30.0	3.000	 2.0	 4.0
1	2011	219	17704.0	 23.0	 30.0	3.000	 3.0	 2.0
1	2011	220	19227.0	 22.0	 30.0	3.000	 2.0	10.0
1	2011	221	15673.0	 22.0	 30.0	3.000	 2.0	 1.0
1	2011	222	21244.0	 23.0	 31.0	3.000	 2.0	 5.0
1	2011	223	22198.0	 23.0	 31.0	3.000	 2.0	 1.0
1	2011	224	21299.0	 24.0	 31.0	3.000	 3.0	11.0
1	2011	225	9668.0	 23.0	 28.0	3.000	 3.0	 4.0
1	2011	226	20297.0	 22.0	 29.0	3.000	 3.0	 2.0
1	2011	227	20208.0	 22.0	 30.0	3.000	 2.0	 5.0
1	2011	228	9576.0	 22.0	 27.0	3.000	 2.0	 8.0
1	2011	229	15029.0	 23.0	 29.0	3.000	 2.0	 5.0
1	2011	230	14562.0	 22.0	 28.0	3.000	 2.0	12.0
1	2011	231	14917.0	 22.0	 28.0	3.000	 3.0	12.0
1	2011	232	19724.0	 22.0	 29.0	3.000	 2.0	 2.0
1	2011	233	22470.0	 22.0	 30.0	3.000	 2.0	 1.0
1	2011	234	3954.0	 23.0	 25.0	3.000	 1.0	76.0
1	2011	235	17930.0	 22.0	 29.0	3.000	 2.0	 4.0
1	2011	236	16548.0	 22.0	 29.0	3.000	 1.0	 5.0
1	2011	237	21435.0	 22.0	 30.0	3.000	 2.0	 1.0
1	2011	238	12314.0	 23.0	 28.0	3.000	 2.0	15.0
1	2011	239	16049.0	 22.0	 29.0	3.000	 2.0	 2.0
1	2011	240	13446.0	 22.0	 28.0	3.000	 2.0	 9.0
1	2011	241	19409.0	 22.0	 29.0	3.000	 2.0	 5.0
1	2011	242	22087.0	 22.0	 31.0	3.000	 1.0	 2.0
1	2011	243	8329.0	 23.0	 27.0	3.000	 2.0	 1.0
1	2011	244	18682.0	 22.0	 29.0	3.000	 2.0	 1.0
1	2011	245	24724.0	 22.0	 31.0	3.000	 1.0	10.0
1	2011	246	16069.0	 23.0	 29.0	3.000	 3.0	 2.0
1	2011	247	20582.0	 23.0	 30.0	3.000	 3.0	 2.0
1	2011	248	21231.0	 22.0	 30.0	3.000	 2.0	 0.0
1	2011	249	23321.0	 23.0	 31.0	3.000	 1.0	 1.0
1	2011	250	22595.0	 23.0	 31.0	3.000	 2.0	 2.0
1	2011	251	22535.0	 23.0	 31.0	3.000	 2.0	 3.0
1	2011	252	18783.0	 23.0	 30.0	3.000	 2.0	 3.0
1	2011	253	13099.0	 23.0	 28.0	3.000	 2.0	 8.0
1	2011	254	18056.0	 22.0	 30.0	3.000	 1.0	 0.0
1	2011	255	23494.0	 23.0	 32.0	3.000	 2.0	 1.0
1	2011	256	23602.0	 23.0	 31.0	3.000	 2.0	 0.0
1	2011	257	21106.0	 24.0	 30.0	3.000	 3.0	 2.0
1	2011	258	21475.0	 22.0	 31.0	3.000	 2.0	 1.0
1	2011	259	17338.0	 23.0	 30.0	3.000	 2.0	15.0
1	2011	260	13065.0	 22.0	 27.0	3.000	 2.0	17.0
1	2011	261	19646.0	 21.0	 29.0	3.000	 2.0	 5.0
1	2011	262	22570.0	 22.0	 30.0	3.000	 1.0	 3.0
1	2011	263	23001.0	 22.0	 32.0	3.000	 1.0	 0.0
1	2011	264	22962.0	 23.0	 32.0	3.000	 2.0	 1.0
1	2011	265	15368.0	 23.0	 28.0	3.000	 2.0	 6.0
1	2011	266	21387.0	 22.0	 31.0	3.000	 2.0	 0.0
1	2011	267	21395.0	 24.0	 31.0	3.000	 1.0	 9.0
1	2011	268	15097.0	 23.0	 30.0	3.000	 3.0	 0.0
1	2011	269	23123.0	 23.0	 32.0	3.000	 2.0	 0.0
1	2011	270	18110.0	 24.0	 30.0	3.000	 2.0	 2.0
1	2011	271	21316.0	 23.0	 31.0	3.000	 2.0	 1.0
1	2011	272	21758.0	 24.0	 31.0	3.000	 2.0	 0.0
1	2011	273	21410.0	 23.0	 31.0	3.000	 2.0	 1.0
1	2011	274	14894.0	 24.0	 30.0	3.000	 2.0	 4.0
1	2011	275	19331.0	 23.0	 31.0	3.000	 2.0	 0.0
1	2011	276	23884.0	 23.0	 33.0	3.000	 2.0	 0.0
1	2011	277	23672.0	 24.0	 34.0	3.000	 2.0	 0.0
1	2011	278	23778.0	 24.0	 34.0	3.000	 3.0	 0.0
1	2011	279	20170.0	 24.0	 32.0	3.000	 2.0	 5.0
1	2011	280	14097.0	 23.0	 30.0	3.000	 2.0	 5.0
1	2011	281	19197.0	 23.0	 31.0	3.000	 2.0	 2.0
1	2011	282	19683.0	 24.0	 32.0	3.000	 2.0	 4.0
1	2011	283	17545.0	 23.0	 31.0	3.000	 2.0	 1.0
1	2011	284	21243.0	 23.0	 32.0	3.000	 2.0	 0.0
1	2011	285	20193.0	 24.0	 32.0	3.000	 2.0	 2.0
1	2011	286	17606.0	 23.0	 31.0	3.000	 1.0	 7.0
1	2011	287	22274.0	 24.0	 33.0	3.000	 2.0	 0.0
1	2011	288	20410.0	 24.0	 32.0	3.000	 2.0	 1.0
1	2011	289	21463.0	 23.0	 34.0	3.000	 2.0	 0.0
1	2011	290	22884.0	 23.0	 34.0	3.000	 2.0	 0.0
1	2011	291	22902.0	 24.0	 35.0	3.000	 2.0	11.0
1	2011	292	20379.0	 23.0	 33.0	3.000	 2.0	 0.0
1	2011	293	23172.0	 24.0	 34.0	3.000	 2.0	 8.0
1	2011	294	18912.0	 23.0	 32.0	3.000	 2.0	 0.0
1	2011	295	21611.0	 23.0	 33.0	3.000	 2.0	 2.0
1	2011	296	15634.0	 24.0	 32.0	3.000	 2.0	 0.0
1	2011	297	21970.0	 23.0	 34.0	3.000	 1.0	 0.0
1	2011	298	20566.0	 24.0	 33.0	3.000	 3.0	 0.0
1	2011	299	21919.0	 23.0	 34.0	3.000	 2.0	 0.0
1	2011	300	21645.0	 23.0	 35.0	3.000	 2.0	 0.0
1	2011	301	22820.0	 23.0	 35.0	2.000	 3.0	 0.0
1	2011	302	22970.0	 23.0	 36.0	2.000	 2.0	 0.0
1	2011	303	22089.0	 23.0	 37.0	2.000	 1.0	 0.0
1	2011	304	21922.0	 24.0	 37.0	2.000	 2.0	 0.0
1	2011	305	22196.0	 24.0	 36.0	2.000	 2.0	 0.0
1	2011	306	22806.0	 24.0	 37.0	2.000	 1.0	 0.0
1	2011	307	22706.0	 23.0	 37.0	2.000	 2.0	 0.0
1	2011	308	20730.0	 23.0	 36.0	2.000	 2.0	 0.0
1	2011	309	20163.0	 24.0	 35.0	2.000	 2.0	 0.0
1	2011	310	22054.0	 24.0	 36.0	2.000	 2.0	 0.0
1	2011	311	22028.0	 24.0	 36.0	2.000	 2.0	 0.0
1	2011	312	22331.0	 23.0	 37.0	2.000	 2.0	 0.0
1	2011	313	21970.0	 24.0	 37.0	2.000	 1.0	 0.0
1	2011	314	22180.0	 24.0	 37.0	2.000	 1.0	 0.0
1	2011	315	20984.0	 25.0	 36.0	2.000	 2.0	 0.0
1	2011	316	21155.0	 24.0	 36.0	2.000	 2.0	 0.0
1	2011	317	22831.0	 23.0	 37.0	2.000	 1.0	 0.0
1	2011	318	22858.0	 20.0	 36.0	1.000	 1.0	 0.0
1	2011	319	22728.0	 20.0	 36.0	1.000	 1.0	 0.0
1	2011	320	23061.0	 21.0	 36.0	1.000	 2.0	 0.0
1	2011	321	22846.0	 20.0	 36.0	1.000	 2.0	 0.0
1	2011	322	22324.0	 20.0	 36.0	1.000	 1.0	 0.0
1	2011	323	20400.0	 20.0	 36.0	2.000	 1.0	 0.0
1	2011	324	21121.0	 22.0	 37.0	2.000	 1.0	 0.0
1	2011	325	20500.0	 21.0	 37.0	2.000	 1.0	 0.0
1	2011	326	21677.0	 22.0	 36.0	2.000	 1.0	 0.0
1	2011	327	22225.0	 21.0	 36.0	1.000	 2.0	 0.0
1	2011	328	22048.0	 20.0	 35.0	2.000	 1.0	 0.0
1	2011	329	21273.0	 20.0	 35.0	2.000	 1.0	 0.0
1	2011	330	22139.0	 21.0	 35.0	1.000	 2.0	 0.0
1	2011	331	22058.0	 19.0	 35.0	1.000	 1.0	 0.0
1	2011	332	22058.0	 20.0	 36.0	1.000	 2.0	 0.0
1	2011	333	21614.0	 21.0	 36.0	1.000	 3.0	 0.0
1	2011	334	22601.0	 20.0	 35.0	1.000	 3.0	 0.0
1	2011	335	22390.0	 19.0	 35.0	1.000	 3.0	 0.0
1	2011	336	22140.0	 20.0	 35.0	1.000	 4.0	 0.0
1	2011	337	22259.0	 19.0	 35.0	1.000	 3.0	 0.0
1	2011	338	22280.0	 19.0	 35.0	1.000	 3.0	 0.0
1	2011	339	21827.0	 19.0	 35.0	1.000	 2.0	 0.0
1	2011	340	21683.0	 20.0	 35.0	1.000	 3.0	 0.0
1	2011	341	21603.0	 20.0	 36.0	1.000	 3.0	 0.0
1	2011	342	21489.0	 22.0	 36.0	1.000	 4.0	 0.0
1	2011	343	21668.0	 21.0	 35.0	1.000	 4.0	 0.0
1	2011	344	21869.0	 19.0	 34.0	1.000	 3.0	 0.0
1	2011	345	21869.0	 19.0	 34.0	1.000	 3.0	 0.0
1	2011	346	21552.0	 19.0	 34.0	1.000	 4.0	 0.0
1	2011	347	21523.0	 20.0	 34.0	1.000	 4.0	 0.0
1	2011	348	21634.0	 18.0	 34.0	1.000	 3.0	 0.0
1	2011	349	21481.0	 19.0	 34.0	1.000	 3.0	 0.0
1	2011	350	21460.0	 19.0	 34.0	1.000	 4.0	 0.0
1	2011	351	21421.0	 19.0	 34.0	1.000	 3.0	 0.0
1	2011	352	21222.0	 19.0	 34.0	1.000	 2.0	 0.0
1	2011	353	21068.0	 18.0	 34.0	1.000	 2.0	 0.0
1	2011	354	20925.0	 20.0	 35.0	1.000	 2.0	 0.0
1	2011	355	20664.0	 22.0	 35.0	1.000	 3.0	 0.0
1	2011	356	20961.0	 21.0	 35.0	1.000	 3.0	 0.0
1	2011	357	20926.0	 20.0	 34.0	1.000	 3.0	 0.0
1	2011	358	21005.0	 20.0	 34.0	1.000	 3.0	 0.0
1	2011	359	20787.0	 20.0	 34.0	1.000	 3.0	 0.0
1	2011	360	20479.0	 20.0	 35.0	1.000	 3.0	 0.0
1	2011	361	20644.0	 21.0	 36.0	1.000	 3.0	 0.0
1	2011	362	20745.0	 21.0	 35.0	1.000	 3.0	 0.0
1	2011	363	20726.0	 21.0	 34.0	1.000	 4.0	 0.0
1	2011	364	21253.0	 19.0	 33.0	1.000	 4.0	 0.0
1	2011	365	21224.0	 18.0	 33.0	1.000	 3.0	 0.0
