*---------------------------------------------------
* Station: Upper_East
* Year: 2015
* Origin: ERA5-Reanalysis
* Columns & units
* ===================
* 1. station number
* 2. year
* 3. Day of Year
* 4. Irradiance   (kJ路m-2路d-1)
* 5. Daily minimum temperature (degC)
* 6. Daily maximum temperature (degC)
* 7. Vapour pressure (kPa)
* 8. Mean wind speed (m路s-1)
* 9. Precipitation (mm路d-1)
** WCCDESCRIPTION=Upper_East
** WCCFORMAT=2
** WCCYEARNR=2015
*------------------------------------------------------------*
-0.81  10.78  204.00 -0.18  -0.55
1	2015	1	21202.0	 18.0	 32.0	1.000	 3.0	 0.0
1	2015	2	17503.0	 21.0	 33.0	1.000	 4.0	 0.0
1	2015	3	20945.0	 20.0	 33.0	1.000	 4.0	 0.0
1	2015	4	21238.0	 20.0	 32.0	1.000	 4.0	 0.0
1	2015	5	21429.0	 19.0	 32.0	1.000	 4.0	 0.0
1	2015	6	21798.0	 17.0	 31.0	1.000	 3.0	 0.0
1	2015	7	21852.0	 17.0	 32.0	1.000	 3.0	 0.0
1	2015	8	21685.0	 17.0	 33.0	1.000	 3.0	 0.0
1	2015	9	21497.0	 19.0	 33.0	1.000	 4.0	 0.0
1	2015	10	22038.0	 19.0	 31.0	0.000	 5.0	 0.0
1	2015	11	22147.0	 18.0	 31.0	1.000	 4.0	 0.0
1	2015	12	22027.0	 18.0	 31.0	1.000	 4.0	 0.0
1	2015	13	22180.0	 17.0	 30.0	1.000	 4.0	 0.0
1	2015	14	22131.0	 16.0	 32.0	1.000	 3.0	 0.0
1	2015	15	21966.0	 18.0	 33.0	1.000	 3.0	 0.0
1	2015	16	21668.0	 19.0	 34.0	1.000	 3.0	 0.0
1	2015	17	21709.0	 20.0	 35.0	1.000	 3.0	 0.0
1	2015	18	21990.0	 19.0	 35.0	1.000	 3.0	 0.0
1	2015	19	22095.0	 18.0	 35.0	1.000	 2.0	 0.0
1	2015	20	22080.0	 18.0	 35.0	1.000	 2.0	 0.0
1	2015	21	21918.0	 18.0	 35.0	1.000	 2.0	 0.0
1	2015	22	21570.0	 20.0	 36.0	1.000	 2.0	 0.0
1	2015	23	22011.0	 21.0	 37.0	1.000	 3.0	 0.0
1	2015	24	22142.0	 22.0	 37.0	1.000	 3.0	 0.0
1	2015	25	22144.0	 21.0	 36.0	1.000	 1.0	 0.0
1	2015	26	22324.0	 21.0	 36.0	1.000	 2.0	 0.0
1	2015	27	22470.0	 21.0	 36.0	1.000	 3.0	 0.0
1	2015	28	22500.0	 22.0	 36.0	0.000	 4.0	 0.0
1	2015	29	22555.0	 21.0	 36.0	1.000	 3.0	 0.0
1	2015	30	22719.0	 20.0	 36.0	1.000	 3.0	 0.0
1	2015	31	22566.0	 20.0	 37.0	1.000	 1.0	 0.0
1	2015	32	22342.0	 21.0	 37.0	1.000	 1.0	 0.0
1	2015	33	22951.0	 21.0	 38.0	1.000	 2.0	 0.0
1	2015	34	22941.0	 21.0	 39.0	1.000	 2.0	 0.0
1	2015	35	21553.0	 21.0	 38.0	1.000	 1.0	 0.0
1	2015	36	21059.0	 23.0	 38.0	2.000	 1.0	 0.0
1	2015	37	22701.0	 21.0	 39.0	1.000	 2.0	 0.0
1	2015	38	22270.0	 21.0	 39.0	1.000	 1.0	 0.0
1	2015	39	23329.0	 21.0	 40.0	1.000	 2.0	 0.0
1	2015	40	22253.0	 22.0	 39.0	1.000	 1.0	 0.0
1	2015	41	21438.0	 26.0	 39.0	2.000	 2.0	 0.0
1	2015	42	19573.0	 26.0	 38.0	2.000	 1.0	 0.0
1	2015	43	21758.0	 24.0	 38.0	2.000	 1.0	 0.0
1	2015	44	22241.0	 23.0	 39.0	2.000	 1.0	 0.0
1	2015	45	22736.0	 23.0	 39.0	1.000	 1.0	 0.0
1	2015	46	22039.0	 25.0	 38.0	2.000	 1.0	 0.0
1	2015	47	21494.0	 24.0	 38.0	1.000	 1.0	 0.0
1	2015	48	23772.0	 22.0	 37.0	1.000	 2.0	 0.0
1	2015	49	22609.0	 22.0	 38.0	1.000	 1.0	 0.0
1	2015	50	21059.0	 24.0	 37.0	2.000	 2.0	 0.0
1	2015	51	13264.0	 27.0	 34.0	2.000	 2.0	 1.0
1	2015	52	18724.0	 23.0	 34.0	2.000	 1.0	 6.0
1	2015	53	21948.0	 24.0	 36.0	1.000	 3.0	 0.0
1	2015	54	23393.0	 23.0	 36.0	1.000	 4.0	 0.0
1	2015	55	24166.0	 23.0	 36.0	0.000	 3.0	 0.0
1	2015	56	22666.0	 23.0	 37.0	1.000	 3.0	 0.0
1	2015	57	24802.0	 22.0	 37.0	1.000	 3.0	 0.0
1	2015	58	25010.0	 22.0	 36.0	0.000	 4.0	 0.0
1	2015	59	25101.0	 21.0	 37.0	0.000	 3.0	 0.0
1	2015	60	25122.0	 23.0	 37.0	0.000	 4.0	 0.0
1	2015	61	25050.0	 23.0	 37.0	0.000	 4.0	 0.0
1	2015	62	25021.0	 23.0	 38.0	1.000	 3.0	 0.0
1	2015	63	25262.0	 24.0	 38.0	1.000	 4.0	 0.0
1	2015	64	25161.0	 22.0	 39.0	1.000	 3.0	 0.0
1	2015	65	25381.0	 24.0	 40.0	1.000	 3.0	 0.0
1	2015	66	25631.0	 24.0	 40.0	1.000	 2.0	 0.0
1	2015	67	25952.0	 21.0	 40.0	1.000	 2.0	 0.0
1	2015	68	26005.0	 22.0	 40.0	1.000	 2.0	 0.0
1	2015	69	25614.0	 22.0	 40.0	1.000	 2.0	 0.0
1	2015	70	24036.0	 23.0	 40.0	1.000	 2.0	 0.0
1	2015	71	24444.0	 25.0	 40.0	2.000	 1.0	 1.0
1	2015	72	23108.0	 27.0	 38.0	2.000	 1.0	 1.0
1	2015	73	24206.0	 26.0	 39.0	2.000	 0.0	 0.0
1	2015	74	24844.0	 25.0	 41.0	1.000	 1.0	 0.0
1	2015	75	23045.0	 25.0	 41.0	1.000	 1.0	 0.0
1	2015	76	21726.0	 29.0	 40.0	2.000	 2.0	 0.0
1	2015	77	15076.0	 26.0	 36.0	2.000	 3.0	 0.0
1	2015	78	22630.0	 27.0	 39.0	2.000	 1.0	 0.0
1	2015	79	24955.0	 27.0	 39.0	1.000	 4.0	 0.0
1	2015	80	23860.0	 26.0	 40.0	2.000	 1.0	 0.0
1	2015	81	22590.0	 27.0	 40.0	2.000	 3.0	 0.0
1	2015	82	20940.0	 29.0	 40.0	2.000	 3.0	 0.0
1	2015	83	20212.0	 28.0	 39.0	2.000	 2.0	 1.0
1	2015	84	19000.0	 27.0	 35.0	2.000	 3.0	 1.0
1	2015	85	19453.0	 27.0	 37.0	3.000	 2.0	 5.0
1	2015	86	21137.0	 26.0	 38.0	2.000	 1.0	 0.0
1	2015	87	26776.0	 24.0	 40.0	1.000	 2.0	 0.0
1	2015	88	27256.0	 22.0	 38.0	0.000	 1.0	 0.0
1	2015	89	27194.0	 22.0	 39.0	1.000	 1.0	 0.0
1	2015	90	25711.0	 23.0	 39.0	1.000	 2.0	 0.0
1	2015	91	20478.0	 25.0	 36.0	2.000	 2.0	 0.0
1	2015	92	22125.0	 25.0	 38.0	2.000	 1.0	 0.0
1	2015	93	26760.0	 24.0	 41.0	1.000	 2.0	 0.0
1	2015	94	24316.0	 25.0	 39.0	2.000	 2.0	 0.0
1	2015	95	22766.0	 28.0	 39.0	2.000	 3.0	 0.0
1	2015	96	20311.0	 26.0	 38.0	2.000	 3.0	 0.0
1	2015	97	16539.0	 28.0	 39.0	2.000	 1.0	 0.0
1	2015	98	23442.0	 27.0	 40.0	2.000	 2.0	 0.0
1	2015	99	25024.0	 27.0	 42.0	2.000	 1.0	 0.0
1	2015	100	26169.0	 27.0	 40.0	2.000	 2.0	 0.0
1	2015	101	24174.0	 28.0	 40.0	2.000	 2.0	 0.0
1	2015	102	22198.0	 27.0	 38.0	3.000	 3.0	 0.0
1	2015	103	25765.0	 26.0	 39.0	2.000	 1.0	 0.0
1	2015	104	28384.0	 24.0	 40.0	1.000	 3.0	 0.0
1	2015	105	28866.0	 21.0	 40.0	0.000	 2.0	 0.0
1	2015	106	28568.0	 22.0	 39.0	1.000	 2.0	 0.0
1	2015	107	28495.0	 22.0	 40.0	1.000	 2.0	 0.0
1	2015	108	27068.0	 22.0	 39.0	1.000	 1.0	 0.0
1	2015	109	27082.0	 24.0	 40.0	2.000	 1.0	 0.0
1	2015	110	25314.0	 26.0	 40.0	2.000	 2.0	 0.0
1	2015	111	24976.0	 28.0	 40.0	2.000	 2.0	 0.0
1	2015	112	26438.0	 29.0	 41.0	2.000	 2.0	 0.0
1	2015	113	26213.0	 28.0	 41.0	2.000	 2.0	 0.0
1	2015	114	25255.0	 28.0	 41.0	2.000	 2.0	 0.0
1	2015	115	23858.0	 28.0	 39.0	2.000	 3.0	 0.0
1	2015	116	24210.0	 29.0	 40.0	2.000	 3.0	 0.0
1	2015	117	23051.0	 28.0	 38.0	2.000	 3.0	 0.0
1	2015	118	24637.0	 28.0	 40.0	2.000	 2.0	 0.0
1	2015	119	25634.0	 28.0	 40.0	2.000	 2.0	 0.0
1	2015	120	26204.0	 29.0	 41.0	2.000	 2.0	 0.0
1	2015	121	26169.0	 29.0	 41.0	2.000	 3.0	 0.0
1	2015	122	24365.0	 28.0	 40.0	2.000	 3.0	 0.0
1	2015	123	25362.0	 28.0	 40.0	2.000	 3.0	 0.0
1	2015	124	23625.0	 27.0	 39.0	2.000	 4.0	 0.0
1	2015	125	24197.0	 28.0	 38.0	3.000	 3.0	 4.0
1	2015	126	24393.0	 26.0	 39.0	2.000	 3.0	 0.0
1	2015	127	24933.0	 28.0	 40.0	2.000	 3.0	 0.0
1	2015	128	25471.0	 29.0	 40.0	2.000	 4.0	 0.0
1	2015	129	22959.0	 27.0	 38.0	2.000	 3.0	 3.0
1	2015	130	24069.0	 28.0	 38.0	3.000	 3.0	 1.0
1	2015	131	22202.0	 27.0	 36.0	2.000	 2.0	 0.0
1	2015	132	24846.0	 28.0	 39.0	2.000	 3.0	 0.0
1	2015	133	23142.0	 27.0	 39.0	2.000	 2.0	 0.0
1	2015	134	25031.0	 28.0	 40.0	2.000	 3.0	 0.0
1	2015	135	22209.0	 28.0	 38.0	3.000	 3.0	 3.0
1	2015	136	22936.0	 27.0	 38.0	3.000	 2.0	 0.0
1	2015	137	23690.0	 29.0	 39.0	3.000	 2.0	 1.0
1	2015	138	23039.0	 28.0	 39.0	3.000	 3.0	 2.0
1	2015	139	21043.0	 26.0	 37.0	3.000	 4.0	 0.0
1	2015	140	21301.0	 28.0	 37.0	3.000	 3.0	 0.0
1	2015	141	24622.0	 27.0	 38.0	3.000	 3.0	 0.0
1	2015	142	24518.0	 28.0	 39.0	3.000	 3.0	 0.0
1	2015	143	21817.0	 27.0	 38.0	3.000	 3.0	 6.0
1	2015	144	20412.0	 26.0	 36.0	3.000	 3.0	 0.0
1	2015	145	24538.0	 27.0	 39.0	3.000	 2.0	 0.0
1	2015	146	24230.0	 28.0	 39.0	3.000	 3.0	 0.0
1	2015	147	19815.0	 28.0	 37.0	3.000	 4.0	 0.0
1	2015	148	24586.0	 26.0	 38.0	3.000	 3.0	 1.0
1	2015	149	25406.0	 27.0	 39.0	3.000	 4.0	 0.0
1	2015	150	24125.0	 27.0	 38.0	3.000	 3.0	 0.0
1	2015	151	23819.0	 28.0	 38.0	3.000	 4.0	 0.0
1	2015	152	24172.0	 27.0	 38.0	3.000	 4.0	 0.0
1	2015	153	17886.0	 26.0	 35.0	3.000	 4.0	 0.0
1	2015	154	18698.0	 25.0	 36.0	3.000	 2.0	 1.0
1	2015	155	21762.0	 26.0	 34.0	3.000	 3.0	 0.0
1	2015	156	20765.0	 26.0	 35.0	3.000	 3.0	 1.0
1	2015	157	21202.0	 25.0	 37.0	3.000	 4.0	 0.0
1	2015	158	25169.0	 26.0	 38.0	2.000	 3.0	 0.0
1	2015	159	24167.0	 27.0	 38.0	3.000	 3.0	 2.0
1	2015	160	19429.0	 25.0	 36.0	3.000	 3.0	 1.0
1	2015	161	19521.0	 25.0	 35.0	3.000	 3.0	 5.0
1	2015	162	22342.0	 25.0	 37.0	3.000	 3.0	 0.0
1	2015	163	24532.0	 27.0	 38.0	3.000	 3.0	 0.0
1	2015	164	22976.0	 25.0	 37.0	3.000	 4.0	 0.0
1	2015	165	15831.0	 26.0	 33.0	3.000	 3.0	 0.0
1	2015	166	23962.0	 26.0	 37.0	3.000	 3.0	 0.0
1	2015	167	18615.0	 27.0	 36.0	3.000	 3.0	 1.0
1	2015	168	21798.0	 27.0	 37.0	3.000	 4.0	 1.0
1	2015	169	21504.0	 26.0	 36.0	3.000	 4.0	 0.0
1	2015	170	20947.0	 26.0	 36.0	3.000	 4.0	 1.0
1	2015	171	21852.0	 26.0	 36.0	3.000	 3.0	 6.0
1	2015	172	17389.0	 25.0	 33.0	3.000	 3.0	 0.0
1	2015	173	19730.0	 25.0	 35.0	3.000	 4.0	 0.0
1	2015	174	21156.0	 25.0	 36.0	3.000	 4.0	 0.0
1	2015	175	23064.0	 26.0	 36.0	3.000	 3.0	 0.0
1	2015	176	19423.0	 24.0	 33.0	3.000	 3.0	 7.0
1	2015	177	22454.0	 25.0	 35.0	3.000	 3.0	 1.0
1	2015	178	21270.0	 24.0	 33.0	3.000	 3.0	 6.0
1	2015	179	20891.0	 24.0	 33.0	3.000	 3.0	 2.0
1	2015	180	19623.0	 25.0	 34.0	3.000	 3.0	 2.0
1	2015	181	20884.0	 25.0	 35.0	3.000	 3.0	 0.0
1	2015	182	18654.0	 26.0	 36.0	3.000	 3.0	 0.0
1	2015	183	22867.0	 26.0	 37.0	3.000	 3.0	 7.0
1	2015	184	12256.0	 25.0	 31.0	3.000	 3.0	 1.0
1	2015	185	18604.0	 25.0	 33.0	3.000	 3.0	 0.0
1	2015	186	23284.0	 24.0	 35.0	3.000	 3.0	 0.0
1	2015	187	16225.0	 25.0	 32.0	3.000	 2.0	 5.0
1	2015	188	23051.0	 25.0	 34.0	3.000	 2.0	 1.0
1	2015	189	19902.0	 26.0	 34.0	3.000	 1.0	 2.0
1	2015	190	12354.0	 25.0	 30.0	3.000	 1.0	18.0
1	2015	191	22531.0	 24.0	 32.0	3.000	 1.0	 2.0
1	2015	192	21413.0	 24.0	 32.0	3.000	 2.0	 3.0
1	2015	193	21539.0	 24.0	 33.0	3.000	 1.0	 9.0
1	2015	194	13250.0	 24.0	 31.0	3.000	 2.0	 0.0
1	2015	195	20389.0	 24.0	 32.0	3.000	 3.0	 0.0
1	2015	196	21359.0	 25.0	 33.0	3.000	 3.0	 0.0
1	2015	197	20204.0	 24.0	 32.0	3.000	 3.0	 1.0
1	2015	198	20702.0	 24.0	 33.0	3.000	 2.0	 1.0
1	2015	199	16395.0	 25.0	 31.0	3.000	 2.0	15.0
1	2015	200	19477.0	 25.0	 32.0	3.000	 4.0	 3.0
1	2015	201	9940.0	 23.0	 30.0	3.000	 2.0	11.0
1	2015	202	8125.0	 23.0	 26.0	3.000	 3.0	21.0
1	2015	203	17728.0	 22.0	 29.0	3.000	 3.0	 1.0
1	2015	204	20534.0	 23.0	 30.0	3.000	 3.0	 0.0
1	2015	205	20357.0	 23.0	 30.0	3.000	 2.0	 0.0
1	2015	206	21295.0	 23.0	 30.0	3.000	 3.0	 2.0
1	2015	207	21348.0	 24.0	 31.0	3.000	 2.0	 2.0
1	2015	208	19845.0	 24.0	 31.0	3.000	 2.0	16.0
1	2015	209	6542.0	 23.0	 25.0	3.000	 3.0	28.0
1	2015	210	19374.0	 22.0	 29.0	3.000	 3.0	 3.0
1	2015	211	21318.0	 23.0	 30.0	3.000	 2.0	 2.0
1	2015	212	19040.0	 23.0	 30.0	3.000	 3.0	 1.0
1	2015	213	20511.0	 23.0	 30.0	3.000	 2.0	 2.0
1	2015	214	6089.0	 24.0	 27.0	3.000	 1.0	15.0
1	2015	215	16892.0	 23.0	 29.0	3.000	 2.0	 6.0
1	2015	216	20994.0	 23.0	 30.0	3.000	 3.0	 3.0
1	2015	217	8558.0	 23.0	 27.0	3.000	 1.0	13.0
1	2015	218	18239.0	 23.0	 30.0	3.000	 2.0	15.0
1	2015	219	15760.0	 23.0	 28.0	3.000	 3.0	 5.0
1	2015	220	13307.0	 23.0	 28.0	3.000	 1.0	 7.0
1	2015	221	21762.0	 22.0	 30.0	3.000	 1.0	 2.0
1	2015	222	8201.0	 23.0	 26.0	3.000	 2.0	49.0
1	2015	223	15106.0	 23.0	 29.0	3.000	 3.0	 6.0
1	2015	224	20629.0	 22.0	 30.0	3.000	 2.0	 5.0
1	2015	225	16838.0	 23.0	 29.0	3.000	 1.0	14.0
1	2015	226	20321.0	 23.0	 31.0	3.000	 1.0	 1.0
1	2015	227	15359.0	 23.0	 28.0	3.000	 2.0	 3.0
1	2015	228	19673.0	 23.0	 30.0	3.000	 3.0	 1.0
1	2015	229	17838.0	 24.0	 30.0	3.000	 2.0	 5.0
1	2015	230	6725.0	 23.0	 27.0	3.000	 1.0	57.0
1	2015	231	18682.0	 22.0	 29.0	3.000	 2.0	 2.0
1	2015	232	18965.0	 23.0	 29.0	3.000	 1.0	 9.0
1	2015	233	15756.0	 23.0	 29.0	3.000	 1.0	16.0
1	2015	234	13508.0	 23.0	 28.0	3.000	 2.0	 1.0
1	2015	235	20085.0	 23.0	 31.0	3.000	 2.0	 0.0
1	2015	236	20662.0	 24.0	 31.0	3.000	 2.0	 9.0
1	2015	237	15153.0	 23.0	 29.0	3.000	 3.0	 2.0
1	2015	238	16347.0	 23.0	 29.0	3.000	 2.0	 7.0
1	2015	239	15163.0	 22.0	 28.0	3.000	 2.0	 3.0
1	2015	240	14787.0	 23.0	 29.0	3.000	 2.0	 4.0
1	2015	241	12424.0	 23.0	 27.0	3.000	 2.0	 9.0
1	2015	242	14798.0	 22.0	 29.0	3.000	 2.0	 9.0
1	2015	243	21258.0	 23.0	 30.0	3.000	 2.0	 3.0
1	2015	244	13676.0	 23.0	 29.0	3.000	 2.0	31.0
1	2015	245	15245.0	 23.0	 28.0	3.000	 2.0	 1.0
1	2015	246	19851.0	 23.0	 30.0	3.000	 2.0	 9.0
1	2015	247	16555.0	 23.0	 29.0	3.000	 1.0	 6.0
1	2015	248	17234.0	 22.0	 30.0	3.000	 1.0	 1.0
1	2015	249	13637.0	 23.0	 29.0	3.000	 2.0	17.0
1	2015	250	15024.0	 22.0	 30.0	3.000	 2.0	 0.0
1	2015	251	15199.0	 22.0	 29.0	3.000	 2.0	 3.0
1	2015	252	15473.0	 23.0	 29.0	3.000	 2.0	 9.0
1	2015	253	22065.0	 23.0	 30.0	3.000	 2.0	 1.0
1	2015	254	23157.0	 23.0	 31.0	3.000	 1.0	 1.0
1	2015	255	19826.0	 23.0	 31.0	3.000	 2.0	 1.0
1	2015	256	22281.0	 23.0	 31.0	3.000	 2.0	 3.0
1	2015	257	17850.0	 24.0	 30.0	3.000	 2.0	 1.0
1	2015	258	19979.0	 23.0	 30.0	3.000	 2.0	 6.0
1	2015	259	16109.0	 23.0	 30.0	3.000	 3.0	 2.0
1	2015	260	22686.0	 23.0	 31.0	3.000	 2.0	 3.0
1	2015	261	12092.0	 23.0	 28.0	3.000	 1.0	 2.0
1	2015	262	20339.0	 22.0	 30.0	3.000	 1.0	 6.0
1	2015	263	17189.0	 23.0	 30.0	3.000	 1.0	 8.0
1	2015	264	17301.0	 23.0	 29.0	3.000	 1.0	 8.0
1	2015	265	18582.0	 23.0	 30.0	3.000	 2.0	 2.0
1	2015	266	20643.0	 23.0	 31.0	3.000	 2.0	 1.0
1	2015	267	21926.0	 23.0	 31.0	3.000	 1.0	 2.0
1	2015	268	12570.0	 23.0	 29.0	3.000	 2.0	 2.0
1	2015	269	20043.0	 23.0	 31.0	3.000	 2.0	 1.0
1	2015	270	23554.0	 23.0	 31.0	3.000	 1.0	 1.0
1	2015	271	21240.0	 24.0	 31.0	3.000	 2.0	 2.0
1	2015	272	14137.0	 24.0	 30.0	3.000	 2.0	 2.0
1	2015	273	21731.0	 23.0	 31.0	3.000	 1.0	 7.0
1	2015	274	17288.0	 23.0	 31.0	3.000	 2.0	 0.0
1	2015	275	21899.0	 24.0	 32.0	3.000	 1.0	 1.0
1	2015	276	12577.0	 23.0	 30.0	3.000	 2.0	 2.0
1	2015	277	20158.0	 23.0	 31.0	3.000	 1.0	 2.0
1	2015	278	11375.0	 24.0	 28.0	3.000	 1.0	 8.0
1	2015	279	21092.0	 23.0	 31.0	3.000	 1.0	 0.0
1	2015	280	18794.0	 24.0	 30.0	3.000	 2.0	 5.0
1	2015	281	18215.0	 23.0	 31.0	3.000	 2.0	 0.0
1	2015	282	20626.0	 24.0	 31.0	3.000	 2.0	 2.0
1	2015	283	17081.0	 23.0	 30.0	3.000	 1.0	 3.0
1	2015	284	18802.0	 23.0	 30.0	3.000	 1.0	 0.0
1	2015	285	19837.0	 23.0	 32.0	3.000	 1.0	 1.0
1	2015	286	21421.0	 23.0	 32.0	3.000	 1.0	 0.0
1	2015	287	20971.0	 25.0	 32.0	3.000	 2.0	 1.0
1	2015	288	21108.0	 24.0	 33.0	3.000	 2.0	 0.0
1	2015	289	23556.0	 23.0	 33.0	3.000	 2.0	 0.0
1	2015	290	23055.0	 25.0	 33.0	3.000	 2.0	 0.0
1	2015	291	20712.0	 24.0	 32.0	3.000	 2.0	 7.0
1	2015	292	22522.0	 24.0	 33.0	3.000	 2.0	 0.0
1	2015	293	21648.0	 24.0	 33.0	3.000	 2.0	 2.0
1	2015	294	18804.0	 24.0	 32.0	3.000	 2.0	 7.0
1	2015	295	16735.0	 24.0	 32.0	3.000	 3.0	 1.0
1	2015	296	19342.0	 24.0	 32.0	3.000	 2.0	 0.0
1	2015	297	22875.0	 24.0	 33.0	3.000	 2.0	 0.0
1	2015	298	22393.0	 25.0	 33.0	3.000	 3.0	 0.0
1	2015	299	19331.0	 25.0	 32.0	3.000	 2.0	 2.0
1	2015	300	20522.0	 25.0	 33.0	3.000	 2.0	 4.0
1	2015	301	18856.0	 23.0	 32.0	3.000	 2.0	 2.0
1	2015	302	21983.0	 23.0	 33.0	3.000	 1.0	 1.0
1	2015	303	20000.0	 24.0	 32.0	3.000	 2.0	 1.0
1	2015	304	13762.0	 24.0	 31.0	3.000	 1.0	 0.0
1	2015	305	17785.0	 24.0	 32.0	3.000	 2.0	 0.0
1	2015	306	21278.0	 24.0	 34.0	3.000	 1.0	 0.0
1	2015	307	21539.0	 24.0	 36.0	2.000	 1.0	 0.0
1	2015	308	22415.0	 23.0	 35.0	2.000	 1.0	 0.0
1	2015	309	20869.0	 23.0	 35.0	2.000	 1.0	 0.0
1	2015	310	20642.0	 23.0	 34.0	2.000	 1.0	 0.0
1	2015	311	22864.0	 21.0	 35.0	2.000	 1.0	 0.0
1	2015	312	20312.0	 22.0	 34.0	2.000	 1.0	 0.0
1	2015	313	20202.0	 23.0	 35.0	2.000	 1.0	 0.0
1	2015	314	20118.0	 24.0	 36.0	2.000	 2.0	 0.0
1	2015	315	21793.0	 24.0	 36.0	2.000	 2.0	 0.0
1	2015	316	22765.0	 23.0	 37.0	1.000	 3.0	 0.0
1	2015	317	22873.0	 24.0	 37.0	1.000	 4.0	 0.0
1	2015	318	23107.0	 24.0	 36.0	1.000	 4.0	 0.0
1	2015	319	23031.0	 21.0	 36.0	1.000	 2.0	 0.0
1	2015	320	22688.0	 22.0	 36.0	1.000	 3.0	 0.0
1	2015	321	22025.0	 22.0	 36.0	1.000	 3.0	 0.0
1	2015	322	22574.0	 21.0	 36.0	1.000	 3.0	 0.0
1	2015	323	22457.0	 22.0	 36.0	1.000	 3.0	 0.0
1	2015	324	22238.0	 22.0	 36.0	1.000	 3.0	 0.0
1	2015	325	21826.0	 23.0	 35.0	1.000	 3.0	 0.0
1	2015	326	22307.0	 21.0	 35.0	1.000	 2.0	 0.0
1	2015	327	21535.0	 21.0	 36.0	1.000	 1.0	 0.0
1	2015	328	21463.0	 23.0	 37.0	1.000	 2.0	 0.0
1	2015	329	21768.0	 22.0	 37.0	1.000	 2.0	 0.0
1	2015	330	21389.0	 22.0	 37.0	1.000	 2.0	 0.0
1	2015	331	21580.0	 21.0	 36.0	2.000	 1.0	 0.0
1	2015	332	21779.0	 22.0	 36.0	1.000	 2.0	 0.0
1	2015	333	21910.0	 21.0	 36.0	1.000	 1.0	 0.0
1	2015	334	22385.0	 20.0	 36.0	1.000	 3.0	 0.0
1	2015	335	22322.0	 21.0	 36.0	1.000	 3.0	 0.0
1	2015	336	21673.0	 22.0	 35.0	1.000	 3.0	 0.0
1	2015	337	21592.0	 22.0	 34.0	1.000	 4.0	 0.0
1	2015	338	21627.0	 21.0	 34.0	1.000	 4.0	 0.0
1	2015	339	21667.0	 20.0	 33.0	1.000	 4.0	 0.0
1	2015	340	21428.0	 20.0	 33.0	1.000	 3.0	 0.0
1	2015	341	19886.0	 22.0	 33.0	1.000	 3.0	 0.0
1	2015	342	21304.0	 20.0	 33.0	1.000	 3.0	 0.0
1	2015	343	21347.0	 19.0	 33.0	1.000	 3.0	 0.0
1	2015	344	21470.0	 19.0	 33.0	1.000	 3.0	 0.0
1	2015	345	21341.0	 20.0	 34.0	1.000	 3.0	 0.0
1	2015	346	21153.0	 20.0	 34.0	1.000	 3.0	 0.0
1	2015	347	21593.0	 19.0	 33.0	1.000	 3.0	 0.0
1	2015	348	21495.0	 18.0	 33.0	1.000	 3.0	 0.0
1	2015	349	21514.0	 19.0	 33.0	1.000	 4.0	 0.0
1	2015	350	21635.0	 18.0	 33.0	1.000	 4.0	 0.0
1	2015	351	21665.0	 19.0	 33.0	1.000	 4.0	 0.0
1	2015	352	21579.0	 18.0	 32.0	1.000	 4.0	 0.0
1	2015	353	21387.0	 18.0	 32.0	1.000	 3.0	 0.0
1	2015	354	20546.0	 18.0	 32.0	1.000	 3.0	 0.0
1	2015	355	19770.0	 20.0	 32.0	1.000	 3.0	 0.0
1	2015	356	20481.0	 20.0	 34.0	1.000	 3.0	 0.0
1	2015	357	20922.0	 20.0	 33.0	1.000	 4.0	 0.0
1	2015	358	21161.0	 19.0	 33.0	1.000	 4.0	 0.0
1	2015	359	21347.0	 18.0	 33.0	1.000	 4.0	 0.0
1	2015	360	21024.0	 19.0	 33.0	1.000	 4.0	 0.0
1	2015	361	21166.0	 19.0	 33.0	1.000	 4.0	 0.0
1	2015	362	21037.0	 19.0	 34.0	1.000	 3.0	 0.0
1	2015	363	19886.0	 20.0	 34.0	1.000	 3.0	 0.0
1	2015	364	21257.0	 20.0	 35.0	1.000	 4.0	 0.0
1	2015	365	21335.0	 19.0	 34.0	1.000	 3.0	 0.0
