*---------------------------------------------------
* Station: Upper_East
* Year: 2016
* Origin: ERA5-Reanalysis
* Columns & units
* ===================
* 1. station number
* 2. year
* 3. Day of Year
* 4. Irradiance   (kJ路m-2路d-1)
* 5. Daily minimum temperature (degC)
* 6. Daily maximum temperature (degC)
* 7. Vapour pressure (kPa)
* 8. Mean wind speed (m路s-1)
* 9. Precipitation (mm路d-1)
** WCCDESCRIPTION=Upper_East
** WCCFORMAT=2
** WCCYEARNR=2016
*------------------------------------------------------------*
-0.81  10.78  204.00 -0.18  -0.55
1	2016	1	20993.0	 19.0	 33.0	1.000	 3.0	 0.0
1	2016	2	21212.0	 19.0	 33.0	1.000	 4.0	 0.0
1	2016	3	19991.0	 19.0	 33.0	1.000	 4.0	 0.0
1	2016	4	18710.0	 19.0	 33.0	1.000	 3.0	 0.0
1	2016	5	18694.0	 19.0	 33.0	1.000	 3.0	 0.0
1	2016	6	20658.0	 21.0	 33.0	1.000	 4.0	 0.0
1	2016	7	20086.0	 20.0	 34.0	1.000	 4.0	 0.0
1	2016	8	18475.0	 22.0	 36.0	1.000	 4.0	 0.0
1	2016	9	20686.0	 21.0	 37.0	1.000	 3.0	 0.0
1	2016	10	21780.0	 20.0	 37.0	1.000	 3.0	 0.0
1	2016	11	21803.0	 21.0	 37.0	1.000	 3.0	 0.0
1	2016	12	21707.0	 21.0	 36.0	1.000	 3.0	 0.0
1	2016	13	21984.0	 21.0	 36.0	1.000	 3.0	 0.0
1	2016	14	21877.0	 20.0	 35.0	1.000	 3.0	 0.0
1	2016	15	21763.0	 20.0	 35.0	1.000	 3.0	 0.0
1	2016	16	21902.0	 20.0	 36.0	1.000	 3.0	 0.0
1	2016	17	22010.0	 20.0	 36.0	1.000	 3.0	 0.0
1	2016	18	22105.0	 20.0	 36.0	1.000	 3.0	 0.0
1	2016	19	21987.0	 20.0	 36.0	1.000	 3.0	 0.0
1	2016	20	21688.0	 20.0	 35.0	1.000	 3.0	 0.0
1	2016	21	21696.0	 21.0	 35.0	1.000	 4.0	 0.0
1	2016	22	22375.0	 20.0	 35.0	1.000	 4.0	 0.0
1	2016	23	21921.0	 20.0	 35.0	1.000	 4.0	 0.0
1	2016	24	21987.0	 22.0	 34.0	1.000	 5.0	 0.0
1	2016	25	20911.0	 23.0	 33.0	1.000	 4.0	 0.0
1	2016	26	21510.0	 22.0	 33.0	1.000	 4.0	 0.0
1	2016	27	21170.0	 22.0	 33.0	1.000	 4.0	 0.0
1	2016	28	22559.0	 20.0	 32.0	1.000	 4.0	 0.0
1	2016	29	22277.0	 20.0	 32.0	1.000	 4.0	 0.0
1	2016	30	22574.0	 20.0	 33.0	1.000	 4.0	 0.0
1	2016	31	22832.0	 19.0	 34.0	1.000	 3.0	 0.0
1	2016	32	23192.0	 18.0	 34.0	1.000	 3.0	 0.0
1	2016	33	23308.0	 19.0	 34.0	1.000	 3.0	 0.0
1	2016	34	23098.0	 19.0	 35.0	1.000	 3.0	 0.0
1	2016	35	22851.0	 21.0	 36.0	1.000	 3.0	 0.0
1	2016	36	22874.0	 22.0	 37.0	1.000	 3.0	 0.0
1	2016	37	23145.0	 22.0	 38.0	1.000	 4.0	 0.0
1	2016	38	23506.0	 22.0	 36.0	1.000	 5.0	 0.0
1	2016	39	23521.0	 20.0	 35.0	1.000	 4.0	 0.0
1	2016	40	23847.0	 21.0	 36.0	1.000	 4.0	 0.0
1	2016	41	24104.0	 20.0	 35.0	1.000	 4.0	 0.0
1	2016	42	24084.0	 20.0	 35.0	1.000	 3.0	 0.0
1	2016	43	24089.0	 20.0	 35.0	1.000	 3.0	 0.0
1	2016	44	24270.0	 19.0	 35.0	1.000	 3.0	 0.0
1	2016	45	22468.0	 20.0	 36.0	1.000	 3.0	 0.0
1	2016	46	22992.0	 20.0	 37.0	1.000	 2.0	 0.0
1	2016	47	22440.0	 23.0	 38.0	1.000	 2.0	 0.0
1	2016	48	23005.0	 23.0	 39.0	1.000	 2.0	 0.0
1	2016	49	23585.0	 25.0	 38.0	1.000	 3.0	 0.0
1	2016	50	24121.0	 22.0	 39.0	1.000	 2.0	 0.0
1	2016	51	24168.0	 22.0	 40.0	1.000	 3.0	 0.0
1	2016	52	24813.0	 24.0	 38.0	1.000	 4.0	 0.0
1	2016	53	24094.0	 22.0	 39.0	1.000	 3.0	 0.0
1	2016	54	24180.0	 25.0	 39.0	1.000	 3.0	 0.0
1	2016	55	25237.0	 23.0	 38.0	1.000	 3.0	 0.0
1	2016	56	25146.0	 22.0	 38.0	1.000	 3.0	 0.0
1	2016	57	24938.0	 22.0	 39.0	1.000	 2.0	 0.0
1	2016	58	24017.0	 23.0	 39.0	1.000	 1.0	 0.0
1	2016	59	24057.0	 22.0	 40.0	1.000	 1.0	 0.0
1	2016	60	22201.0	 26.0	 38.0	2.000	 1.0	 0.0
1	2016	61	23746.0	 25.0	 40.0	2.000	 1.0	 0.0
1	2016	62	25052.0	 24.0	 40.0	1.000	 3.0	 0.0
1	2016	63	24967.0	 24.0	 40.0	1.000	 2.0	 0.0
1	2016	64	25368.0	 22.0	 40.0	1.000	 1.0	 0.0
1	2016	65	25316.0	 22.0	 40.0	1.000	 2.0	 0.0
1	2016	66	25194.0	 22.0	 39.0	1.000	 1.0	 0.0
1	2016	67	24732.0	 23.0	 40.0	1.000	 2.0	 0.0
1	2016	68	23627.0	 27.0	 40.0	1.000	 1.0	 0.0
1	2016	69	22471.0	 28.0	 40.0	1.000	 1.0	 0.0
1	2016	70	24776.0	 27.0	 40.0	1.000	 2.0	 0.0
1	2016	71	21826.0	 28.0	 39.0	2.000	 2.0	 1.0
1	2016	72	19051.0	 26.0	 36.0	3.000	 3.0	 5.0
1	2016	73	21330.0	 27.0	 36.0	3.000	 2.0	 1.0
1	2016	74	19647.0	 25.0	 34.0	3.000	 3.0	14.0
1	2016	75	22968.0	 25.0	 35.0	3.000	 1.0	 0.0
1	2016	76	22361.0	 26.0	 35.0	3.000	 1.0	 0.0
1	2016	77	23084.0	 25.0	 38.0	3.000	 1.0	 3.0
1	2016	78	23642.0	 25.0	 37.0	2.000	 2.0	 0.0
1	2016	79	23451.0	 25.0	 37.0	3.000	 2.0	 0.0
1	2016	80	23601.0	 26.0	 40.0	2.000	 2.0	 0.0
1	2016	81	21124.0	 28.0	 39.0	2.000	 2.0	 0.0
1	2016	82	22778.0	 28.0	 39.0	2.000	 2.0	 0.0
1	2016	83	23509.0	 29.0	 39.0	3.000	 2.0	 1.0
1	2016	84	17568.0	 26.0	 35.0	3.000	 3.0	 2.0
1	2016	85	19870.0	 28.0	 38.0	2.000	 1.0	 0.0
1	2016	86	25975.0	 25.0	 38.0	1.000	 2.0	 0.0
1	2016	87	26425.0	 24.0	 40.0	1.000	 2.0	 0.0
1	2016	88	26150.0	 24.0	 41.0	1.000	 2.0	 0.0
1	2016	89	25382.0	 25.0	 41.0	1.000	 0.0	 0.0
1	2016	90	25682.0	 28.0	 42.0	2.000	 2.0	 0.0
1	2016	91	24283.0	 29.0	 41.0	2.000	 4.0	 0.0
1	2016	92	24001.0	 27.0	 39.0	3.000	 2.0	 3.0
1	2016	93	21425.0	 26.0	 38.0	3.000	 2.0	 0.0
1	2016	94	24316.0	 27.0	 39.0	3.000	 2.0	 0.0
1	2016	95	23449.0	 29.0	 40.0	3.000	 3.0	 1.0
1	2016	96	22560.0	 28.0	 39.0	2.000	 4.0	 0.0
1	2016	97	25358.0	 28.0	 41.0	2.000	 3.0	 0.0
1	2016	98	22785.0	 28.0	 38.0	3.000	 4.0	 0.0
1	2016	99	21875.0	 27.0	 38.0	3.000	 3.0	 0.0
1	2016	100	21869.0	 26.0	 37.0	3.000	 1.0	 5.0
1	2016	101	21925.0	 27.0	 37.0	3.000	 1.0	 0.0
1	2016	102	23361.0	 27.0	 39.0	3.000	 2.0	 1.0
1	2016	103	22450.0	 27.0	 41.0	3.000	 3.0	 0.0
1	2016	104	25661.0	 27.0	 40.0	3.000	 2.0	 0.0
1	2016	105	23278.0	 29.0	 40.0	3.000	 2.0	 1.0
1	2016	106	22475.0	 29.0	 40.0	3.000	 3.0	 0.0
1	2016	107	21183.0	 29.0	 38.0	3.000	 2.0	 1.0
1	2016	108	25297.0	 28.0	 40.0	3.000	 2.0	 0.0
1	2016	109	23282.0	 28.0	 38.0	3.000	 3.0	 1.0
1	2016	110	25720.0	 28.0	 40.0	2.000	 2.0	 0.0
1	2016	111	22149.0	 29.0	 40.0	2.000	 2.0	 1.0
1	2016	112	24622.0	 27.0	 40.0	3.000	 3.0	 0.0
1	2016	113	25756.0	 29.0	 41.0	3.000	 2.0	 0.0
1	2016	114	25987.0	 29.0	 41.0	3.000	 2.0	 0.0
1	2016	115	24492.0	 29.0	 40.0	2.000	 3.0	 0.0
1	2016	116	22992.0	 30.0	 40.0	2.000	 3.0	 0.0
1	2016	117	23453.0	 30.0	 39.0	3.000	 3.0	 1.0
1	2016	118	21775.0	 26.0	 37.0	3.000	 3.0	 9.0
1	2016	119	24264.0	 26.0	 38.0	3.000	 2.0	 2.0
1	2016	120	24182.0	 27.0	 38.0	3.000	 2.0	 1.0
1	2016	121	26032.0	 28.0	 40.0	3.000	 2.0	 0.0
1	2016	122	25795.0	 29.0	 41.0	3.000	 3.0	 0.0
1	2016	123	25382.0	 28.0	 40.0	3.000	 3.0	 0.0
1	2016	124	23560.0	 28.0	 38.0	3.000	 2.0	 0.0
1	2016	125	25198.0	 28.0	 39.0	3.000	 4.0	 1.0
1	2016	126	25380.0	 28.0	 39.0	3.000	 3.0	 0.0
1	2016	127	24117.0	 27.0	 39.0	3.000	 3.0	 1.0
1	2016	128	20703.0	 24.0	 36.0	3.000	 3.0	 3.0
1	2016	129	25168.0	 26.0	 38.0	3.000	 3.0	 0.0
1	2016	130	19592.0	 26.0	 36.0	3.000	 3.0	 5.0
1	2016	131	24380.0	 26.0	 37.0	3.000	 3.0	 0.0
1	2016	132	24871.0	 27.0	 38.0	3.000	 3.0	 0.0
1	2016	133	24731.0	 28.0	 38.0	3.000	 4.0	 0.0
1	2016	134	24309.0	 27.0	 37.0	3.000	 4.0	 2.0
1	2016	135	19085.0	 25.0	 34.0	3.000	 2.0	18.0
1	2016	136	22352.0	 26.0	 35.0	3.000	 2.0	 0.0
1	2016	137	24624.0	 26.0	 35.0	3.000	 3.0	 0.0
1	2016	138	23003.0	 26.0	 35.0	3.000	 4.0	 1.0
1	2016	139	24096.0	 26.0	 36.0	3.000	 4.0	 0.0
1	2016	140	23463.0	 26.0	 36.0	3.000	 3.0	 0.0
1	2016	141	23473.0	 27.0	 38.0	3.000	 2.0	 1.0
1	2016	142	23897.0	 28.0	 38.0	3.000	 2.0	 0.0
1	2016	143	22603.0	 27.0	 38.0	3.000	 4.0	 0.0
1	2016	144	16286.0	 26.0	 33.0	3.000	 4.0	 1.0
1	2016	145	6767.0	 25.0	 28.0	3.000	 3.0	 6.0
1	2016	146	18027.0	 24.0	 33.0	3.000	 3.0	 0.0
1	2016	147	23983.0	 25.0	 36.0	3.000	 2.0	 1.0
1	2016	148	22501.0	 27.0	 37.0	3.000	 3.0	 2.0
1	2016	149	15103.0	 27.0	 34.0	3.000	 3.0	 2.0
1	2016	150	21266.0	 25.0	 36.0	3.000	 2.0	 0.0
1	2016	151	24908.0	 25.0	 36.0	3.000	 3.0	 0.0
1	2016	152	23638.0	 25.0	 36.0	3.000	 2.0	 2.0
1	2016	153	24161.0	 26.0	 36.0	3.000	 3.0	 0.0
1	2016	154	23215.0	 27.0	 36.0	3.000	 3.0	 1.0
1	2016	155	21427.0	 26.0	 35.0	3.000	 4.0	 0.0
1	2016	156	25121.0	 26.0	 37.0	3.000	 3.0	 0.0
1	2016	157	22139.0	 27.0	 36.0	3.000	 3.0	 0.0
1	2016	158	20123.0	 25.0	 35.0	3.000	 3.0	 0.0
1	2016	159	23640.0	 26.0	 37.0	3.000	 3.0	 1.0
1	2016	160	24675.0	 26.0	 38.0	3.000	 3.0	 0.0
1	2016	161	18210.0	 27.0	 36.0	3.000	 4.0	 0.0
1	2016	162	15341.0	 25.0	 33.0	3.000	 3.0	 6.0
1	2016	163	20473.0	 25.0	 34.0	3.000	 3.0	 0.0
1	2016	164	19816.0	 26.0	 35.0	3.000	 3.0	 0.0
1	2016	165	17062.0	 25.0	 33.0	3.000	 3.0	 7.0
1	2016	166	20274.0	 25.0	 34.0	3.000	 4.0	 0.0
1	2016	167	21650.0	 24.0	 33.0	3.000	 3.0	 8.0
1	2016	168	13415.0	 24.0	 30.0	3.000	 3.0	14.0
1	2016	169	16947.0	 22.0	 30.0	3.000	 2.0	17.0
1	2016	170	18432.0	 23.0	 31.0	3.000	 2.0	 0.0
1	2016	171	22386.0	 24.0	 33.0	3.000	 4.0	 0.0
1	2016	172	15564.0	 24.0	 30.0	3.000	 5.0	 1.0
1	2016	173	16724.0	 23.0	 30.0	3.000	 4.0	 1.0
1	2016	174	20507.0	 23.0	 31.0	3.000	 3.0	 1.0
1	2016	175	20940.0	 24.0	 32.0	3.000	 2.0	 1.0
1	2016	176	21310.0	 25.0	 32.0	3.000	 2.0	 5.0
1	2016	177	16866.0	 23.0	 30.0	3.000	 3.0	 6.0
1	2016	178	22205.0	 24.0	 31.0	3.000	 2.0	 7.0
1	2016	179	15172.0	 24.0	 30.0	3.000	 2.0	 7.0
1	2016	180	12754.0	 23.0	 30.0	3.000	 2.0	 2.0
1	2016	181	18804.0	 23.0	 31.0	3.000	 2.0	 1.0
1	2016	182	14004.0	 24.0	 30.0	3.000	 2.0	 1.0
1	2016	183	15986.0	 23.0	 30.0	3.000	 2.0	 6.0
1	2016	184	21800.0	 24.0	 32.0	3.000	 2.0	 3.0
1	2016	185	18707.0	 24.0	 31.0	3.000	 2.0	 5.0
1	2016	186	16115.0	 24.0	 31.0	3.000	 3.0	 2.0
1	2016	187	19370.0	 25.0	 31.0	3.000	 3.0	 1.0
1	2016	188	20965.0	 24.0	 32.0	3.000	 3.0	 2.0
1	2016	189	19752.0	 24.0	 33.0	3.000	 3.0	 0.0
1	2016	190	20973.0	 25.0	 33.0	3.000	 3.0	 6.0
1	2016	191	19362.0	 25.0	 33.0	3.000	 3.0	 3.0
1	2016	192	15195.0	 23.0	 31.0	3.000	 4.0	12.0
1	2016	193	13475.0	 23.0	 29.0	3.000	 3.0	 5.0
1	2016	194	17159.0	 23.0	 30.0	3.000	 3.0	 2.0
1	2016	195	19540.0	 23.0	 31.0	3.000	 2.0	 1.0
1	2016	196	10797.0	 23.0	 28.0	3.000	 2.0	10.0
1	2016	197	17122.0	 22.0	 30.0	3.000	 3.0	 0.0
1	2016	198	17553.0	 23.0	 31.0	3.000	 3.0	 0.0
1	2016	199	15996.0	 24.0	 30.0	3.000	 3.0	 1.0
1	2016	200	20639.0	 23.0	 31.0	3.000	 3.0	 2.0
1	2016	201	16899.0	 24.0	 31.0	3.000	 2.0	 4.0
1	2016	202	7124.0	 23.0	 26.0	3.000	 3.0	37.0
1	2016	203	19842.0	 23.0	 30.0	3.000	 2.0	 4.0
1	2016	204	19685.0	 23.0	 30.0	3.000	 2.0	 9.0
1	2016	205	15225.0	 23.0	 29.0	3.000	 2.0	16.0
1	2016	206	9015.0	 23.0	 27.0	3.000	 2.0	28.0
1	2016	207	18918.0	 22.0	 29.0	3.000	 1.0	14.0
1	2016	208	12942.0	 23.0	 29.0	3.000	 2.0	 1.0
1	2016	209	21592.0	 23.0	 30.0	3.000	 2.0	 3.0
1	2016	210	18420.0	 23.0	 30.0	3.000	 2.0	 6.0
1	2016	211	18075.0	 23.0	 29.0	3.000	 2.0	 4.0
1	2016	212	17482.0	 23.0	 30.0	3.000	 2.0	 1.0
1	2016	213	16899.0	 23.0	 30.0	3.000	 3.0	 2.0
1	2016	214	21047.0	 23.0	 30.0	3.000	 2.0	 2.0
1	2016	215	21136.0	 23.0	 31.0	3.000	 2.0	 3.0
1	2016	216	17735.0	 24.0	 30.0	3.000	 2.0	12.0
1	2016	217	21756.0	 22.0	 30.0	3.000	 2.0	 1.0
1	2016	218	21216.0	 23.0	 30.0	3.000	 2.0	 0.0
1	2016	219	17958.0	 24.0	 30.0	3.000	 3.0	 2.0
1	2016	220	18528.0	 24.0	 30.0	3.000	 3.0	 5.0
1	2016	221	20952.0	 23.0	 30.0	3.000	 3.0	 3.0
1	2016	222	18326.0	 23.0	 30.0	3.000	 2.0	 3.0
1	2016	223	16254.0	 23.0	 29.0	3.000	 2.0	 6.0
1	2016	224	20507.0	 23.0	 30.0	3.000	 1.0	 3.0
1	2016	225	13369.0	 23.0	 29.0	3.000	 1.0	17.0
1	2016	226	19677.0	 23.0	 30.0	3.000	 2.0	 5.0
1	2016	227	18491.0	 22.0	 29.0	3.000	 2.0	 3.0
1	2016	228	14507.0	 23.0	 27.0	3.000	 2.0	 9.0
1	2016	229	17638.0	 23.0	 30.0	3.000	 1.0	 8.0
1	2016	230	14047.0	 23.0	 28.0	3.000	 2.0	 9.0
1	2016	231	12112.0	 23.0	 27.0	3.000	 2.0	 3.0
1	2016	232	19229.0	 22.0	 30.0	3.000	 1.0	 4.0
1	2016	233	22167.0	 23.0	 31.0	3.000	 1.0	 1.0
1	2016	234	19585.0	 24.0	 30.0	3.000	 2.0	 3.0
1	2016	235	15609.0	 23.0	 30.0	3.000	 3.0	 0.0
1	2016	236	21920.0	 24.0	 31.0	3.000	 1.0	 7.0
1	2016	237	12306.0	 23.0	 28.0	3.000	 2.0	33.0
1	2016	238	18103.0	 23.0	 30.0	3.000	 2.0	 5.0
1	2016	239	19163.0	 23.0	 30.0	3.000	 2.0	 1.0
1	2016	240	10701.0	 23.0	 28.0	3.000	 1.0	26.0
1	2016	241	5198.0	 22.0	 25.0	3.000	 3.0	25.0
1	2016	242	18957.0	 23.0	 29.0	3.000	 2.0	 2.0
1	2016	243	19457.0	 22.0	 30.0	3.000	 0.0	13.0
1	2016	244	15680.0	 23.0	 30.0	3.000	 0.0	 1.0
1	2016	245	18480.0	 23.0	 30.0	3.000	 2.0	 9.0
1	2016	246	20243.0	 22.0	 31.0	3.000	 1.0	 0.0
1	2016	247	18779.0	 23.0	 30.0	3.000	 1.0	 3.0
1	2016	248	21214.0	 23.0	 30.0	3.000	 1.0	 4.0
1	2016	249	18130.0	 23.0	 30.0	3.000	 2.0	 1.0
1	2016	250	14096.0	 23.0	 30.0	3.000	 2.0	 1.0
1	2016	251	22096.0	 23.0	 31.0	3.000	 1.0	 1.0
1	2016	252	19942.0	 23.0	 30.0	3.000	 1.0	 7.0
1	2016	253	19277.0	 23.0	 30.0	3.000	 2.0	 5.0
1	2016	254	16827.0	 23.0	 30.0	3.000	 1.0	 4.0
1	2016	255	21760.0	 22.0	 30.0	3.000	 1.0	 1.0
1	2016	256	22724.0	 23.0	 31.0	3.000	 2.0	 1.0
1	2016	257	15068.0	 23.0	 29.0	3.000	 1.0	 6.0
1	2016	258	15548.0	 23.0	 29.0	3.000	 1.0	18.0
1	2016	259	13889.0	 23.0	 28.0	3.000	 2.0	10.0
1	2016	260	19583.0	 22.0	 30.0	3.000	 1.0	 1.0
1	2016	261	20336.0	 23.0	 30.0	3.000	 1.0	 0.0
1	2016	262	19737.0	 23.0	 30.0	3.000	 2.0	 5.0
1	2016	263	21932.0	 23.0	 31.0	3.000	 1.0	 4.0
1	2016	264	13150.0	 22.0	 29.0	3.000	 2.0	 1.0
1	2016	265	18726.0	 23.0	 30.0	3.000	 2.0	 1.0
1	2016	266	20644.0	 23.0	 31.0	3.000	 2.0	 1.0
1	2016	267	14791.0	 23.0	 30.0	3.000	 1.0	 1.0
1	2016	268	18045.0	 23.0	 30.0	3.000	 1.0	 1.0
1	2016	269	15846.0	 24.0	 29.0	3.000	 2.0	 4.0
1	2016	270	17677.0	 23.0	 30.0	3.000	 1.0	 1.0
1	2016	271	20586.0	 23.0	 30.0	3.000	 1.0	 2.0
1	2016	272	20131.0	 23.0	 31.0	3.000	 2.0	 0.0
1	2016	273	22003.0	 24.0	 31.0	3.000	 2.0	 1.0
1	2016	274	23936.0	 24.0	 33.0	3.000	 1.0	 1.0
1	2016	275	16606.0	 23.0	 31.0	3.000	 2.0	 0.0
1	2016	276	22237.0	 23.0	 32.0	3.000	 2.0	 1.0
1	2016	277	24519.0	 24.0	 33.0	3.000	 2.0	 0.0
1	2016	278	24421.0	 23.0	 33.0	3.000	 2.0	 0.0
1	2016	279	23364.0	 24.0	 33.0	3.000	 1.0	 0.0
1	2016	280	20870.0	 25.0	 33.0	3.000	 2.0	 1.0
1	2016	281	23904.0	 24.0	 35.0	3.000	 1.0	 2.0
1	2016	282	19808.0	 24.0	 33.0	3.000	 2.0	 1.0
1	2016	283	9826.0	 24.0	 30.0	3.000	 2.0	 0.0
1	2016	284	18989.0	 23.0	 32.0	3.000	 2.0	 0.0
1	2016	285	23332.0	 23.0	 34.0	3.000	 1.0	 2.0
1	2016	286	21640.0	 24.0	 33.0	3.000	 2.0	 0.0
1	2016	287	23233.0	 24.0	 34.0	3.000	 2.0	 1.0
1	2016	288	22205.0	 25.0	 34.0	3.000	 1.0	 7.0
1	2016	289	21600.0	 23.0	 33.0	3.000	 1.0	 3.0
1	2016	290	22963.0	 24.0	 34.0	3.000	 1.0	 0.0
1	2016	291	23853.0	 23.0	 35.0	3.000	 2.0	 0.0
1	2016	292	22395.0	 24.0	 34.0	3.000	 3.0	 0.0
1	2016	293	23118.0	 24.0	 34.0	3.000	 2.0	 0.0
1	2016	294	22741.0	 24.0	 35.0	3.000	 1.0	 0.0
1	2016	295	22233.0	 24.0	 36.0	3.000	 1.0	 0.0
1	2016	296	19442.0	 25.0	 34.0	3.000	 2.0	 0.0
1	2016	297	23187.0	 24.0	 36.0	2.000	 2.0	 0.0
1	2016	298	23602.0	 24.0	 37.0	2.000	 1.0	 0.0
1	2016	299	22967.0	 23.0	 36.0	2.000	 1.0	 0.0
1	2016	300	23843.0	 22.0	 36.0	2.000	 0.0	 0.0
1	2016	301	23028.0	 22.0	 36.0	2.000	 1.0	 0.0
1	2016	302	22695.0	 23.0	 36.0	2.000	 1.0	 0.0
1	2016	303	19968.0	 24.0	 34.0	2.000	 1.0	 0.0
1	2016	304	19256.0	 25.0	 35.0	2.000	 1.0	 1.0
1	2016	305	21247.0	 24.0	 35.0	2.000	 2.0	 0.0
1	2016	306	21560.0	 25.0	 36.0	2.000	 1.0	 0.0
1	2016	307	20439.0	 26.0	 36.0	3.000	 1.0	 2.0
1	2016	308	20742.0	 25.0	 36.0	3.000	 2.0	 0.0
1	2016	309	20857.0	 25.0	 36.0	2.000	 2.0	 0.0
1	2016	310	23710.0	 20.0	 36.0	1.000	 2.0	 0.0
1	2016	311	23246.0	 20.0	 36.0	1.000	 2.0	 0.0
1	2016	312	18950.0	 22.0	 36.0	2.000	 2.0	 0.0
1	2016	313	23221.0	 21.0	 36.0	2.000	 2.0	 0.0
1	2016	314	23440.0	 21.0	 37.0	1.000	 2.0	 0.0
1	2016	315	23738.0	 20.0	 36.0	1.000	 2.0	 0.0
1	2016	316	23577.0	 19.0	 35.0	1.000	 1.0	 0.0
1	2016	317	21938.0	 20.0	 35.0	2.000	 3.0	 0.0
1	2016	318	20098.0	 22.0	 34.0	2.000	 1.0	 0.0
1	2016	319	22324.0	 23.0	 36.0	2.000	 2.0	 0.0
1	2016	320	22475.0	 21.0	 36.0	1.000	 2.0	 0.0
1	2016	321	22676.0	 20.0	 36.0	1.000	 2.0	 0.0
1	2016	322	22644.0	 20.0	 37.0	1.000	 2.0	 0.0
1	2016	323	22248.0	 20.0	 36.0	2.000	 1.0	 0.0
1	2016	324	20145.0	 22.0	 36.0	2.000	 1.0	 0.0
1	2016	325	21943.0	 23.0	 37.0	2.000	 1.0	 0.0
1	2016	326	21377.0	 22.0	 36.0	2.000	 2.0	 0.0
1	2016	327	21321.0	 21.0	 36.0	2.000	 1.0	 0.0
1	2016	328	17945.0	 24.0	 36.0	2.000	 1.0	 0.0
1	2016	329	19587.0	 25.0	 37.0	2.000	 0.0	 0.0
1	2016	330	21005.0	 23.0	 38.0	2.000	 1.0	 0.0
1	2016	331	21428.0	 22.0	 37.0	2.000	 1.0	 0.0
1	2016	332	19418.0	 24.0	 36.0	2.000	 1.0	 0.0
1	2016	333	20429.0	 24.0	 36.0	2.000	 1.0	 0.0
1	2016	334	19741.0	 25.0	 36.0	2.000	 1.0	 0.0
1	2016	335	20121.0	 24.0	 37.0	2.000	 1.0	 0.0
1	2016	336	21309.0	 21.0	 37.0	1.000	 2.0	 0.0
1	2016	337	21580.0	 22.0	 37.0	1.000	 2.0	 0.0
1	2016	338	21473.0	 24.0	 37.0	1.000	 3.0	 0.0
1	2016	339	21587.0	 22.0	 36.0	1.000	 3.0	 0.0
1	2016	340	21107.0	 22.0	 36.0	1.000	 2.0	 0.0
1	2016	341	21117.0	 22.0	 36.0	1.000	 2.0	 0.0
1	2016	342	21180.0	 22.0	 37.0	1.000	 2.0	 0.0
1	2016	343	21042.0	 23.0	 37.0	1.000	 3.0	 0.0
1	2016	344	20754.0	 22.0	 37.0	1.000	 3.0	 0.0
1	2016	345	17833.0	 24.0	 36.0	1.000	 4.0	 0.0
1	2016	346	20667.0	 22.0	 36.0	1.000	 3.0	 0.0
1	2016	347	20319.0	 21.0	 36.0	1.000	 2.0	 0.0
1	2016	348	12179.0	 23.0	 34.0	1.000	 1.0	 0.0
1	2016	349	18147.0	 22.0	 35.0	1.000	 3.0	 0.0
1	2016	350	20861.0	 21.0	 36.0	1.000	 3.0	 0.0
1	2016	351	20839.0	 20.0	 36.0	1.000	 2.0	 0.0
1	2016	352	19975.0	 23.0	 36.0	1.000	 2.0	 0.0
1	2016	353	18352.0	 23.0	 36.0	1.000	 2.0	 0.0
1	2016	354	19923.0	 21.0	 37.0	1.000	 2.0	 0.0
1	2016	355	21143.0	 21.0	 36.0	1.000	 3.0	 0.0
1	2016	356	21354.0	 21.0	 37.0	1.000	 2.0	 0.0
1	2016	357	21266.0	 21.0	 37.0	1.000	 3.0	 0.0
1	2016	358	21439.0	 22.0	 37.0	1.000	 3.0	 0.0
1	2016	359	21191.0	 21.0	 36.0	1.000	 3.0	 0.0
1	2016	360	20990.0	 21.0	 36.0	1.000	 3.0	 0.0
1	2016	361	20969.0	 22.0	 34.0	1.000	 4.0	 0.0
1	2016	362	20982.0	 20.0	 34.0	1.000	 4.0	 0.0
1	2016	363	20645.0	 20.0	 34.0	1.000	 3.0	 0.0
1	2016	364	20756.0	 21.0	 35.0	1.000	 3.0	 0.0
1	2016	365	20823.0	 21.0	 35.0	1.000	 3.0	 0.0
1	2016	366	20855.0	 21.0	 34.0	1.000	 3.0	 0.0
