*---------------------------------------------------
* Station: Upper_East
* Year: 2017
* Origin: ERA5-Reanalysis
* Columns & units
* ===================
* 1. station number
* 2. year
* 3. Day of Year
* 4. Irradiance   (kJ路m-2路d-1)
* 5. Daily minimum temperature (degC)
* 6. Daily maximum temperature (degC)
* 7. Vapour pressure (kPa)
* 8. Mean wind speed (m路s-1)
* 9. Precipitation (mm路d-1)
** WCCDESCRIPTION=Upper_East
** WCCFORMAT=2
** WCCYEARNR=2017
*------------------------------------------------------------*
-0.81  10.78  204.00 -0.18  -0.55
1	2017	1	20905.0	 21.0	 34.0	1.000	 3.0	 0.0
1	2017	2	21023.0	 21.0	 34.0	1.000	 3.0	 0.0
1	2017	3	21133.0	 20.0	 34.0	1.000	 3.0	 0.0
1	2017	4	21153.0	 20.0	 34.0	1.000	 3.0	 0.0
1	2017	5	21163.0	 20.0	 35.0	1.000	 3.0	 0.0
1	2017	6	21300.0	 20.0	 36.0	1.000	 3.0	 0.0
1	2017	7	21040.0	 22.0	 36.0	1.000	 3.0	 0.0
1	2017	8	21080.0	 22.0	 36.0	1.000	 3.0	 0.0
1	2017	9	20586.0	 22.0	 36.0	1.000	 3.0	 0.0
1	2017	10	21545.0	 20.0	 35.0	1.000	 3.0	 0.0
1	2017	11	21476.0	 19.0	 35.0	1.000	 2.0	 0.0
1	2017	12	21553.0	 19.0	 34.0	1.000	 3.0	 0.0
1	2017	13	21438.0	 20.0	 33.0	0.500	 4.0	 0.0
1	2017	14	20161.0	 19.0	 33.0	1.000	 3.0	 0.0
1	2017	15	21238.0	 20.0	 35.0	1.000	 3.0	 0.0
1	2017	16	21088.0	 21.0	 36.0	1.000	 3.0	 0.0
1	2017	17	21471.0	 21.0	 36.0	1.000	 3.0	 0.0
1	2017	18	21474.0	 20.0	 37.0	1.000	 2.0	 0.0
1	2017	19	20978.0	 20.0	 37.0	1.000	 1.0	 0.0
1	2017	20	21587.0	 22.0	 38.0	1.000	 2.0	 0.0
1	2017	21	21477.0	 23.0	 38.0	1.000	 3.0	 0.0
1	2017	22	21739.0	 21.0	 37.0	1.000	 3.0	 0.0
1	2017	23	19952.0	 23.0	 35.0	1.000	 3.0	 0.0
1	2017	24	20274.0	 22.0	 34.0	1.000	 3.0	 0.0
1	2017	25	22050.0	 21.0	 35.0	1.000	 3.0	 0.0
1	2017	26	22132.0	 21.0	 36.0	1.000	 3.0	 0.0
1	2017	27	22179.0	 22.0	 37.0	1.000	 3.0	 0.0
1	2017	28	22338.0	 23.0	 37.0	1.000	 3.0	 0.0
1	2017	29	22440.0	 23.0	 37.0	1.000	 3.0	 0.0
1	2017	30	22581.0	 22.0	 37.0	1.000	 3.0	 0.0
1	2017	31	22609.0	 22.0	 37.0	1.000	 3.0	 0.0
1	2017	32	21934.0	 23.0	 37.0	1.000	 2.0	 0.0
1	2017	33	19470.0	 25.0	 36.0	2.000	 1.0	 0.0
1	2017	34	20959.0	 26.0	 37.0	1.000	 3.0	 0.0
1	2017	35	22653.0	 24.0	 38.0	1.000	 3.0	 0.0
1	2017	36	22922.0	 24.0	 37.0	1.000	 3.0	 0.0
1	2017	37	22865.0	 23.0	 37.0	1.000	 4.0	 0.0
1	2017	38	23197.0	 23.0	 37.0	1.000	 4.0	 0.0
1	2017	39	23264.0	 22.0	 37.0	1.000	 3.0	 0.0
1	2017	40	23390.0	 22.0	 37.0	1.000	 3.0	 0.0
1	2017	41	23260.0	 22.0	 37.0	1.000	 3.0	 0.0
1	2017	42	23092.0	 22.0	 38.0	1.000	 3.0	 0.0
1	2017	43	23025.0	 23.0	 38.0	1.000	 3.0	 0.0
1	2017	44	23471.0	 24.0	 39.0	1.000	 4.0	 0.0
1	2017	45	23336.0	 25.0	 39.0	1.000	 4.0	 0.0
1	2017	46	23423.0	 25.0	 38.0	1.000	 4.0	 0.0
1	2017	47	24033.0	 24.0	 37.0	1.000	 4.0	 0.0
1	2017	48	24077.0	 24.0	 36.0	1.000	 5.0	 0.0
1	2017	49	24082.0	 22.0	 36.0	0.500	 5.0	 0.0
1	2017	50	24837.0	 21.0	 36.0	1.000	 3.0	 0.0
1	2017	51	24692.0	 20.0	 36.0	1.000	 3.0	 0.0
1	2017	52	24102.0	 22.0	 38.0	1.000	 3.0	 0.0
1	2017	53	24190.0	 23.0	 39.0	1.000	 3.0	 0.0
1	2017	54	24014.0	 24.0	 39.0	1.000	 2.0	 0.0
1	2017	55	23204.0	 25.0	 39.0	1.000	 2.0	 0.0
1	2017	56	23575.0	 24.0	 39.0	1.000	 2.0	 0.0
1	2017	57	24474.0	 24.0	 39.0	1.000	 2.0	 0.0
1	2017	58	23525.0	 21.0	 38.0	1.000	 2.0	 0.0
1	2017	59	25146.0	 22.0	 40.0	0.500	 2.0	 0.0
1	2017	60	25775.0	 22.0	 40.0	1.000	 3.0	 0.0
1	2017	61	23813.0	 21.0	 40.0	1.000	 1.0	 0.0
1	2017	62	24727.0	 24.0	 41.0	1.000	 1.0	 0.0
1	2017	63	25240.0	 23.0	 40.0	1.000	 2.0	 0.0
1	2017	64	24955.0	 24.0	 40.0	1.000	 2.0	 0.0
1	2017	65	25551.0	 22.0	 40.0	1.000	 2.0	 0.0
1	2017	66	24874.0	 22.0	 38.0	1.000	 2.0	 0.0
1	2017	67	26017.0	 22.0	 40.0	1.000	 2.0	 0.0
1	2017	68	25940.0	 23.0	 40.0	1.000	 3.0	 0.0
1	2017	69	24783.0	 24.0	 39.0	1.000	 2.0	 0.0
1	2017	70	25439.0	 24.0	 39.0	1.000	 2.0	 0.0
1	2017	71	25655.0	 24.0	 39.0	1.000	 2.0	 0.0
1	2017	72	25620.0	 23.0	 40.0	1.000	 2.0	 0.0
1	2017	73	24830.0	 25.0	 40.0	2.000	 2.0	 0.0
1	2017	74	25258.0	 26.0	 40.0	2.000	 1.0	 0.0
1	2017	75	26019.0	 22.0	 41.0	1.000	 2.0	 0.0
1	2017	76	25965.0	 22.0	 40.0	1.000	 2.0	 0.0
1	2017	77	24855.0	 26.0	 40.0	2.000	 3.0	 0.0
1	2017	78	21579.0	 29.0	 39.0	2.000	 2.0	 0.0
1	2017	79	22856.0	 28.0	 39.0	2.000	 3.0	 0.0
1	2017	80	24371.0	 27.0	 41.0	2.000	 1.0	 0.0
1	2017	81	20407.0	 27.0	 39.0	1.000	 1.0	 0.0
1	2017	82	23754.0	 26.0	 39.0	2.000	 2.0	 0.0
1	2017	83	24417.0	 27.0	 39.0	2.000	 2.0	 0.0
1	2017	84	23460.0	 27.0	 40.0	2.000	 1.0	 0.0
1	2017	85	25171.0	 28.0	 41.0	2.000	 1.0	 0.0
1	2017	86	22934.0	 28.0	 40.0	2.000	 1.0	 0.0
1	2017	87	24759.0	 27.0	 41.0	2.000	 1.0	 0.0
1	2017	88	25964.0	 24.0	 41.0	2.000	 1.0	 0.0
1	2017	89	26470.0	 24.0	 41.0	1.000	 1.0	 0.0
1	2017	90	24540.0	 26.0	 41.0	2.000	 1.0	 0.0
1	2017	91	25456.0	 28.0	 41.0	2.000	 2.0	 0.0
1	2017	92	22580.0	 27.0	 39.0	2.000	 3.0	 5.0
1	2017	93	16920.0	 24.0	 34.0	3.000	 2.0	 5.0
1	2017	94	20427.0	 26.0	 37.0	3.000	 1.0	 0.0
1	2017	95	19340.0	 26.0	 37.0	3.000	 2.0	 0.0
1	2017	96	17209.0	 26.0	 37.0	2.000	 2.0	 0.0
1	2017	97	22821.0	 27.0	 36.0	2.000	 2.0	 1.0
1	2017	98	17673.0	 26.0	 33.0	3.000	 1.0	 7.0
1	2017	99	23933.0	 26.0	 37.0	3.000	 2.0	 1.0
1	2017	100	23138.0	 26.0	 39.0	2.000	 2.0	 0.0
1	2017	101	25119.0	 27.0	 40.0	2.000	 1.0	 0.0
1	2017	102	25364.0	 28.0	 40.0	2.000	 2.0	 0.0
1	2017	103	27366.0	 23.0	 41.0	1.000	 2.0	 0.0
1	2017	104	24252.0	 23.0	 39.0	1.000	 1.0	 0.0
1	2017	105	23915.0	 26.0	 40.0	2.000	 2.0	 0.0
1	2017	106	24479.0	 28.0	 40.0	2.000	 2.0	 0.0
1	2017	107	24176.0	 28.0	 40.0	2.000	 2.0	 0.0
1	2017	108	25676.0	 28.0	 41.0	2.000	 1.0	 0.0
1	2017	109	26005.0	 29.0	 41.0	2.000	 2.0	 0.0
1	2017	110	23450.0	 29.0	 40.0	2.000	 2.0	 0.0
1	2017	111	24489.0	 27.0	 39.0	3.000	 3.0	 0.0
1	2017	112	24937.0	 28.0	 39.0	2.000	 3.0	 0.0
1	2017	113	24965.0	 29.0	 39.0	2.000	 3.0	 1.0
1	2017	114	25012.0	 27.0	 37.0	2.000	 3.0	 1.0
1	2017	115	23358.0	 27.0	 39.0	3.000	 2.0	 1.0
1	2017	116	22499.0	 26.0	 37.0	3.000	 3.0	 0.0
1	2017	117	24449.0	 28.0	 38.0	3.000	 3.0	 1.0
1	2017	118	25385.0	 28.0	 39.0	3.000	 3.0	 0.0
1	2017	119	23898.0	 28.0	 39.0	3.000	 3.0	 0.0
1	2017	120	24003.0	 28.0	 39.0	3.000	 3.0	 2.0
1	2017	121	22724.0	 27.0	 38.0	3.000	 2.0	 2.0
1	2017	122	25374.0	 27.0	 38.0	3.000	 3.0	 1.0
1	2017	123	22090.0	 26.0	 36.0	3.000	 1.0	 6.0
1	2017	124	19840.0	 26.0	 34.0	3.000	 2.0	 2.0
1	2017	125	21614.0	 25.0	 36.0	3.000	 3.0	 0.0
1	2017	126	25458.0	 27.0	 38.0	3.000	 2.0	 0.0
1	2017	127	23987.0	 28.0	 38.0	3.000	 4.0	 0.0
1	2017	128	24709.0	 28.0	 39.0	3.000	 3.0	 0.0
1	2017	129	25532.0	 28.0	 40.0	3.000	 2.0	 0.0
1	2017	130	23789.0	 27.0	 39.0	3.000	 3.0	 2.0
1	2017	131	15983.0	 26.0	 34.0	3.000	 1.0	11.0
1	2017	132	22073.0	 26.0	 33.0	3.000	 2.0	 1.0
1	2017	133	16509.0	 25.0	 35.0	3.000	 2.0	 4.0
1	2017	134	24350.0	 26.0	 37.0	3.000	 3.0	 0.0
1	2017	135	24785.0	 26.0	 37.0	3.000	 4.0	 0.0
1	2017	136	23036.0	 27.0	 36.0	3.000	 4.0	 0.0
1	2017	137	22852.0	 26.0	 36.0	3.000	 3.0	 1.0
1	2017	138	22187.0	 26.0	 35.0	3.000	 2.0	 6.0
1	2017	139	21314.0	 26.0	 34.0	3.000	 1.0	 5.0
1	2017	140	23608.0	 25.0	 35.0	3.000	 0.0	15.0
1	2017	141	18899.0	 25.0	 33.0	3.000	 2.0	 1.0
1	2017	142	23451.0	 26.0	 35.0	3.000	 3.0	 0.0
1	2017	143	24368.0	 26.0	 36.0	3.000	 2.0	 1.0
1	2017	144	12283.0	 25.0	 32.0	3.000	 2.0	 1.0
1	2017	145	20399.0	 25.0	 34.0	3.000	 2.0	 1.0
1	2017	146	12426.0	 25.0	 29.0	3.000	 3.0	 3.0
1	2017	147	18245.0	 24.0	 32.0	3.000	 2.0	 0.0
1	2017	148	24475.0	 25.0	 36.0	3.000	 1.0	 0.0
1	2017	149	25116.0	 26.0	 38.0	3.000	 3.0	 0.0
1	2017	150	20627.0	 27.0	 36.0	3.000	 4.0	 1.0
1	2017	151	22936.0	 24.0	 35.0	3.000	 3.0	 4.0
1	2017	152	24664.0	 25.0	 37.0	3.000	 2.0	 0.0
1	2017	153	24292.0	 26.0	 37.0	3.000	 2.0	 3.0
1	2017	154	14290.0	 25.0	 31.0	3.000	 2.0	 7.0
1	2017	155	16969.0	 25.0	 33.0	3.000	 3.0	 0.0
1	2017	156	23074.0	 26.0	 34.0	3.000	 2.0	 2.0
1	2017	157	13817.0	 25.0	 31.0	3.000	 2.0	 6.0
1	2017	158	16375.0	 24.0	 32.0	3.000	 2.0	 0.0
1	2017	159	24097.0	 25.0	 35.0	3.000	 1.0	 0.0
1	2017	160	24933.0	 25.0	 37.0	3.000	 2.0	 0.0
1	2017	161	20283.0	 26.0	 34.0	3.000	 3.0	 4.0
1	2017	162	12392.0	 25.0	 33.0	3.000	 2.0	 0.0
1	2017	163	20307.0	 25.0	 33.0	3.000	 3.0	 3.0
1	2017	164	19452.0	 24.0	 34.0	3.000	 4.0	 2.0
1	2017	165	11464.0	 24.0	 31.0	3.000	 2.0	 1.0
1	2017	166	14866.0	 24.0	 31.0	3.000	 2.0	20.0
1	2017	167	23027.0	 24.0	 32.0	3.000	 2.0	 2.0
1	2017	168	12509.0	 23.0	 29.0	3.000	 3.0	 4.0
1	2017	169	18659.0	 24.0	 31.0	3.000	 2.0	 1.0
1	2017	170	23248.0	 24.0	 33.0	3.000	 2.0	 5.0
1	2017	171	10944.0	 23.0	 29.0	3.000	 3.0	17.0
1	2017	172	19113.0	 23.0	 29.0	3.000	 2.0	24.0
1	2017	173	21375.0	 23.0	 32.0	3.000	 2.0	 0.0
1	2017	174	19544.0	 24.0	 33.0	3.000	 3.0	 1.0
1	2017	175	15293.0	 24.0	 30.0	3.000	 3.0	 4.0
1	2017	176	18906.0	 23.0	 29.0	3.000	 2.0	 6.0
1	2017	177	15720.0	 23.0	 30.0	3.000	 0.0	 1.0
1	2017	178	23171.0	 23.0	 32.0	3.000	 1.0	 1.0
1	2017	179	18441.0	 24.0	 30.0	3.000	 2.0	 2.0
1	2017	180	15778.0	 24.0	 30.0	3.000	 2.0	 0.0
1	2017	181	19024.0	 23.0	 31.0	3.000	 2.0	 0.0
1	2017	182	21045.0	 23.0	 32.0	3.000	 2.0	 1.0
1	2017	183	17144.0	 24.0	 31.0	3.000	 3.0	 0.0
1	2017	184	19131.0	 23.0	 31.0	3.000	 3.0	 1.0
1	2017	185	21311.0	 24.0	 32.0	3.000	 3.0	 1.0
1	2017	186	20836.0	 24.0	 32.0	3.000	 3.0	 1.0
1	2017	187	13454.0	 23.0	 30.0	3.000	 2.0	 7.0
1	2017	188	17972.0	 23.0	 31.0	3.000	 1.0	 1.0
1	2017	189	20333.0	 24.0	 32.0	3.000	 3.0	 1.0
1	2017	190	16627.0	 24.0	 31.0	3.000	 4.0	 1.0
1	2017	191	14029.0	 23.0	 30.0	3.000	 4.0	 1.0
1	2017	192	15582.0	 23.0	 29.0	3.000	 3.0	 7.0
1	2017	193	20025.0	 22.0	 31.0	3.000	 2.0	 0.0
1	2017	194	22113.0	 23.0	 32.0	3.000	 2.0	 3.0
1	2017	195	17673.0	 23.0	 30.0	3.000	 2.0	 3.0
1	2017	196	22933.0	 23.0	 32.0	3.000	 2.0	 1.0
1	2017	197	19527.0	 23.0	 31.0	3.000	 3.0	 1.0
1	2017	198	21305.0	 23.0	 32.0	3.000	 2.0	 2.0
1	2017	199	19827.0	 24.0	 32.0	3.000	 2.0	 4.0
1	2017	200	16368.0	 24.0	 31.0	3.000	 2.0	 6.0
1	2017	201	19060.0	 23.0	 31.0	3.000	 2.0	 3.0
1	2017	202	23088.0	 23.0	 32.0	3.000	 2.0	 3.0
1	2017	203	21666.0	 24.0	 33.0	3.000	 1.0	 1.0
1	2017	204	15444.0	 23.0	 30.0	3.000	 3.0	 2.0
1	2017	205	16603.0	 24.0	 31.0	3.000	 3.0	 2.0
1	2017	206	16074.0	 23.0	 30.0	3.000	 3.0	 2.0
1	2017	207	14533.0	 23.0	 30.0	3.000	 3.0	 1.0
1	2017	208	19781.0	 23.0	 31.0	3.000	 3.0	 2.0
1	2017	209	18338.0	 24.0	 32.0	3.000	 1.0	 9.0
1	2017	210	18129.0	 23.0	 31.0	3.000	 2.0	 6.0
1	2017	211	20283.0	 23.0	 31.0	3.000	 2.0	 1.0
1	2017	212	19148.0	 23.0	 31.0	3.000	 2.0	 2.0
1	2017	213	21007.0	 23.0	 31.0	3.000	 2.0	 8.0
1	2017	214	18038.0	 23.0	 31.0	3.000	 2.0	 5.0
1	2017	215	15285.0	 23.0	 29.0	3.000	 3.0	 1.0
1	2017	216	19587.0	 23.0	 31.0	3.000	 2.0	 1.0
1	2017	217	15013.0	 23.0	 30.0	3.000	 1.0	19.0
1	2017	218	10549.0	 22.0	 26.0	3.000	 3.0	19.0
1	2017	219	20147.0	 23.0	 30.0	3.000	 3.0	 4.0
1	2017	220	9338.0	 22.0	 28.0	3.000	 1.0	13.0
1	2017	221	17886.0	 23.0	 29.0	3.000	 3.0	10.0
1	2017	222	20063.0	 23.0	 30.0	3.000	 2.0	 1.0
1	2017	223	19060.0	 23.0	 30.0	3.000	 2.0	 5.0
1	2017	224	18001.0	 23.0	 31.0	3.000	 2.0	 0.0
1	2017	225	19307.0	 24.0	 31.0	3.000	 2.0	 1.0
1	2017	226	19454.0	 24.0	 30.0	3.000	 2.0	11.0
1	2017	227	12900.0	 22.0	 29.0	3.000	 2.0	14.0
1	2017	228	18188.0	 23.0	 31.0	3.000	 3.0	 0.0
1	2017	229	20420.0	 24.0	 31.0	3.000	 3.0	 5.0
1	2017	230	6049.0	 23.0	 25.0	3.000	 3.0	21.0
1	2017	231	13907.0	 22.0	 28.0	3.000	 2.0	 3.0
1	2017	232	22719.0	 22.0	 30.0	3.000	 2.0	 2.0
1	2017	233	15622.0	 23.0	 29.0	3.000	 2.0	 4.0
1	2017	234	15332.0	 22.0	 28.0	3.000	 2.0	13.0
1	2017	235	14829.0	 23.0	 28.0	3.000	 2.0	 6.0
1	2017	236	21248.0	 22.0	 30.0	3.000	 1.0	 2.0
1	2017	237	20730.0	 23.0	 30.0	3.000	 2.0	 1.0
1	2017	238	16533.0	 23.0	 29.0	3.000	 2.0	11.0
1	2017	239	7789.0	 23.0	 26.0	3.000	 1.0	 2.0
1	2017	240	18533.0	 22.0	 30.0	3.000	 2.0	 0.0
1	2017	241	22696.0	 23.0	 32.0	3.000	 2.0	13.0
1	2017	242	12022.0	 23.0	 29.0	3.000	 3.0	 5.0
1	2017	243	16978.0	 23.0	 29.0	3.000	 3.0	 4.0
1	2017	244	18004.0	 23.0	 29.0	3.000	 2.0	13.0
1	2017	245	19514.0	 23.0	 30.0	3.000	 2.0	 3.0
1	2017	246	19401.0	 23.0	 30.0	3.000	 2.0	 1.0
1	2017	247	19599.0	 23.0	 30.0	3.000	 2.0	 3.0
1	2017	248	23004.0	 23.0	 30.0	3.000	 2.0	 1.0
1	2017	249	20570.0	 23.0	 31.0	3.000	 1.0	 4.0
1	2017	250	14320.0	 23.0	 29.0	3.000	 3.0	13.0
1	2017	251	7177.0	 22.0	 26.0	3.000	 2.0	 2.0
1	2017	252	20336.0	 21.0	 30.0	3.000	 1.0	 0.0
1	2017	253	23300.0	 23.0	 31.0	3.000	 1.0	 0.0
1	2017	254	21203.0	 24.0	 31.0	3.000	 2.0	14.0
1	2017	255	21049.0	 23.0	 30.0	3.000	 2.0	 1.0
1	2017	256	19034.0	 23.0	 30.0	3.000	 3.0	 0.0
1	2017	257	23615.0	 23.0	 31.0	3.000	 2.0	 0.0
1	2017	258	21934.0	 24.0	 32.0	3.000	 3.0	 0.0
1	2017	259	12659.0	 24.0	 29.0	3.000	 3.0	 7.0
1	2017	260	8488.0	 23.0	 27.0	3.000	 2.0	22.0
1	2017	261	18923.0	 21.0	 31.0	3.000	 1.0	 0.0
1	2017	262	22206.0	 23.0	 32.0	3.000	 2.0	 0.0
1	2017	263	19337.0	 24.0	 31.0	3.000	 3.0	 2.0
1	2017	264	17296.0	 23.0	 30.0	3.000	 1.0	 7.0
1	2017	265	3569.0	 23.0	 24.0	3.000	 1.0	116.0
1	2017	266	18894.0	 22.0	 29.0	3.000	 2.0	 1.0
1	2017	267	24151.0	 22.0	 31.0	3.000	 1.0	 0.0
1	2017	268	22165.0	 24.0	 31.0	3.000	 1.0	 1.0
1	2017	269	23063.0	 23.0	 31.0	3.000	 2.0	 1.0
1	2017	270	21470.0	 23.0	 31.0	3.000	 2.0	 1.0
1	2017	271	23021.0	 24.0	 32.0	3.000	 2.0	 4.0
1	2017	272	13499.0	 24.0	 29.0	3.000	 2.0	 0.0
1	2017	273	16569.0	 23.0	 30.0	3.000	 3.0	 0.0
1	2017	274	23371.0	 23.0	 31.0	3.000	 1.0	 4.0
1	2017	275	23627.0	 23.0	 32.0	3.000	 2.0	 0.0
1	2017	276	23644.0	 24.0	 33.0	3.000	 1.0	 0.0
1	2017	277	22817.0	 23.0	 32.0	3.000	 2.0	 0.0
1	2017	278	11820.0	 24.0	 30.0	3.000	 2.0	 1.0
1	2017	279	20262.0	 24.0	 32.0	3.000	 2.0	 0.0
1	2017	280	21652.0	 24.0	 33.0	3.000	 2.0	 0.0
1	2017	281	21731.0	 24.0	 33.0	3.000	 2.0	 0.0
1	2017	282	23673.0	 24.0	 33.0	3.000	 2.0	 0.0
1	2017	283	23237.0	 24.0	 34.0	3.000	 2.0	 0.0
1	2017	284	20284.0	 24.0	 33.0	3.000	 3.0	 0.0
1	2017	285	24309.0	 23.0	 34.0	3.000	 2.0	 0.0
1	2017	286	24026.0	 24.0	 35.0	3.000	 1.0	 0.0
1	2017	287	23106.0	 24.0	 34.0	3.000	 2.0	 0.0
1	2017	288	24247.0	 23.0	 35.0	3.000	 2.0	 0.0
1	2017	289	23489.0	 21.0	 35.0	2.000	 1.0	 0.0
1	2017	290	23889.0	 23.0	 36.0	2.000	 1.0	 0.0
1	2017	291	24463.0	 22.0	 36.0	2.000	 1.0	 0.0
1	2017	292	24343.0	 22.0	 36.0	2.000	 2.0	 0.0
1	2017	293	24020.0	 22.0	 36.0	2.000	 2.0	 0.0
1	2017	294	23719.0	 23.0	 36.0	2.000	 2.0	 0.0
1	2017	295	23300.0	 24.0	 35.0	2.000	 2.0	 0.0
1	2017	296	21851.0	 24.0	 35.0	2.000	 2.0	 0.0
1	2017	297	21913.0	 25.0	 36.0	3.000	 2.0	 0.0
1	2017	298	21517.0	 25.0	 35.0	3.000	 2.0	 0.0
1	2017	299	23522.0	 24.0	 37.0	2.000	 2.0	 0.0
1	2017	300	22826.0	 22.0	 37.0	2.000	 2.0	 0.0
1	2017	301	21380.0	 22.0	 35.0	1.000	 2.0	 0.0
1	2017	302	22764.0	 21.0	 35.0	1.000	 1.0	 0.0
1	2017	303	23723.0	 21.0	 37.0	2.000	 1.0	 0.0
1	2017	304	23185.0	 22.0	 37.0	2.000	 2.0	 0.0
1	2017	305	21854.0	 22.0	 37.0	2.000	 1.0	 0.0
1	2017	306	23001.0	 22.0	 36.0	2.000	 1.0	 0.0
1	2017	307	22738.0	 23.0	 36.0	2.000	 1.0	 0.0
1	2017	308	20946.0	 24.0	 35.0	2.000	 2.0	 0.0
1	2017	309	19827.0	 25.0	 34.0	3.000	 1.0	 0.0
1	2017	310	19473.0	 24.0	 35.0	2.000	 2.0	 0.0
1	2017	311	22436.0	 23.0	 36.0	2.000	 1.0	 0.0
1	2017	312	23588.0	 22.0	 36.0	1.000	 2.0	 0.0
1	2017	313	23239.0	 21.0	 37.0	1.000	 2.0	 0.0
1	2017	314	23115.0	 21.0	 37.0	1.000	 2.0	 0.0
1	2017	315	23524.0	 21.0	 36.0	1.000	 2.0	 0.0
1	2017	316	23486.0	 21.0	 36.0	1.000	 1.0	 0.0
1	2017	317	23160.0	 19.0	 36.0	1.000	 1.0	 0.0
1	2017	318	22428.0	 22.0	 36.0	1.000	 2.0	 0.0
1	2017	319	22594.0	 21.0	 36.0	1.000	 2.0	 0.0
1	2017	320	22605.0	 22.0	 37.0	1.000	 2.0	 0.0
1	2017	321	22400.0	 21.0	 37.0	1.000	 1.0	 0.0
1	2017	322	20049.0	 23.0	 36.0	2.000	 1.0	 0.0
1	2017	323	19531.0	 24.0	 36.0	2.000	 1.0	 0.0
1	2017	324	16648.0	 25.0	 35.0	2.000	 2.0	 1.0
1	2017	325	17834.0	 24.0	 36.0	2.000	 0.0	 0.0
1	2017	326	21413.0	 24.0	 37.0	2.000	 1.0	 0.0
1	2017	327	21591.0	 21.0	 36.0	2.000	 1.0	 0.0
1	2017	328	20713.0	 23.0	 36.0	2.000	 1.0	 0.0
1	2017	329	22279.0	 19.0	 36.0	1.000	 2.0	 0.0
1	2017	330	22368.0	 20.0	 37.0	1.000	 3.0	 0.0
1	2017	331	22187.0	 21.0	 36.0	1.000	 3.0	 0.0
1	2017	332	22208.0	 20.0	 35.0	1.000	 2.0	 0.0
1	2017	333	21984.0	 21.0	 36.0	1.000	 2.0	 0.0
1	2017	334	21687.0	 21.0	 37.0	1.000	 2.0	 0.0
1	2017	335	21509.0	 22.0	 37.0	1.000	 3.0	 0.0
1	2017	336	21816.0	 23.0	 37.0	1.000	 3.0	 0.0
1	2017	337	21829.0	 20.0	 36.0	1.000	 2.0	 0.0
1	2017	338	21462.0	 20.0	 37.0	1.000	 2.0	 0.0
1	2017	339	19953.0	 22.0	 37.0	1.000	 2.0	 0.0
1	2017	340	20477.0	 22.0	 37.0	1.000	 2.0	 0.0
1	2017	341	21011.0	 21.0	 36.0	1.000	 3.0	 0.0
1	2017	342	21120.0	 21.0	 36.0	1.000	 2.0	 0.0
1	2017	343	20898.0	 22.0	 35.0	1.000	 3.0	 0.0
1	2017	344	21531.0	 21.0	 33.0	1.000	 4.0	 0.0
1	2017	345	21166.0	 19.0	 33.0	1.000	 3.0	 0.0
1	2017	346	17216.0	 21.0	 34.0	1.000	 2.0	 0.0
1	2017	347	17771.0	 22.0	 36.0	1.000	 2.0	 0.0
1	2017	348	20180.0	 24.0	 37.0	1.000	 2.0	 0.0
1	2017	349	19292.0	 22.0	 37.0	1.000	 2.0	 0.0
1	2017	350	20712.0	 23.0	 38.0	1.000	 3.0	 0.0
1	2017	351	20399.0	 23.0	 37.0	1.000	 3.0	 0.0
1	2017	352	20455.0	 21.0	 36.0	1.000	 1.0	 0.0
1	2017	353	20320.0	 21.0	 36.0	1.000	 1.0	 0.0
1	2017	354	20343.0	 21.0	 36.0	1.000	 2.0	 0.0
1	2017	355	19646.0	 22.0	 35.0	1.000	 4.0	 0.0
1	2017	356	20655.0	 21.0	 34.0	1.000	 4.0	 0.0
1	2017	357	20990.0	 20.0	 33.0	1.000	 4.0	 0.0
1	2017	358	20914.0	 19.0	 34.0	1.000	 3.0	 0.0
1	2017	359	20747.0	 21.0	 35.0	1.000	 3.0	 0.0
1	2017	360	20800.0	 21.0	 35.0	1.000	 4.0	 0.0
1	2017	361	20878.0	 21.0	 36.0	1.000	 3.0	 0.0
1	2017	362	20879.0	 21.0	 35.0	1.000	 3.0	 0.0
1	2017	363	20745.0	 22.0	 35.0	1.000	 3.0	 0.0
1	2017	364	20957.0	 22.0	 35.0	1.000	 4.0	 0.0
1	2017	365	21279.0	 21.0	 34.0	1.000	 4.0	 0.0
