*---------------------------------------------------
* Station: Upper_East
* Year: 2012
* Origin: ERA5-Reanalysis
* Columns & units
* ===================
* 1. station number
* 2. year
* 3. Day of Year
* 4. Irradiance   (kJ路m-2路d-1)
* 5. Daily minimum temperature (degC)
* 6. Daily maximum temperature (degC)
* 7. Vapour pressure (kPa)
* 8. Mean wind speed (m路s-1)
* 9. Precipitation (mm路d-1)
** WCCDESCRIPTION=Upper_East
** WCCFORMAT=2
** WCCYEARNR=2012
*------------------------------------------------------------*
-0.81  10.78  204.00 -0.18  -0.55
1	2012	1	21111.0	 20.0	 35.0	1.000	 3.0	 0.0
1	2012	2	21168.0	 21.0	 36.0	1.000	 4.0	 0.0
1	2012	3	21276.0	 21.0	 35.0	1.000	 4.0	 0.0
1	2012	4	21407.0	 20.0	 35.0	1.000	 4.0	 0.0
1	2012	5	21323.0	 21.0	 34.0	1.000	 4.0	 0.0
1	2012	6	21369.0	 20.0	 33.0	1.000	 4.0	 0.0
1	2012	7	21526.0	 19.0	 33.0	1.000	 3.0	 0.0
1	2012	8	21817.0	 18.0	 33.0	1.000	 3.0	 0.0
1	2012	9	21810.0	 18.0	 34.0	1.000	 3.0	 0.0
1	2012	10	21729.0	 19.0	 35.0	1.000	 3.0	 0.0
1	2012	11	21756.0	 19.0	 35.0	1.000	 4.0	 0.0
1	2012	12	21955.0	 20.0	 33.0	1.000	 4.0	 0.0
1	2012	13	22064.0	 19.0	 33.0	1.000	 4.0	 0.0
1	2012	14	22271.0	 18.0	 32.0	0.000	 4.0	 0.0
1	2012	15	22314.0	 17.0	 32.0	1.000	 4.0	 0.0
1	2012	16	22379.0	 17.0	 33.0	1.000	 3.0	 0.0
1	2012	17	22449.0	 17.0	 34.0	1.000	 2.0	 0.0
1	2012	18	22234.0	 17.0	 34.0	1.000	 1.0	 0.0
1	2012	19	21992.0	 18.0	 34.0	1.000	 1.0	 0.0
1	2012	20	21199.0	 20.0	 35.0	1.000	 2.0	 0.0
1	2012	21	20519.0	 21.0	 33.0	1.000	 4.0	 0.0
1	2012	22	19418.0	 21.0	 33.0	1.000	 3.0	 0.0
1	2012	23	21186.0	 23.0	 35.0	1.000	 3.0	 0.0
1	2012	24	21750.0	 22.0	 36.0	1.000	 4.0	 0.0
1	2012	25	21887.0	 22.0	 37.0	1.000	 3.0	 0.0
1	2012	26	22099.0	 22.0	 37.0	1.000	 2.0	 0.0
1	2012	27	22139.0	 21.0	 36.0	1.000	 3.0	 0.0
1	2012	28	20906.0	 22.0	 37.0	1.000	 3.0	 0.0
1	2012	29	21717.0	 22.0	 37.0	1.000	 2.0	 0.0
1	2012	30	22042.0	 22.0	 37.0	1.000	 3.0	 0.0
1	2012	31	21674.0	 23.0	 37.0	1.000	 3.0	 0.0
1	2012	32	22637.0	 22.0	 36.0	1.000	 3.0	 0.0
1	2012	33	22774.0	 21.0	 37.0	1.000	 2.0	 0.0
1	2012	34	22585.0	 22.0	 37.0	1.000	 3.0	 0.0
1	2012	35	22318.0	 22.0	 37.0	1.000	 2.0	 0.0
1	2012	36	22508.0	 22.0	 38.0	1.000	 3.0	 0.0
1	2012	37	21481.0	 24.0	 34.0	0.000	 5.0	 0.0
1	2012	38	23031.0	 19.0	 33.0	0.000	 3.0	 0.0
1	2012	39	23103.0	 20.0	 34.0	0.000	 3.0	 0.0
1	2012	40	23134.0	 20.0	 35.0	1.000	 3.0	 0.0
1	2012	41	22456.0	 22.0	 36.0	1.000	 2.0	 0.0
1	2012	42	22946.0	 23.0	 37.0	1.000	 3.0	 0.0
1	2012	43	22478.0	 24.0	 37.0	1.000	 3.0	 0.0
1	2012	44	23381.0	 23.0	 37.0	1.000	 4.0	 0.0
1	2012	45	23475.0	 21.0	 38.0	1.000	 2.0	 0.0
1	2012	46	23221.0	 22.0	 38.0	1.000	 3.0	 0.0
1	2012	47	23511.0	 22.0	 38.0	1.000	 3.0	 0.0
1	2012	48	23408.0	 22.0	 38.0	1.000	 3.0	 0.0
1	2012	49	22145.0	 22.0	 37.0	2.000	 1.0	 0.0
1	2012	50	21469.0	 26.0	 37.0	2.000	 4.0	 0.0
1	2012	51	20283.0	 25.0	 36.0	2.000	 2.0	 1.0
1	2012	52	12622.0	 23.0	 31.0	2.000	 2.0	 7.0
1	2012	53	21311.0	 24.0	 35.0	1.000	 2.0	 0.0
1	2012	54	22447.0	 21.0	 36.0	1.000	 2.0	 0.0
1	2012	55	24043.0	 21.0	 38.0	1.000	 1.0	 0.0
1	2012	56	24590.0	 23.0	 40.0	1.000	 3.0	 0.0
1	2012	57	24582.0	 22.0	 40.0	1.000	 2.0	 0.0
1	2012	58	22414.0	 24.0	 38.0	2.000	 1.0	 0.0
1	2012	59	22647.0	 25.0	 39.0	1.000	 1.0	 0.0
1	2012	60	21990.0	 25.0	 39.0	2.000	 1.0	 0.0
1	2012	61	21816.0	 26.0	 38.0	2.000	 1.0	 0.0
1	2012	62	22722.0	 26.0	 39.0	2.000	 1.0	 0.0
1	2012	63	23595.0	 25.0	 39.0	2.000	 1.0	 0.0
1	2012	64	22409.0	 25.0	 38.0	1.000	 2.0	 0.0
1	2012	65	22751.0	 25.0	 38.0	2.000	 2.0	 0.0
1	2012	66	21787.0	 27.0	 38.0	2.000	 2.0	 0.0
1	2012	67	23861.0	 26.0	 39.0	2.000	 0.0	 0.0
1	2012	68	24395.0	 25.0	 39.0	2.000	 2.0	 0.0
1	2012	69	23983.0	 27.0	 39.0	1.000	 1.0	 0.0
1	2012	70	19845.0	 24.0	 36.0	0.000	 3.0	 0.0
1	2012	71	25717.0	 23.0	 36.0	0.000	 4.0	 0.0
1	2012	72	25907.0	 22.0	 37.0	1.000	 3.0	 0.0
1	2012	73	25891.0	 23.0	 38.0	1.000	 3.0	 0.0
1	2012	74	26034.0	 23.0	 40.0	1.000	 3.0	 0.0
1	2012	75	26178.0	 25.0	 41.0	1.000	 4.0	 0.0
1	2012	76	26162.0	 23.0	 41.0	1.000	 3.0	 0.0
1	2012	77	26125.0	 26.0	 41.0	1.000	 4.0	 0.0
1	2012	78	26255.0	 27.0	 40.0	1.000	 4.0	 0.0
1	2012	79	26357.0	 24.0	 40.0	1.000	 3.0	 0.0
1	2012	80	26627.0	 24.0	 41.0	1.000	 3.0	 0.0
1	2012	81	26613.0	 26.0	 41.0	1.000	 3.0	 0.0
1	2012	82	26810.0	 25.0	 41.0	1.000	 3.0	 0.0
1	2012	83	26972.0	 23.0	 41.0	1.000	 3.0	 0.0
1	2012	84	27046.0	 22.0	 40.0	1.000	 2.0	 0.0
1	2012	85	24395.0	 25.0	 40.0	2.000	 1.0	 0.0
1	2012	86	24249.0	 27.0	 40.0	2.000	 2.0	 0.0
1	2012	87	25325.0	 26.0	 40.0	2.000	 1.0	 0.0
1	2012	88	26136.0	 25.0	 40.0	1.000	 1.0	 0.0
1	2012	89	24071.0	 26.0	 40.0	2.000	 2.0	 0.0
1	2012	90	23796.0	 29.0	 40.0	2.000	 3.0	 0.0
1	2012	91	21620.0	 28.0	 38.0	3.000	 4.0	 3.0
1	2012	92	23341.0	 28.0	 38.0	2.000	 3.0	 0.0
1	2012	93	23772.0	 26.0	 38.0	2.000	 3.0	 4.0
1	2012	94	23503.0	 26.0	 37.0	2.000	 2.0	 1.0
1	2012	95	12921.0	 26.0	 35.0	2.000	 3.0	 2.0
1	2012	96	23399.0	 26.0	 38.0	2.000	 2.0	 2.0
1	2012	97	25523.0	 26.0	 40.0	2.000	 1.0	 0.0
1	2012	98	25295.0	 28.0	 39.0	2.000	 4.0	 0.0
1	2012	99	24323.0	 28.0	 40.0	3.000	 3.0	 2.0
1	2012	100	21620.0	 26.0	 37.0	3.000	 3.0	 0.0
1	2012	101	24085.0	 26.0	 37.0	3.000	 3.0	 1.0
1	2012	102	23703.0	 27.0	 39.0	3.000	 3.0	 0.0
1	2012	103	24643.0	 27.0	 39.0	3.000	 2.0	 5.0
1	2012	104	19013.0	 24.0	 33.0	3.000	 3.0	12.0
1	2012	105	24472.0	 24.0	 38.0	2.000	 1.0	 0.0
1	2012	106	26011.0	 23.0	 36.0	2.000	 2.0	 0.0
1	2012	107	25575.0	 24.0	 38.0	2.000	 3.0	 0.0
1	2012	108	21416.0	 26.0	 35.0	3.000	 4.0	 2.0
1	2012	109	22526.0	 26.0	 35.0	3.000	 2.0	 1.0
1	2012	110	13510.0	 25.0	 31.0	3.000	 1.0	18.0
1	2012	111	18148.0	 24.0	 32.0	3.000	 2.0	 0.0
1	2012	112	24980.0	 24.0	 37.0	3.000	 1.0	 0.0
1	2012	113	26463.0	 24.0	 38.0	2.000	 2.0	 0.0
1	2012	114	25070.0	 26.0	 37.0	3.000	 3.0	 0.0
1	2012	115	26041.0	 27.0	 39.0	3.000	 3.0	 0.0
1	2012	116	23321.0	 26.0	 36.0	3.000	 4.0	 0.0
1	2012	117	23275.0	 25.0	 36.0	3.000	 3.0	 1.0
1	2012	118	25555.0	 27.0	 39.0	2.000	 2.0	 0.0
1	2012	119	23188.0	 26.0	 38.0	3.000	 3.0	 0.0
1	2012	120	25214.0	 28.0	 39.0	3.000	 3.0	 1.0
1	2012	121	23301.0	 25.0	 36.0	3.000	 1.0	13.0
1	2012	122	25637.0	 26.0	 37.0	3.000	 3.0	 1.0
1	2012	123	18820.0	 26.0	 36.0	3.000	 4.0	 0.0
1	2012	124	24700.0	 26.0	 37.0	3.000	 4.0	 0.0
1	2012	125	23746.0	 24.0	 37.0	3.000	 4.0	 0.0
1	2012	126	19872.0	 26.0	 36.0	3.000	 3.0	 0.0
1	2012	127	24948.0	 26.0	 37.0	3.000	 2.0	 9.0
1	2012	128	24134.0	 26.0	 36.0	3.000	 3.0	 0.0
1	2012	129	25130.0	 26.0	 37.0	3.000	 3.0	 0.0
1	2012	130	23338.0	 25.0	 36.0	3.000	 3.0	 2.0
1	2012	131	24084.0	 25.0	 36.0	3.000	 4.0	 0.0
1	2012	132	19429.0	 24.0	 34.0	3.000	 2.0	 7.0
1	2012	133	22493.0	 25.0	 34.0	3.000	 3.0	 3.0
1	2012	134	24654.0	 25.0	 35.0	3.000	 3.0	 5.0
1	2012	135	15029.0	 24.0	 30.0	3.000	 1.0	 8.0
1	2012	136	22465.0	 23.0	 32.0	3.000	 1.0	 1.0
1	2012	137	22470.0	 25.0	 33.0	3.000	 2.0	 0.0
1	2012	138	22663.0	 25.0	 34.0	3.000	 3.0	 0.0
1	2012	139	21962.0	 25.0	 36.0	3.000	 3.0	 0.0
1	2012	140	20044.0	 26.0	 36.0	3.000	 3.0	 0.0
1	2012	141	21758.0	 24.0	 35.0	3.000	 2.0	 0.0
1	2012	142	24289.0	 26.0	 36.0	3.000	 2.0	 3.0
1	2012	143	24515.0	 25.0	 36.0	3.000	 2.0	 1.0
1	2012	144	24713.0	 26.0	 37.0	3.000	 2.0	 1.0
1	2012	145	23883.0	 26.0	 37.0	3.000	 3.0	 0.0
1	2012	146	20616.0	 25.0	 36.0	3.000	 3.0	 1.0
1	2012	147	20399.0	 24.0	 35.0	3.000	 4.0	 1.0
1	2012	148	24202.0	 25.0	 37.0	3.000	 3.0	 0.0
1	2012	149	18077.0	 25.0	 34.0	3.000	 4.0	 2.0
1	2012	150	13729.0	 24.0	 31.0	3.000	 3.0	 1.0
1	2012	151	19422.0	 24.0	 33.0	3.000	 2.0	10.0
1	2012	152	17390.0	 23.0	 30.0	3.000	 2.0	 7.0
1	2012	153	20964.0	 24.0	 31.0	3.000	 1.0	 3.0
1	2012	154	24937.0	 24.0	 33.0	3.000	 2.0	 4.0
1	2012	155	18995.0	 24.0	 32.0	3.000	 3.0	 0.0
1	2012	156	25344.0	 24.0	 34.0	3.000	 2.0	 0.0
1	2012	157	24437.0	 25.0	 35.0	3.000	 3.0	 1.0
1	2012	158	19644.0	 25.0	 33.0	3.000	 4.0	 3.0
1	2012	159	19910.0	 24.0	 33.0	3.000	 3.0	 0.0
1	2012	160	23160.0	 25.0	 34.0	3.000	 2.0	 0.0
1	2012	161	24375.0	 24.0	 35.0	3.000	 2.0	 0.0
1	2012	162	24953.0	 26.0	 36.0	3.000	 3.0	 0.0
1	2012	163	23179.0	 27.0	 36.0	3.000	 3.0	 0.0
1	2012	164	16619.0	 24.0	 32.0	3.000	 3.0	 4.0
1	2012	165	15750.0	 23.0	 31.0	3.000	 3.0	 6.0
1	2012	166	22414.0	 24.0	 34.0	3.000	 2.0	 0.0
1	2012	167	22898.0	 26.0	 35.0	3.000	 3.0	 1.0
1	2012	168	14318.0	 24.0	 33.0	3.000	 4.0	 2.0
1	2012	169	20395.0	 24.0	 33.0	3.000	 2.0	 5.0
1	2012	170	18449.0	 24.0	 32.0	3.000	 3.0	 0.0
1	2012	171	24248.0	 23.0	 34.0	3.000	 3.0	 0.0
1	2012	172	23781.0	 24.0	 35.0	3.000	 3.0	 2.0
1	2012	173	21454.0	 25.0	 33.0	3.000	 3.0	 3.0
1	2012	174	19918.0	 24.0	 33.0	3.000	 4.0	 0.0
1	2012	175	19291.0	 24.0	 33.0	3.000	 3.0	 1.0
1	2012	176	15810.0	 25.0	 32.0	3.000	 3.0	 2.0
1	2012	177	18230.0	 24.0	 31.0	3.000	 3.0	 1.0
1	2012	178	22765.0	 23.0	 34.0	3.000	 3.0	 0.0
1	2012	179	23141.0	 24.0	 34.0	3.000	 3.0	14.0
1	2012	180	4605.0	 23.0	 26.0	3.000	 3.0	37.0
1	2012	181	13281.0	 22.0	 28.0	3.000	 3.0	 0.0
1	2012	182	21060.0	 23.0	 30.0	3.000	 3.0	 1.0
1	2012	183	22379.0	 22.0	 31.0	3.000	 2.0	 0.0
1	2012	184	18830.0	 23.0	 30.0	3.000	 2.0	 3.0
1	2012	185	15835.0	 23.0	 29.0	3.000	 3.0	 4.0
1	2012	186	14343.0	 23.0	 29.0	3.000	 3.0	 6.0
1	2012	187	10438.0	 22.0	 26.0	3.000	 2.0	14.0
1	2012	188	18181.0	 22.0	 29.0	3.000	 2.0	 8.0
1	2012	189	20197.0	 23.0	 30.0	3.000	 2.0	 1.0
1	2012	190	18988.0	 23.0	 30.0	3.000	 2.0	 3.0
1	2012	191	15124.0	 23.0	 29.0	3.000	 4.0	 1.0
1	2012	192	20184.0	 23.0	 30.0	3.000	 2.0	 2.0
1	2012	193	19036.0	 23.0	 30.0	3.000	 1.0	 5.0
1	2012	194	15653.0	 24.0	 29.0	3.000	 2.0	 2.0
1	2012	195	20975.0	 23.0	 30.0	3.000	 2.0	 5.0
1	2012	196	20232.0	 24.0	 31.0	3.000	 3.0	10.0
1	2012	197	15479.0	 23.0	 29.0	3.000	 3.0	 1.0
1	2012	198	7231.0	 23.0	 26.0	3.000	 3.0	11.0
1	2012	199	15465.0	 21.0	 29.0	3.000	 2.0	 1.0
1	2012	200	19272.0	 23.0	 31.0	3.000	 2.0	 0.0
1	2012	201	4555.0	 22.0	 26.0	3.000	 2.0	25.0
1	2012	202	16939.0	 22.0	 29.0	3.000	 3.0	 5.0
1	2012	203	19161.0	 22.0	 29.0	3.000	 2.0	 1.0
1	2012	204	11438.0	 23.0	 27.0	3.000	 1.0	17.0
1	2012	205	18872.0	 22.0	 30.0	3.000	 3.0	 1.0
1	2012	206	16799.0	 22.0	 29.0	3.000	 3.0	 6.0
1	2012	207	17040.0	 23.0	 30.0	3.000	 2.0	 2.0
1	2012	208	18095.0	 23.0	 29.0	3.000	 2.0	 2.0
1	2012	209	19192.0	 23.0	 30.0	3.000	 2.0	 1.0
1	2012	210	19894.0	 23.0	 30.0	3.000	 2.0	 1.0
1	2012	211	12523.0	 22.0	 28.0	3.000	 1.0	 6.0
1	2012	212	21664.0	 23.0	 30.0	3.000	 2.0	 2.0
1	2012	213	20783.0	 23.0	 31.0	3.000	 1.0	 3.0
1	2012	214	17154.0	 23.0	 30.0	3.000	 3.0	10.0
1	2012	215	18468.0	 23.0	 29.0	3.000	 2.0	 1.0
1	2012	216	20045.0	 23.0	 30.0	3.000	 2.0	 0.0
1	2012	217	15229.0	 23.0	 29.0	3.000	 2.0	17.0
1	2012	218	20631.0	 23.0	 29.0	3.000	 3.0	 2.0
1	2012	219	18523.0	 23.0	 29.0	3.000	 3.0	 1.0
1	2012	220	12117.0	 23.0	 28.0	3.000	 2.0	14.0
1	2012	221	13403.0	 22.0	 27.0	3.000	 4.0	 6.0
1	2012	222	17893.0	 21.0	 29.0	3.000	 2.0	 1.0
1	2012	223	20003.0	 22.0	 29.0	3.000	 2.0	 2.0
1	2012	224	17050.0	 22.0	 29.0	3.000	 3.0	10.0
1	2012	225	13330.0	 22.0	 28.0	3.000	 3.0	14.0
1	2012	226	15468.0	 22.0	 28.0	3.000	 3.0	 1.0
1	2012	227	17440.0	 22.0	 29.0	3.000	 2.0	 8.0
1	2012	228	2958.0	 23.0	 24.0	3.000	 3.0	35.0
1	2012	229	16342.0	 22.0	 28.0	3.000	 2.0	 1.0
1	2012	230	20078.0	 22.0	 30.0	3.000	 2.0	 0.0
1	2012	231	23122.0	 23.0	 31.0	3.000	 2.0	 5.0
1	2012	232	9623.0	 23.0	 27.0	3.000	 3.0	10.0
1	2012	233	18430.0	 22.0	 29.0	3.000	 3.0	 3.0
1	2012	234	17861.0	 22.0	 30.0	3.000	 1.0	 1.0
1	2012	235	14471.0	 22.0	 28.0	3.000	 2.0	11.0
1	2012	236	19218.0	 22.0	 29.0	3.000	 2.0	 9.0
1	2012	237	19077.0	 22.0	 29.0	3.000	 2.0	 6.0
1	2012	238	13496.0	 22.0	 28.0	3.000	 1.0	18.0
1	2012	239	18242.0	 22.0	 29.0	3.000	 1.0	 8.0
1	2012	240	23067.0	 22.0	 30.0	3.000	 2.0	 1.0
1	2012	241	24270.0	 23.0	 31.0	3.000	 2.0	 2.0
1	2012	242	19238.0	 23.0	 30.0	3.000	 2.0	 9.0
1	2012	243	16641.0	 22.0	 29.0	3.000	 2.0	 3.0
1	2012	244	19658.0	 23.0	 30.0	3.000	 2.0	 9.0
1	2012	245	23414.0	 22.0	 30.0	3.000	 2.0	 3.0
1	2012	246	8829.0	 22.0	 28.0	3.000	 0.0	 9.0
1	2012	247	17195.0	 23.0	 29.0	3.000	 1.0	 6.0
1	2012	248	19258.0	 22.0	 30.0	3.000	 2.0	 3.0
1	2012	249	12126.0	 22.0	 28.0	3.000	 2.0	11.0
1	2012	250	11720.0	 22.0	 27.0	3.000	 2.0	 2.0
1	2012	251	22325.0	 21.0	 30.0	3.000	 1.0	 0.0
1	2012	252	20997.0	 23.0	 30.0	3.000	 1.0	 9.0
1	2012	253	16524.0	 22.0	 29.0	3.000	 2.0	 1.0
1	2012	254	22829.0	 22.0	 31.0	3.000	 1.0	 0.0
1	2012	255	19321.0	 23.0	 30.0	3.000	 1.0	 5.0
1	2012	256	6061.0	 23.0	 26.0	3.000	 1.0	13.0
1	2012	257	17084.0	 22.0	 29.0	3.000	 2.0	 1.0
1	2012	258	24448.0	 22.0	 31.0	3.000	 2.0	 0.0
1	2012	259	19963.0	 23.0	 30.0	3.000	 2.0	 2.0
1	2012	260	18736.0	 23.0	 29.0	3.000	 3.0	 3.0
1	2012	261	14424.0	 23.0	 29.0	3.000	 2.0	 8.0
1	2012	262	13851.0	 22.0	 28.0	3.000	 1.0	 9.0
1	2012	263	19618.0	 22.0	 30.0	3.000	 1.0	 5.0
1	2012	264	11040.0	 22.0	 28.0	3.000	 1.0	18.0
1	2012	265	18070.0	 22.0	 29.0	3.000	 2.0	 4.0
1	2012	266	18271.0	 22.0	 30.0	3.000	 1.0	 8.0
1	2012	267	14794.0	 22.0	 29.0	3.000	 1.0	11.0
1	2012	268	22426.0	 22.0	 31.0	3.000	 1.0	 1.0
1	2012	269	23162.0	 22.0	 31.0	3.000	 2.0	 0.0
1	2012	270	21523.0	 23.0	 31.0	3.000	 2.0	 4.0
1	2012	271	16260.0	 23.0	 30.0	3.000	 2.0	 5.0
1	2012	272	16102.0	 23.0	 30.0	3.000	 2.0	 0.0
1	2012	273	24914.0	 22.0	 32.0	3.000	 1.0	 2.0
1	2012	274	15689.0	 23.0	 30.0	3.000	 2.0	 0.0
1	2012	275	17781.0	 22.0	 30.0	3.000	 2.0	 4.0
1	2012	276	14368.0	 23.0	 30.0	3.000	 1.0	 0.0
1	2012	277	21419.0	 23.0	 31.0	3.000	 1.0	 3.0
1	2012	278	21125.0	 23.0	 31.0	3.000	 2.0	 0.0
1	2012	279	19536.0	 24.0	 31.0	3.000	 2.0	 1.0
1	2012	280	24334.0	 23.0	 32.0	3.000	 2.0	 0.0
1	2012	281	17849.0	 23.0	 31.0	3.000	 2.0	 1.0
1	2012	282	10761.0	 23.0	 27.0	3.000	 1.0	 8.0
1	2012	283	21080.0	 23.0	 31.0	3.000	 1.0	 3.0
1	2012	284	23595.0	 22.0	 32.0	3.000	 1.0	 0.0
1	2012	285	20770.0	 24.0	 32.0	3.000	 2.0	 0.0
1	2012	286	21042.0	 24.0	 31.0	3.000	 3.0	 0.0
1	2012	287	22085.0	 24.0	 32.0	3.000	 2.0	 0.0
1	2012	288	21310.0	 23.0	 32.0	3.000	 2.0	 1.0
1	2012	289	22024.0	 23.0	 32.0	3.000	 1.0	 1.0
1	2012	290	18675.0	 23.0	 31.0	3.000	 1.0	10.0
1	2012	291	19579.0	 22.0	 31.0	3.000	 0.0	 0.0
1	2012	292	22907.0	 23.0	 32.0	3.000	 1.0	 0.0
1	2012	293	21925.0	 24.0	 33.0	3.000	 2.0	 1.0
1	2012	294	18399.0	 24.0	 32.0	3.000	 2.0	 1.0
1	2012	295	22031.0	 24.0	 33.0	3.000	 2.0	 1.0
1	2012	296	22093.0	 23.0	 33.0	3.000	 2.0	 0.0
1	2012	297	19093.0	 23.0	 32.0	3.000	 2.0	 0.0
1	2012	298	21422.0	 24.0	 33.0	3.000	 2.0	 0.0
1	2012	299	22369.0	 24.0	 34.0	3.000	 2.0	 1.0
1	2012	300	21563.0	 23.0	 33.0	3.000	 2.0	 4.0
1	2012	301	19078.0	 24.0	 32.0	3.000	 1.0	 8.0
1	2012	302	19959.0	 24.0	 32.0	3.000	 1.0	 7.0
1	2012	303	17175.0	 24.0	 32.0	3.000	 2.0	 0.0
1	2012	304	22539.0	 24.0	 35.0	3.000	 1.0	 0.0
1	2012	305	22386.0	 24.0	 34.0	3.000	 1.0	 0.0
1	2012	306	21713.0	 24.0	 35.0	3.000	 0.0	 0.0
1	2012	307	22457.0	 22.0	 36.0	2.000	 1.0	 0.0
1	2012	308	20262.0	 24.0	 34.0	3.000	 2.0	 0.0
1	2012	309	21724.0	 25.0	 35.0	3.000	 2.0	 0.0
1	2012	310	20860.0	 24.0	 35.0	2.000	 1.0	 0.0
1	2012	311	20616.0	 25.0	 35.0	3.000	 2.0	 0.0
1	2012	312	20630.0	 25.0	 35.0	2.000	 1.0	 1.0
1	2012	313	20289.0	 25.0	 35.0	2.000	 1.0	 0.0
1	2012	314	21266.0	 24.0	 35.0	2.000	 1.0	 0.0
1	2012	315	20921.0	 23.0	 35.0	2.000	 1.0	 0.0
1	2012	316	21377.0	 22.0	 35.0	2.000	 1.0	 0.0
1	2012	317	21880.0	 23.0	 36.0	2.000	 1.0	 0.0
1	2012	318	17973.0	 26.0	 35.0	2.000	 1.0	 0.0
1	2012	319	18740.0	 25.0	 36.0	2.000	 1.0	 0.0
1	2012	320	19578.0	 26.0	 36.0	2.000	 1.0	 0.0
1	2012	321	21586.0	 24.0	 37.0	2.000	 2.0	 0.0
1	2012	322	22575.0	 21.0	 37.0	2.000	 2.0	 0.0
1	2012	323	22102.0	 22.0	 36.0	2.000	 1.0	 0.0
1	2012	324	21515.0	 23.0	 36.0	2.000	 1.0	 0.0
1	2012	325	18713.0	 24.0	 36.0	2.000	 0.0	 0.0
1	2012	326	20299.0	 23.0	 36.0	2.000	 1.0	 0.0
1	2012	327	20563.0	 23.0	 35.0	2.000	 1.0	 0.0
1	2012	328	20297.0	 24.0	 35.0	2.000	 1.0	 0.0
1	2012	329	19797.0	 24.0	 35.0	2.000	 1.0	 0.0
1	2012	330	19998.0	 23.0	 36.0	2.000	 2.0	 0.0
1	2012	331	19441.0	 22.0	 35.0	1.000	 2.0	 0.0
1	2012	332	20791.0	 21.0	 35.0	1.000	 2.0	 0.0
1	2012	333	21232.0	 21.0	 36.0	1.000	 2.0	 0.0
1	2012	334	21157.0	 22.0	 36.0	2.000	 1.0	 0.0
1	2012	335	19941.0	 22.0	 36.0	2.000	 1.0	 0.0
1	2012	336	19573.0	 24.0	 36.0	2.000	 2.0	 0.0
1	2012	337	18338.0	 25.0	 35.0	2.000	 1.0	 0.0
1	2012	338	20562.0	 25.0	 36.0	1.000	 2.0	 0.0
1	2012	339	20868.0	 24.0	 35.0	1.000	 3.0	 0.0
1	2012	340	21008.0	 22.0	 34.0	1.000	 3.0	 0.0
1	2012	341	21432.0	 22.0	 34.0	1.000	 3.0	 0.0
1	2012	342	21175.0	 20.0	 36.0	1.000	 3.0	 0.0
1	2012	343	18397.0	 21.0	 35.0	1.000	 2.0	 0.0
1	2012	344	19166.0	 21.0	 35.0	1.000	 1.0	 0.0
1	2012	345	20624.0	 21.0	 36.0	1.000	 2.0	 0.0
1	2012	346	20845.0	 21.0	 36.0	1.000	 2.0	 0.0
1	2012	347	19399.0	 22.0	 36.0	2.000	 2.0	 0.0
1	2012	348	20073.0	 23.0	 36.0	2.000	 2.0	 0.0
1	2012	349	20676.0	 21.0	 36.0	1.000	 2.0	 0.0
1	2012	350	21044.0	 22.0	 36.0	1.000	 3.0	 0.0
1	2012	351	21155.0	 22.0	 36.0	1.000	 4.0	 0.0
1	2012	352	20960.0	 22.0	 35.0	1.000	 3.0	 0.0
1	2012	353	20971.0	 20.0	 34.0	1.000	 3.0	 0.0
1	2012	354	17574.0	 20.0	 32.0	1.000	 3.0	 0.0
1	2012	355	21218.0	 19.0	 33.0	1.000	 3.0	 0.0
1	2012	356	20666.0	 19.0	 34.0	1.000	 3.0	 0.0
1	2012	357	20895.0	 20.0	 34.0	1.000	 3.0	 0.0
1	2012	358	20971.0	 20.0	 34.0	1.000	 3.0	 0.0
1	2012	359	21205.0	 20.0	 35.0	1.000	 3.0	 0.0
1	2012	360	21226.0	 20.0	 34.0	1.000	 3.0	 0.0
1	2012	361	21149.0	 20.0	 35.0	1.000	 3.0	 0.0
1	2012	362	21225.0	 20.0	 34.0	1.000	 3.0	 0.0
1	2012	363	21433.0	 19.0	 34.0	1.000	 3.0	 0.0
1	2012	364	21446.0	 19.0	 34.0	1.000	 3.0	 0.0
1	2012	365	21413.0	 18.0	 33.0	1.000	 3.0	 0.0
1	2012	366	21314.0	 20.0	 32.0	1.000	 4.0	 0.0
