*---------------------------------------------------
* Station: Upper_East
* Year: 2010
* Origin: ERA5-Reanalysis
* Columns & units
* ===================
* 1. station number
* 2. year
* 3. Day of Year
* 4. Irradiance   (kJ路m-2路d-1)
* 5. Daily minimum temperature (degC)
* 6. Daily maximum temperature (degC)
* 7. Vapour pressure (kPa)
* 8. Mean wind speed (m路s-1)
* 9. Precipitation (mm路d-1)
** WCCDESCRIPTION=Upper_East
** WCCFORMAT=2
** WCCYEARNR=2010
*------------------------------------------------------------*
-0.81  10.78  204.00 -0.18  -0.55
1	2010	1	20580.0	 20.0	 34.0	1.000	 3.0	 0.0
1	2010	2	21197.0	 20.0	 35.0	1.000	 3.0	 0.0
1	2010	3	21674.0	 20.0	 35.0	1.000	 3.0	 0.0
1	2010	4	21909.0	 19.0	 34.0	1.000	 3.0	 0.0
1	2010	5	21835.0	 19.0	 35.0	1.000	 2.0	 0.0
1	2010	6	21591.0	 17.0	 35.0	1.000	 2.0	 0.0
1	2010	7	21462.0	 18.0	 36.0	1.000	 2.0	 0.0
1	2010	8	21570.0	 19.0	 36.0	1.000	 2.0	 0.0
1	2010	9	21668.0	 19.0	 36.0	1.000	 3.0	 0.0
1	2010	10	21753.0	 19.0	 36.0	1.000	 3.0	 0.0
1	2010	11	21487.0	 20.0	 36.0	1.000	 3.0	 0.0
1	2010	12	21861.0	 20.0	 36.0	1.000	 3.0	 0.0
1	2010	13	22120.0	 20.0	 37.0	1.000	 3.0	 0.0
1	2010	14	21835.0	 20.0	 37.0	1.000	 2.0	 0.0
1	2010	15	22044.0	 20.0	 37.0	1.000	 3.0	 0.0
1	2010	16	22422.0	 20.0	 36.0	1.000	 3.0	 0.0
1	2010	17	22440.0	 19.0	 36.0	1.000	 3.0	 0.0
1	2010	18	22409.0	 21.0	 35.0	1.000	 4.0	 0.0
1	2010	19	22535.0	 20.0	 34.0	1.000	 4.0	 0.0
1	2010	20	22647.0	 19.0	 34.0	1.000	 4.0	 0.0
1	2010	21	22238.0	 19.0	 35.0	1.000	 3.0	 0.0
1	2010	22	22062.0	 20.0	 35.0	1.000	 3.0	 0.0
1	2010	23	22114.0	 21.0	 36.0	1.000	 3.0	 0.0
1	2010	24	21560.0	 21.0	 36.0	1.000	 3.0	 0.0
1	2010	25	21154.0	 21.0	 37.0	1.000	 2.0	 0.0
1	2010	26	21691.0	 21.0	 37.0	1.000	 2.0	 0.0
1	2010	27	22018.0	 20.0	 37.0	1.000	 2.0	 0.0
1	2010	28	21911.0	 20.0	 38.0	1.000	 2.0	 0.0
1	2010	29	22494.0	 21.0	 38.0	1.000	 3.0	 0.0
1	2010	30	22716.0	 22.0	 39.0	1.000	 4.0	 0.0
1	2010	31	22634.0	 22.0	 38.0	1.000	 4.0	 0.0
1	2010	32	22799.0	 22.0	 36.0	1.000	 4.0	 0.0
1	2010	33	22858.0	 22.0	 37.0	1.000	 4.0	 0.0
1	2010	34	23125.0	 22.0	 38.0	1.000	 3.0	 0.0
1	2010	35	23197.0	 22.0	 38.0	1.000	 3.0	 0.0
1	2010	36	23363.0	 23.0	 38.0	1.000	 4.0	 0.0
1	2010	37	23458.0	 23.0	 37.0	1.000	 4.0	 0.0
1	2010	38	23597.0	 22.0	 36.0	1.000	 3.0	 0.0
1	2010	39	23754.0	 21.0	 36.0	1.000	 3.0	 0.0
1	2010	40	23755.0	 21.0	 37.0	1.000	 2.0	 0.0
1	2010	41	23509.0	 20.0	 37.0	1.000	 2.0	 0.0
1	2010	42	22269.0	 22.0	 37.0	1.000	 2.0	 0.0
1	2010	43	21161.0	 23.0	 37.0	2.000	 2.0	 0.0
1	2010	44	17119.0	 24.0	 35.0	2.000	 2.0	 0.0
1	2010	45	20715.0	 25.0	 38.0	2.000	 1.0	 0.0
1	2010	46	19951.0	 26.0	 38.0	2.000	 2.0	 0.0
1	2010	47	18435.0	 27.0	 38.0	2.000	 2.0	 2.0
1	2010	48	21621.0	 26.0	 39.0	2.000	 1.0	 0.0
1	2010	49	21238.0	 29.0	 39.0	2.000	 2.0	 0.0
1	2010	50	22382.0	 28.0	 40.0	2.000	 2.0	 0.0
1	2010	51	21072.0	 28.0	 41.0	2.000	 1.0	 0.0
1	2010	52	22825.0	 27.0	 41.0	2.000	 0.0	 0.0
1	2010	53	23706.0	 24.0	 42.0	1.000	 2.0	 0.0
1	2010	54	22960.0	 24.0	 40.0	2.000	 1.0	 0.0
1	2010	55	23627.0	 24.0	 41.0	1.000	 1.0	 0.0
1	2010	56	24437.0	 22.0	 41.0	1.000	 2.0	 0.0
1	2010	57	23080.0	 25.0	 40.0	2.000	 1.0	 0.0
1	2010	58	23826.0	 27.0	 41.0	2.000	 1.0	 0.0
1	2010	59	24639.0	 24.0	 41.0	1.000	 2.0	 0.0
1	2010	60	22764.0	 23.0	 40.0	1.000	 2.0	 0.0
1	2010	61	22361.0	 25.0	 40.0	2.000	 1.0	 0.0
1	2010	62	25284.0	 24.0	 41.0	1.000	 2.0	 0.0
1	2010	63	25446.0	 25.0	 41.0	1.000	 3.0	 0.0
1	2010	64	25379.0	 24.0	 40.0	1.000	 2.0	 0.0
1	2010	65	23633.0	 24.0	 40.0	2.000	 2.0	 0.0
1	2010	66	20636.0	 29.0	 39.0	2.000	 2.0	 0.0
1	2010	67	21777.0	 28.0	 40.0	2.000	 1.0	 0.0
1	2010	68	20109.0	 29.0	 39.0	2.000	 2.0	 0.0
1	2010	69	22051.0	 28.0	 39.0	2.000	 3.0	 2.0
1	2010	70	21001.0	 27.0	 39.0	3.000	 2.0	 5.0
1	2010	71	22130.0	 27.0	 40.0	2.000	 1.0	 0.0
1	2010	72	21219.0	 29.0	 41.0	2.000	 1.0	 0.0
1	2010	73	22725.0	 28.0	 40.0	2.000	 3.0	 0.0
1	2010	74	21396.0	 28.0	 40.0	2.000	 3.0	 0.0
1	2010	75	20999.0	 28.0	 38.0	2.000	 4.0	 0.0
1	2010	76	22269.0	 29.0	 40.0	2.000	 2.0	 0.0
1	2010	77	19023.0	 28.0	 39.0	2.000	 2.0	 0.0
1	2010	78	23766.0	 25.0	 40.0	2.000	 2.0	 0.0
1	2010	79	24567.0	 26.0	 40.0	1.000	 3.0	 0.0
1	2010	80	26631.0	 24.0	 39.0	1.000	 3.0	 0.0
1	2010	81	26620.0	 25.0	 39.0	1.000	 3.0	 0.0
1	2010	82	26980.0	 24.0	 40.0	1.000	 3.0	 0.0
1	2010	83	27319.0	 23.0	 40.0	1.000	 3.0	 0.0
1	2010	84	27599.0	 23.0	 40.0	1.000	 3.0	 0.0
1	2010	85	27525.0	 23.0	 40.0	0.000	 3.0	 0.0
1	2010	86	27608.0	 25.0	 41.0	1.000	 3.0	 0.0
1	2010	87	27215.0	 23.0	 41.0	1.000	 3.0	 0.0
1	2010	88	27455.0	 24.0	 40.0	1.000	 3.0	 0.0
1	2010	89	27458.0	 23.0	 41.0	1.000	 3.0	 0.0
1	2010	90	26757.0	 23.0	 41.0	1.000	 1.0	 0.0
1	2010	91	26797.0	 23.0	 41.0	1.000	 1.0	 0.0
1	2010	92	27014.0	 24.0	 42.0	1.000	 2.0	 0.0
1	2010	93	24726.0	 24.0	 41.0	1.000	 1.0	 0.0
1	2010	94	23618.0	 29.0	 40.0	2.000	 2.0	 0.0
1	2010	95	21913.0	 30.0	 41.0	2.000	 3.0	 1.0
1	2010	96	20071.0	 27.0	 39.0	2.000	 3.0	 0.0
1	2010	97	24651.0	 27.0	 40.0	2.000	 2.0	 1.0
1	2010	98	25549.0	 28.0	 41.0	2.000	 2.0	 0.0
1	2010	99	24956.0	 29.0	 41.0	2.000	 2.0	 0.0
1	2010	100	24713.0	 28.0	 40.0	2.000	 3.0	 0.0
1	2010	101	25743.0	 29.0	 40.0	2.000	 2.0	 0.0
1	2010	102	23677.0	 30.0	 40.0	2.000	 3.0	 0.0
1	2010	103	24304.0	 29.0	 40.0	3.000	 3.0	 2.0
1	2010	104	20693.0	 27.0	 38.0	3.000	 3.0	 1.0
1	2010	105	24375.0	 28.0	 40.0	3.000	 2.0	 0.0
1	2010	106	21895.0	 27.0	 39.0	3.000	 3.0	 0.0
1	2010	107	24378.0	 28.0	 38.0	3.000	 3.0	 0.0
1	2010	108	24982.0	 27.0	 40.0	3.000	 2.0	 0.0
1	2010	109	24329.0	 30.0	 41.0	3.000	 2.0	 0.0
1	2010	110	24574.0	 27.0	 40.0	3.000	 3.0	 0.0
1	2010	111	21052.0	 28.0	 40.0	3.000	 4.0	 0.0
1	2010	112	25069.0	 28.0	 40.0	3.000	 3.0	 2.0
1	2010	113	19030.0	 24.0	 35.0	3.000	 3.0	 2.0
1	2010	114	23996.0	 27.0	 37.0	3.000	 3.0	 1.0
1	2010	115	19338.0	 26.0	 36.0	3.000	 3.0	 0.0
1	2010	116	22122.0	 27.0	 38.0	3.000	 2.0	 9.0
1	2010	117	11725.0	 25.0	 30.0	3.000	 1.0	17.0
1	2010	118	22325.0	 25.0	 34.0	3.000	 2.0	 0.0
1	2010	119	25564.0	 26.0	 36.0	3.000	 2.0	 0.0
1	2010	120	24559.0	 27.0	 36.0	3.000	 3.0	 0.0
1	2010	121	24637.0	 27.0	 37.0	3.000	 2.0	 1.0
1	2010	122	21995.0	 26.0	 36.0	3.000	 3.0	 1.0
1	2010	123	22680.0	 26.0	 36.0	3.000	 3.0	 0.0
1	2010	124	24842.0	 26.0	 37.0	3.000	 3.0	 0.0
1	2010	125	23002.0	 27.0	 37.0	3.000	 3.0	 0.0
1	2010	126	22274.0	 26.0	 36.0	3.000	 4.0	 0.0
1	2010	127	20280.0	 27.0	 36.0	3.000	 2.0	 2.0
1	2010	128	23186.0	 26.0	 36.0	3.000	 2.0	 1.0
1	2010	129	24942.0	 26.0	 38.0	3.000	 3.0	 3.0
1	2010	130	25585.0	 28.0	 38.0	3.000	 3.0	 0.0
1	2010	131	24001.0	 28.0	 38.0	3.000	 3.0	 0.0
1	2010	132	23949.0	 27.0	 38.0	3.000	 2.0	 0.0
1	2010	133	25047.0	 27.0	 38.0	3.000	 3.0	 0.0
1	2010	134	22790.0	 28.0	 38.0	3.000	 4.0	 0.0
1	2010	135	22059.0	 28.0	 37.0	3.000	 3.0	 0.0
1	2010	136	23689.0	 27.0	 37.0	3.000	 3.0	 0.0
1	2010	137	23692.0	 28.0	 38.0	3.000	 3.0	 1.0
1	2010	138	24076.0	 27.0	 37.0	3.000	 3.0	 0.0
1	2010	139	23647.0	 28.0	 37.0	3.000	 3.0	 0.0
1	2010	140	16617.0	 25.0	 35.0	3.000	 3.0	 2.0
1	2010	141	13031.0	 25.0	 32.0	3.000	 2.0	 4.0
1	2010	142	20773.0	 26.0	 35.0	3.000	 2.0	 0.0
1	2010	143	23613.0	 26.0	 36.0	3.000	 2.0	 0.0
1	2010	144	18189.0	 27.0	 35.0	3.000	 3.0	 0.0
1	2010	145	23354.0	 26.0	 37.0	3.000	 2.0	 2.0
1	2010	146	22097.0	 27.0	 37.0	3.000	 3.0	 0.0
1	2010	147	15235.0	 27.0	 34.0	3.000	 4.0	 0.0
1	2010	148	22668.0	 27.0	 36.0	3.000	 3.0	 1.0
1	2010	149	18913.0	 27.0	 35.0	3.000	 2.0	 7.0
1	2010	150	21550.0	 25.0	 35.0	3.000	 2.0	 0.0
1	2010	151	21955.0	 26.0	 36.0	3.000	 3.0	 9.0
1	2010	152	15447.0	 25.0	 32.0	3.000	 3.0	 4.0
1	2010	153	16385.0	 25.0	 31.0	3.000	 2.0	 2.0
1	2010	154	22295.0	 25.0	 33.0	3.000	 2.0	 0.0
1	2010	155	6287.0	 24.0	 27.0	3.000	 1.0	28.0
1	2010	156	18394.0	 24.0	 31.0	3.000	 2.0	 1.0
1	2010	157	21177.0	 24.0	 33.0	3.000	 2.0	 0.0
1	2010	158	20273.0	 25.0	 32.0	3.000	 3.0	 2.0
1	2010	159	20128.0	 24.0	 32.0	3.000	 3.0	 1.0
1	2010	160	19188.0	 24.0	 33.0	3.000	 3.0	 0.0
1	2010	161	13536.0	 24.0	 31.0	3.000	 2.0	 7.0
1	2010	162	17445.0	 23.0	 32.0	3.000	 1.0	 0.0
1	2010	163	22752.0	 25.0	 33.0	3.000	 2.0	 0.0
1	2010	164	18710.0	 24.0	 34.0	3.000	 4.0	 0.0
1	2010	165	15263.0	 25.0	 32.0	3.000	 3.0	 0.0
1	2010	166	18540.0	 25.0	 33.0	3.000	 2.0	 3.0
1	2010	167	22957.0	 24.0	 34.0	3.000	 3.0	 1.0
1	2010	168	15439.0	 24.0	 32.0	3.000	 3.0	 1.0
1	2010	169	22372.0	 25.0	 33.0	3.000	 2.0	 1.0
1	2010	170	24381.0	 25.0	 35.0	3.000	 2.0	 0.0
1	2010	171	18699.0	 26.0	 34.0	3.000	 3.0	 1.0
1	2010	172	20751.0	 25.0	 33.0	3.000	 3.0	 2.0
1	2010	173	21105.0	 25.0	 33.0	3.000	 1.0	 1.0
1	2010	174	20911.0	 26.0	 34.0	3.000	 2.0	 7.0
1	2010	175	17869.0	 24.0	 33.0	3.000	 4.0	 4.0
1	2010	176	13199.0	 24.0	 31.0	3.000	 4.0	 0.0
1	2010	177	8714.0	 24.0	 27.0	3.000	 3.0	 8.0
1	2010	178	16781.0	 23.0	 30.0	3.000	 2.0	 2.0
1	2010	179	22696.0	 23.0	 32.0	3.000	 2.0	 0.0
1	2010	180	20575.0	 24.0	 34.0	3.000	 2.0	 0.0
1	2010	181	20159.0	 25.0	 34.0	3.000	 3.0	 0.0
1	2010	182	22505.0	 25.0	 34.0	3.000	 3.0	 3.0
1	2010	183	21159.0	 23.0	 32.0	3.000	 3.0	 5.0
1	2010	184	21982.0	 24.0	 33.0	3.000	 2.0	 1.0
1	2010	185	23110.0	 24.0	 33.0	3.000	 2.0	 1.0
1	2010	186	21334.0	 25.0	 33.0	3.000	 3.0	 1.0
1	2010	187	18971.0	 25.0	 32.0	3.000	 3.0	 2.0
1	2010	188	21306.0	 24.0	 33.0	3.000	 3.0	 1.0
1	2010	189	20590.0	 25.0	 34.0	3.000	 2.0	 0.0
1	2010	190	22855.0	 24.0	 34.0	3.000	 2.0	 4.0
1	2010	191	19277.0	 24.0	 32.0	3.000	 3.0	 2.0
1	2010	192	6165.0	 23.0	 26.0	3.000	 2.0	22.0
1	2010	193	14746.0	 22.0	 30.0	3.000	 2.0	 1.0
1	2010	194	19530.0	 23.0	 32.0	3.000	 2.0	 0.0
1	2010	195	22279.0	 24.0	 32.0	3.000	 3.0	 2.0
1	2010	196	14031.0	 24.0	 30.0	3.000	 4.0	 1.0
1	2010	197	10627.0	 23.0	 29.0	3.000	 3.0	 8.0
1	2010	198	16546.0	 23.0	 29.0	3.000	 3.0	18.0
1	2010	199	19693.0	 23.0	 30.0	3.000	 2.0	 4.0
1	2010	200	20530.0	 23.0	 31.0	3.000	 3.0	 1.0
1	2010	201	17693.0	 24.0	 30.0	3.000	 4.0	 2.0
1	2010	202	15696.0	 24.0	 29.0	3.000	 4.0	 2.0
1	2010	203	13883.0	 23.0	 28.0	3.000	 2.0	 9.0
1	2010	204	3408.0	 22.0	 23.0	3.000	 3.0	41.0
1	2010	205	7404.0	 23.0	 25.0	3.000	 3.0	 2.0
1	2010	206	16320.0	 21.0	 29.0	3.000	 3.0	 0.0
1	2010	207	24935.0	 22.0	 31.0	3.000	 2.0	 1.0
1	2010	208	17630.0	 23.0	 29.0	3.000	 3.0	 5.0
1	2010	209	14517.0	 23.0	 28.0	3.000	 2.0	 4.0
1	2010	210	22702.0	 23.0	 30.0	3.000	 2.0	 3.0
1	2010	211	12444.0	 23.0	 29.0	3.000	 2.0	 8.0
1	2010	212	11954.0	 22.0	 28.0	3.000	 2.0	 3.0
1	2010	213	20351.0	 23.0	 29.0	3.000	 2.0	 1.0
1	2010	214	17600.0	 23.0	 30.0	3.000	 1.0	 8.0
1	2010	215	21376.0	 23.0	 30.0	3.000	 2.0	 5.0
1	2010	216	18376.0	 23.0	 29.0	3.000	 3.0	 4.0
1	2010	217	19437.0	 23.0	 30.0	3.000	 2.0	 1.0
1	2010	218	20882.0	 23.0	 31.0	3.000	 2.0	 0.0
1	2010	219	21304.0	 23.0	 31.0	3.000	 2.0	 3.0
1	2010	220	14134.0	 23.0	 29.0	3.000	 3.0	26.0
1	2010	221	15433.0	 23.0	 29.0	3.000	 3.0	 6.0
1	2010	222	19671.0	 23.0	 30.0	3.000	 2.0	 0.0
1	2010	223	5833.0	 23.0	 26.0	3.000	 3.0	10.0
1	2010	224	5929.0	 22.0	 26.0	3.000	 3.0	25.0
1	2010	225	17303.0	 23.0	 29.0	3.000	 2.0	 7.0
1	2010	226	16015.0	 22.0	 29.0	3.000	 1.0	21.0
1	2010	227	21482.0	 23.0	 30.0	3.000	 1.0	 1.0
1	2010	228	22657.0	 23.0	 31.0	3.000	 1.0	 4.0
1	2010	229	15364.0	 22.0	 29.0	3.000	 3.0	 7.0
1	2010	230	15117.0	 23.0	 28.0	3.000	 3.0	 9.0
1	2010	231	18457.0	 22.0	 29.0	3.000	 2.0	 1.0
1	2010	232	19413.0	 23.0	 30.0	3.000	 1.0	17.0
1	2010	233	13143.0	 23.0	 29.0	3.000	 1.0	 1.0
1	2010	234	18920.0	 23.0	 29.0	3.000	 2.0	 1.0
1	2010	235	17828.0	 23.0	 29.0	3.000	 2.0	 4.0
1	2010	236	20646.0	 23.0	 30.0	3.000	 2.0	 8.0
1	2010	237	16815.0	 23.0	 30.0	3.000	 2.0	 0.0
1	2010	238	19564.0	 23.0	 30.0	3.000	 2.0	 6.0
1	2010	239	19634.0	 23.0	 30.0	3.000	 2.0	 3.0
1	2010	240	18572.0	 22.0	 30.0	3.000	 2.0	11.0
1	2010	241	18460.0	 23.0	 30.0	3.000	 2.0	 1.0
1	2010	242	17077.0	 23.0	 29.0	3.000	 2.0	 6.0
1	2010	243	6417.0	 23.0	 26.0	3.000	 2.0	16.0
1	2010	244	8611.0	 23.0	 27.0	3.000	 3.0	12.0
1	2010	245	18395.0	 22.0	 29.0	3.000	 2.0	 7.0
1	2010	246	17625.0	 23.0	 30.0	3.000	 0.0	24.0
1	2010	247	16478.0	 22.0	 29.0	3.000	 1.0	 1.0
1	2010	248	17496.0	 23.0	 30.0	3.000	 2.0	10.0
1	2010	249	8664.0	 23.0	 27.0	3.000	 2.0	27.0
1	2010	250	17314.0	 21.0	 29.0	3.000	 2.0	 1.0
1	2010	251	10023.0	 23.0	 27.0	3.000	 1.0	24.0
1	2010	252	12905.0	 22.0	 27.0	3.000	 3.0	 2.0
1	2010	253	17741.0	 22.0	 29.0	3.000	 2.0	 4.0
1	2010	254	16397.0	 22.0	 29.0	3.000	 2.0	 2.0
1	2010	255	16765.0	 23.0	 29.0	3.000	 1.0	11.0
1	2010	256	13423.0	 23.0	 29.0	3.000	 2.0	 3.0
1	2010	257	15390.0	 22.0	 29.0	3.000	 1.0	 4.0
1	2010	258	13657.0	 22.0	 29.0	3.000	 2.0	 1.0
1	2010	259	20565.0	 23.0	 30.0	3.000	 2.0	 1.0
1	2010	260	15818.0	 22.0	 29.0	3.000	 1.0	 4.0
1	2010	261	13643.0	 22.0	 27.0	3.000	 2.0	10.0
1	2010	262	18224.0	 22.0	 29.0	3.000	 2.0	 2.0
1	2010	263	17246.0	 22.0	 29.0	3.000	 1.0	 3.0
1	2010	264	20006.0	 22.0	 30.0	3.000	 2.0	 1.0
1	2010	265	21952.0	 23.0	 30.0	3.000	 2.0	 1.0
1	2010	266	17714.0	 23.0	 30.0	3.000	 1.0	 0.0
1	2010	267	16183.0	 22.0	 30.0	3.000	 2.0	 1.0
1	2010	268	12696.0	 23.0	 29.0	3.000	 2.0	 0.0
1	2010	269	23112.0	 22.0	 30.0	3.000	 2.0	 1.0
1	2010	270	23911.0	 23.0	 31.0	3.000	 2.0	 1.0
1	2010	271	12655.0	 23.0	 28.0	3.000	 2.0	12.0
1	2010	272	17504.0	 22.0	 30.0	3.000	 1.0	 1.0
1	2010	273	23242.0	 23.0	 31.0	3.000	 1.0	 2.0
1	2010	274	19998.0	 24.0	 32.0	3.000	 3.0	 5.0
1	2010	275	16138.0	 24.0	 30.0	3.000	 2.0	 1.0
1	2010	276	17503.0	 23.0	 31.0	3.000	 1.0	 9.0
1	2010	277	17211.0	 23.0	 30.0	3.000	 2.0	 5.0
1	2010	278	17435.0	 23.0	 29.0	3.000	 2.0	 3.0
1	2010	279	20521.0	 23.0	 30.0	3.000	 1.0	 2.0
1	2010	280	8327.0	 23.0	 26.0	3.000	 1.0	 7.0
1	2010	281	16452.0	 22.0	 30.0	3.000	 2.0	 2.0
1	2010	282	21566.0	 23.0	 31.0	3.000	 2.0	 1.0
1	2010	283	23981.0	 23.0	 32.0	3.000	 1.0	 3.0
1	2010	284	13526.0	 23.0	 30.0	3.000	 3.0	 1.0
1	2010	285	18827.0	 22.0	 30.0	3.000	 1.0	 8.0
1	2010	286	16664.0	 23.0	 29.0	3.000	 1.0	12.0
1	2010	287	19611.0	 23.0	 31.0	3.000	 1.0	 2.0
1	2010	288	20391.0	 22.0	 31.0	3.000	 1.0	 2.0
1	2010	289	21833.0	 23.0	 32.0	3.000	 2.0	 0.0
1	2010	290	20922.0	 24.0	 33.0	3.000	 2.0	 0.0
1	2010	291	15933.0	 23.0	 30.0	3.000	 3.0	 1.0
1	2010	292	17156.0	 23.0	 31.0	3.000	 2.0	 0.0
1	2010	293	15740.0	 23.0	 30.0	3.000	 2.0	 2.0
1	2010	294	17334.0	 22.0	 30.0	3.000	 2.0	 2.0
1	2010	295	21465.0	 23.0	 31.0	3.000	 1.0	 1.0
1	2010	296	22837.0	 23.0	 32.0	3.000	 2.0	 0.0
1	2010	297	21756.0	 24.0	 31.0	3.000	 2.0	10.0
1	2010	298	17149.0	 23.0	 30.0	3.000	 2.0	 2.0
1	2010	299	20662.0	 22.0	 30.0	3.000	 2.0	 1.0
1	2010	300	20236.0	 23.0	 31.0	3.000	 1.0	 0.0
1	2010	301	18056.0	 23.0	 30.0	3.000	 2.0	 0.0
1	2010	302	21604.0	 23.0	 32.0	3.000	 1.0	 1.0
1	2010	303	22355.0	 23.0	 33.0	3.000	 1.0	 0.0
1	2010	304	21639.0	 23.0	 33.0	3.000	 2.0	 0.0
1	2010	305	21765.0	 24.0	 33.0	3.000	 2.0	 0.0
1	2010	306	20897.0	 24.0	 33.0	3.000	 1.0	 0.0
1	2010	307	22148.0	 23.0	 35.0	3.000	 1.0	 0.0
1	2010	308	20576.0	 23.0	 34.0	3.000	 1.0	 0.0
1	2010	309	21197.0	 24.0	 34.0	3.000	 2.0	 0.0
1	2010	310	19777.0	 24.0	 33.0	3.000	 2.0	 0.0
1	2010	311	12571.0	 25.0	 32.0	3.000	 2.0	 0.0
1	2010	312	18677.0	 22.0	 32.0	3.000	 2.0	 2.0
1	2010	313	22306.0	 23.0	 36.0	2.000	 0.0	 0.0
1	2010	314	21276.0	 22.0	 35.0	2.000	 2.0	 0.0
1	2010	315	21216.0	 23.0	 36.0	3.000	 1.0	 0.0
1	2010	316	22341.0	 23.0	 37.0	2.000	 1.0	 0.0
1	2010	317	21242.0	 21.0	 35.0	2.000	 2.0	 0.0
1	2010	318	20217.0	 24.0	 34.0	3.000	 2.0	 0.0
1	2010	319	20406.0	 24.0	 35.0	2.000	 2.0	 0.0
1	2010	320	21760.0	 23.0	 37.0	2.000	 0.0	 0.0
1	2010	321	19666.0	 23.0	 36.0	2.000	 1.0	 0.0
1	2010	322	19632.0	 23.0	 35.0	2.000	 2.0	 0.0
1	2010	323	19938.0	 23.0	 35.0	2.000	 2.0	 0.0
1	2010	324	19290.0	 23.0	 36.0	2.000	 0.0	 0.0
1	2010	325	18742.0	 23.0	 35.0	2.000	 1.0	 0.0
1	2010	326	20904.0	 21.0	 36.0	2.000	 2.0	 0.0
1	2010	327	20200.0	 22.0	 35.0	2.000	 1.0	 0.0
1	2010	328	22231.0	 20.0	 36.0	1.000	 2.0	 0.0
1	2010	329	22017.0	 21.0	 36.0	1.000	 2.0	 0.0
1	2010	330	21996.0	 20.0	 36.0	1.000	 2.0	 0.0
1	2010	331	21599.0	 19.0	 35.0	1.000	 1.0	 0.0
1	2010	332	20687.0	 20.0	 35.0	2.000	 2.0	 0.0
1	2010	333	21661.0	 20.0	 37.0	1.000	 2.0	 0.0
1	2010	334	22098.0	 19.0	 36.0	1.000	 2.0	 0.0
1	2010	335	22164.0	 19.0	 35.0	1.000	 2.0	 0.0
1	2010	336	21923.0	 19.0	 34.0	1.000	 1.0	 0.0
1	2010	337	21561.0	 19.0	 34.0	1.000	 1.0	 0.0
1	2010	338	21329.0	 20.0	 35.0	1.000	 1.0	 0.0
1	2010	339	21263.0	 21.0	 36.0	1.000	 2.0	 0.0
1	2010	340	20828.0	 20.0	 35.0	1.000	 2.0	 0.0
1	2010	341	21402.0	 20.0	 34.0	1.000	 2.0	 0.0
1	2010	342	21518.0	 20.0	 34.0	1.000	 3.0	 0.0
1	2010	343	21953.0	 19.0	 33.0	1.000	 3.0	 0.0
1	2010	344	21924.0	 18.0	 34.0	1.000	 3.0	 0.0
1	2010	345	21794.0	 17.0	 33.0	1.000	 3.0	 0.0
1	2010	346	21827.0	 16.0	 33.0	1.000	 2.0	 0.0
1	2010	347	21335.0	 17.0	 34.0	1.000	 1.0	 0.0
1	2010	348	21006.0	 19.0	 35.0	1.000	 2.0	 0.0
1	2010	349	20866.0	 20.0	 35.0	1.000	 3.0	 0.0
1	2010	350	20993.0	 20.0	 36.0	1.000	 3.0	 0.0
1	2010	351	20792.0	 21.0	 37.0	1.000	 3.0	 0.0
1	2010	352	20800.0	 21.0	 37.0	1.000	 3.0	 0.0
1	2010	353	20165.0	 21.0	 35.0	1.000	 2.0	 0.0
1	2010	354	20766.0	 21.0	 36.0	1.000	 3.0	 0.0
1	2010	355	21203.0	 21.0	 35.0	1.000	 3.0	 0.0
1	2010	356	21497.0	 18.0	 35.0	1.000	 2.0	 0.0
1	2010	357	21159.0	 18.0	 34.0	1.000	 1.0	 0.0
1	2010	358	21403.0	 19.0	 35.0	1.000	 2.0	 0.0
1	2010	359	21540.0	 18.0	 34.0	1.000	 2.0	 0.0
1	2010	360	21340.0	 17.0	 34.0	1.000	 1.0	 0.0
1	2010	361	20957.0	 18.0	 35.0	1.000	 2.0	 0.0
1	2010	362	20544.0	 20.0	 35.0	1.000	 3.0	 0.0
1	2010	363	20892.0	 20.0	 34.0	1.000	 3.0	 0.0
1	2010	364	20990.0	 20.0	 33.0	1.000	 4.0	 0.0
1	2010	365	21118.0	 18.0	 32.0	1.000	 4.0	 0.0
