*---------------------------------------------------
* Station: Upper_East
* Year: 2014
* Origin: ERA5-Reanalysis
* Columns & units
* ===================
* 1. station number
* 2. year
* 3. Day of Year
* 4. Irradiance   (kJ路m-2路d-1)
* 5. Daily minimum temperature (degC)
* 6. Daily maximum temperature (degC)
* 7. Vapour pressure (kPa)
* 8. Mean wind speed (m路s-1)
* 9. Precipitation (mm路d-1)
** WCCDESCRIPTION=Upper_East
** WCCFORMAT=2
** WCCYEARNR=2014
*------------------------------------------------------------*
-0.81  10.78  204.00 -0.18  -0.55
1	2014	1	20204.0	 21.0	 35.0	1.000	 2.0	 0.0
1	2014	2	19353.0	 21.0	 34.0	1.000	 3.0	 0.0
1	2014	3	15059.0	 22.0	 34.0	1.000	 4.0	 0.0
1	2014	4	21015.0	 21.0	 35.0	1.000	 4.0	 0.0
1	2014	5	21152.0	 21.0	 34.0	1.000	 3.0	 0.0
1	2014	6	20952.0	 21.0	 34.0	1.000	 3.0	 0.0
1	2014	7	21073.0	 20.0	 34.0	1.000	 3.0	 0.0
1	2014	8	21061.0	 21.0	 35.0	1.000	 3.0	 0.0
1	2014	9	21142.0	 21.0	 35.0	1.000	 3.0	 0.0
1	2014	10	21244.0	 22.0	 35.0	1.000	 3.0	 0.0
1	2014	11	21269.0	 21.0	 35.0	1.000	 3.0	 0.0
1	2014	12	21956.0	 21.0	 34.0	1.000	 3.0	 0.0
1	2014	13	21876.0	 20.0	 35.0	1.000	 3.0	 0.0
1	2014	14	22076.0	 19.0	 35.0	1.000	 2.0	 0.0
1	2014	15	22194.0	 19.0	 36.0	1.000	 2.0	 0.0
1	2014	16	22020.0	 19.0	 36.0	1.000	 2.0	 0.0
1	2014	17	19144.0	 19.0	 35.0	2.000	 1.0	 0.0
1	2014	18	18716.0	 25.0	 35.0	2.000	 1.0	 1.0
1	2014	19	18843.0	 23.0	 35.0	2.000	 2.0	 0.0
1	2014	20	19086.0	 25.0	 37.0	1.000	 3.0	 0.0
1	2014	21	20763.0	 23.0	 37.0	1.000	 4.0	 0.0
1	2014	22	21685.0	 23.0	 37.0	1.000	 3.0	 0.0
1	2014	23	21767.0	 21.0	 37.0	1.000	 2.0	 0.0
1	2014	24	20966.0	 21.0	 37.0	1.000	 2.0	 0.0
1	2014	25	22020.0	 22.0	 38.0	1.000	 3.0	 0.0
1	2014	26	21146.0	 20.0	 37.0	1.000	 2.0	 0.0
1	2014	27	22194.0	 23.0	 37.0	1.000	 3.0	 0.0
1	2014	28	22275.0	 22.0	 36.0	1.000	 2.0	 0.0
1	2014	29	22175.0	 20.0	 37.0	1.000	 1.0	 0.0
1	2014	30	18336.0	 25.0	 37.0	1.000	 2.0	 0.0
1	2014	31	21039.0	 24.0	 35.0	1.000	 1.0	 0.0
1	2014	32	20525.0	 22.0	 32.0	1.000	 4.0	 0.0
1	2014	33	21778.0	 20.0	 32.0	0.500	 4.0	 0.0
1	2014	34	20520.0	 20.0	 33.0	1.000	 3.0	 0.0
1	2014	35	21841.0	 22.0	 36.0	1.000	 3.0	 0.0
1	2014	36	22154.0	 24.0	 37.0	1.000	 4.0	 0.0
1	2014	37	22218.0	 25.0	 37.0	1.000	 4.0	 0.0
1	2014	38	22613.0	 24.0	 38.0	1.000	 3.0	 0.0
1	2014	39	22941.0	 23.0	 38.0	1.000	 3.0	 0.0
1	2014	40	23094.0	 23.0	 38.0	1.000	 3.0	 0.0
1	2014	41	23204.0	 24.0	 38.0	1.000	 3.0	 0.0
1	2014	42	22788.0	 23.0	 37.0	1.000	 3.0	 0.0
1	2014	43	23390.0	 23.0	 37.0	1.000	 3.0	 0.0
1	2014	44	23755.0	 23.0	 37.0	1.000	 4.0	 0.0
1	2014	45	24071.0	 23.0	 37.0	0.500	 4.0	 0.0
1	2014	46	24326.0	 21.0	 36.0	1.000	 3.0	 0.0
1	2014	47	23547.0	 22.0	 37.0	1.000	 2.0	 0.0
1	2014	48	21954.0	 23.0	 37.0	1.000	 1.0	 0.0
1	2014	49	23217.0	 24.0	 38.0	1.000	 3.0	 0.0
1	2014	50	24030.0	 23.0	 38.0	1.000	 3.0	 0.0
1	2014	51	24039.0	 24.0	 38.0	1.000	 3.0	 0.0
1	2014	52	24322.0	 23.0	 38.0	1.000	 3.0	 0.0
1	2014	53	24408.0	 22.0	 39.0	1.000	 3.0	 0.0
1	2014	54	24546.0	 23.0	 40.0	1.000	 3.0	 0.0
1	2014	55	24490.0	 23.0	 40.0	1.000	 2.0	 0.0
1	2014	56	23534.0	 23.0	 39.0	1.000	 2.0	 0.0
1	2014	57	21710.0	 27.0	 38.0	2.000	 2.0	 0.0
1	2014	58	21328.0	 27.0	 38.0	2.000	 2.0	 0.0
1	2014	59	23313.0	 24.0	 36.0	1.000	 2.0	 0.0
1	2014	60	24363.0	 23.0	 35.0	1.000	 4.0	 0.0
1	2014	61	25066.0	 21.0	 36.0	1.000	 3.0	 0.0
1	2014	62	25336.0	 21.0	 37.0	1.000	 3.0	 0.0
1	2014	63	25400.0	 22.0	 38.0	1.000	 3.0	 0.0
1	2014	64	24941.0	 21.0	 38.0	1.000	 1.0	 0.0
1	2014	65	24261.0	 23.0	 38.0	1.000	 1.0	 0.0
1	2014	66	24898.0	 22.0	 39.0	1.000	 1.0	 0.0
1	2014	67	25417.0	 22.0	 39.0	1.000	 2.0	 0.0
1	2014	68	24434.0	 23.0	 38.0	1.000	 2.0	 0.0
1	2014	69	26065.0	 22.0	 39.0	1.000	 2.0	 0.0
1	2014	70	22937.0	 22.0	 38.0	1.000	 1.0	 0.0
1	2014	71	20503.0	 28.0	 38.0	2.000	 3.0	 0.0
1	2014	72	23452.0	 25.0	 39.0	2.000	 1.0	 0.0
1	2014	73	23049.0	 27.0	 39.0	2.000	 1.0	 0.0
1	2014	74	24835.0	 27.0	 40.0	2.000	 0.0	 0.0
1	2014	75	25401.0	 24.0	 40.0	1.000	 1.0	 0.0
1	2014	76	21709.0	 26.0	 38.0	2.000	 1.0	 0.0
1	2014	77	22989.0	 27.0	 39.0	2.000	 1.0	 0.0
1	2014	78	22967.0	 28.0	 39.0	2.000	 2.0	 0.0
1	2014	79	22842.0	 29.0	 40.0	2.000	 2.0	 1.0
1	2014	80	19600.0	 27.0	 37.0	3.000	 3.0	 3.0
1	2014	81	22209.0	 26.0	 38.0	2.000	 2.0	 1.0
1	2014	82	23174.0	 26.0	 38.0	2.000	 2.0	 0.0
1	2014	83	24575.0	 26.0	 38.0	2.000	 2.0	 0.0
1	2014	84	22045.0	 27.0	 39.0	2.000	 2.0	 0.0
1	2014	85	23405.0	 28.0	 40.0	2.000	 2.0	 0.0
1	2014	86	23207.0	 27.0	 40.0	1.000	 1.0	 0.0
1	2014	87	24335.0	 25.0	 39.0	2.000	 2.0	 0.0
1	2014	88	24730.0	 28.0	 39.0	2.000	 3.0	 0.0
1	2014	89	22716.0	 27.0	 39.0	2.000	 3.0	 2.0
1	2014	90	20772.0	 26.0	 36.0	2.000	 3.0	 0.0
1	2014	91	24228.0	 25.0	 38.0	2.000	 1.0	 0.0
1	2014	92	24841.0	 26.0	 40.0	2.000	 0.0	 0.0
1	2014	93	25895.0	 25.0	 39.0	2.000	 2.0	 0.0
1	2014	94	24744.0	 28.0	 39.0	3.000	 2.0	 0.0
1	2014	95	24220.0	 28.0	 39.0	2.000	 2.0	 0.0
1	2014	96	22464.0	 27.0	 38.0	2.000	 4.0	 0.0
1	2014	97	23970.0	 26.0	 38.0	2.000	 3.0	 0.0
1	2014	98	23347.0	 26.0	 37.0	3.000	 3.0	 3.0
1	2014	99	23750.0	 25.0	 37.0	3.000	 3.0	 5.0
1	2014	100	23737.0	 25.0	 35.0	3.000	 2.0	 8.0
1	2014	101	24357.0	 26.0	 35.0	3.000	 3.0	 0.0
1	2014	102	25414.0	 26.0	 37.0	3.000	 3.0	 0.0
1	2014	103	22036.0	 27.0	 36.0	3.000	 3.0	 1.0
1	2014	104	19189.0	 26.0	 36.0	3.000	 3.0	 1.0
1	2014	105	24887.0	 26.0	 39.0	3.000	 3.0	 0.0
1	2014	106	25373.0	 28.0	 40.0	3.000	 3.0	 0.0
1	2014	107	25150.0	 28.0	 40.0	3.000	 3.0	 0.0
1	2014	108	24167.0	 28.0	 40.0	3.000	 4.0	 0.0
1	2014	109	24449.0	 27.0	 39.0	2.000	 3.0	 0.0
1	2014	110	24550.0	 29.0	 39.0	3.000	 3.0	 0.0
1	2014	111	23544.0	 26.0	 37.0	3.000	 3.0	 7.0
1	2014	112	24710.0	 27.0	 37.0	3.000	 3.0	 0.0
1	2014	113	23008.0	 26.0	 38.0	3.000	 3.0	 6.0
1	2014	114	23500.0	 26.0	 36.0	3.000	 3.0	 0.0
1	2014	115	25491.0	 26.0	 38.0	3.000	 3.0	 0.0
1	2014	116	24959.0	 28.0	 38.0	3.000	 3.0	 2.0
1	2014	117	21235.0	 26.0	 37.0	3.000	 3.0	 0.0
1	2014	118	25720.0	 27.0	 38.0	3.000	 2.0	 0.0
1	2014	119	10019.0	 25.0	 31.0	3.000	 2.0	 7.0
1	2014	120	21464.0	 24.0	 34.0	3.000	 2.0	 0.0
1	2014	121	24397.0	 24.0	 35.0	3.000	 2.0	 1.0
1	2014	122	24434.0	 26.0	 37.0	3.000	 2.0	 3.0
1	2014	123	20933.0	 27.0	 35.0	3.000	 2.0	 2.0
1	2014	124	20882.0	 27.0	 33.0	3.000	 2.0	 3.0
1	2014	125	18149.0	 25.0	 32.0	3.000	 3.0	 7.0
1	2014	126	16922.0	 24.0	 32.0	3.000	 2.0	13.0
1	2014	127	21943.0	 25.0	 33.0	3.000	 3.0	 0.0
1	2014	128	21152.0	 25.0	 33.0	3.000	 3.0	 6.0
1	2014	129	18143.0	 25.0	 32.0	3.000	 2.0	 2.0
1	2014	130	23012.0	 24.0	 32.0	3.000	 1.0	 8.0
1	2014	131	22748.0	 24.0	 33.0	3.000	 1.0	 0.0
1	2014	132	24090.0	 26.0	 34.0	3.000	 2.0	 1.0
1	2014	133	23054.0	 25.0	 34.0	3.000	 2.0	 7.0
1	2014	134	15152.0	 25.0	 31.0	3.000	 2.0	10.0
1	2014	135	21627.0	 24.0	 32.0	3.000	 2.0	 6.0
1	2014	136	24829.0	 24.0	 34.0	3.000	 2.0	 0.0
1	2014	137	25012.0	 24.0	 34.0	3.000	 2.0	 1.0
1	2014	138	23683.0	 25.0	 35.0	3.000	 1.0	 1.0
1	2014	139	23778.0	 24.0	 34.0	3.000	 2.0	 7.0
1	2014	140	25490.0	 25.0	 36.0	3.000	 1.0	 0.0
1	2014	141	25956.0	 25.0	 38.0	3.000	 2.0	 0.0
1	2014	142	25488.0	 25.0	 37.0	3.000	 3.0	 0.0
1	2014	143	25174.0	 27.0	 37.0	3.000	 3.0	 0.0
1	2014	144	25548.0	 27.0	 38.0	3.000	 3.0	 0.0
1	2014	145	20824.0	 27.0	 36.0	3.000	 2.0	 0.0
1	2014	146	23467.0	 27.0	 39.0	3.000	 2.0	 1.0
1	2014	147	23799.0	 27.0	 38.0	3.000	 4.0	 0.0
1	2014	148	23717.0	 27.0	 37.0	3.000	 3.0	 1.0
1	2014	149	21175.0	 26.0	 36.0	3.000	 4.0	 1.0
1	2014	150	24035.0	 26.0	 37.0	3.000	 2.0	 2.0
1	2014	151	24416.0	 27.0	 38.0	3.000	 3.0	 0.0
1	2014	152	24666.0	 27.0	 39.0	3.000	 3.0	 0.0
1	2014	153	16262.0	 26.0	 34.0	3.000	 3.0	 0.0
1	2014	154	24583.0	 26.0	 38.0	3.000	 2.0	 0.0
1	2014	155	24010.0	 26.0	 38.0	3.000	 2.0	 5.0
1	2014	156	10878.0	 25.0	 30.0	3.000	 2.0	 9.0
1	2014	157	21200.0	 24.0	 34.0	3.000	 3.0	 0.0
1	2014	158	23436.0	 25.0	 35.0	3.000	 3.0	 1.0
1	2014	159	25200.0	 25.0	 37.0	3.000	 3.0	 0.0
1	2014	160	24340.0	 26.0	 37.0	3.000	 4.0	 0.0
1	2014	161	14520.0	 26.0	 33.0	3.000	 4.0	 0.0
1	2014	162	24191.0	 25.0	 36.0	3.000	 2.0	 1.0
1	2014	163	22976.0	 25.0	 36.0	3.000	 2.0	 1.0
1	2014	164	9766.0	 24.0	 31.0	3.000	 1.0	11.0
1	2014	165	22558.0	 25.0	 35.0	3.000	 3.0	 0.0
1	2014	166	20513.0	 25.0	 34.0	3.000	 3.0	 6.0
1	2014	167	24307.0	 25.0	 35.0	3.000	 2.0	 0.0
1	2014	168	19521.0	 24.0	 33.0	3.000	 1.0	 3.0
1	2014	169	20402.0	 25.0	 33.0	3.000	 2.0	 0.0
1	2014	170	24437.0	 25.0	 35.0	3.000	 3.0	 0.0
1	2014	171	21181.0	 25.0	 35.0	3.000	 2.0	 1.0
1	2014	172	24512.0	 25.0	 36.0	3.000	 3.0	 0.0
1	2014	173	17795.0	 25.0	 33.0	3.000	 3.0	 1.0
1	2014	174	20313.0	 24.0	 34.0	3.000	 3.0	 0.0
1	2014	175	24623.0	 24.0	 36.0	3.000	 3.0	 1.0
1	2014	176	24071.0	 25.0	 36.0	3.000	 3.0	 1.0
1	2014	177	22247.0	 25.0	 35.0	3.000	 3.0	 0.0
1	2014	178	21468.0	 25.0	 34.0	3.000	 3.0	 0.0
1	2014	179	20762.0	 26.0	 34.0	3.000	 3.0	 1.0
1	2014	180	21746.0	 25.0	 34.0	3.000	 2.0	 3.0
1	2014	181	22879.0	 25.0	 35.0	3.000	 3.0	 0.0
1	2014	182	24633.0	 25.0	 36.0	3.000	 3.0	 2.0
1	2014	183	20464.0	 25.0	 33.0	3.000	 2.0	 3.0
1	2014	184	19471.0	 25.0	 33.0	3.000	 1.0	 1.0
1	2014	185	17490.0	 24.0	 33.0	3.000	 2.0	 1.0
1	2014	186	17868.0	 24.0	 35.0	3.000	 3.0	 0.0
1	2014	187	24357.0	 23.0	 36.0	3.000	 4.0	 1.0
1	2014	188	17584.0	 23.0	 32.0	3.000	 3.0	 3.0
1	2014	189	19509.0	 24.0	 31.0	3.000	 3.0	 1.0
1	2014	190	23273.0	 23.0	 33.0	3.000	 2.0	 0.0
1	2014	191	23293.0	 24.0	 34.0	3.000	 1.0	 3.0
1	2014	192	22937.0	 24.0	 34.0	3.000	 3.0	 0.0
1	2014	193	18370.0	 25.0	 34.0	3.000	 3.0	 0.0
1	2014	194	19918.0	 25.0	 34.0	3.000	 3.0	 1.0
1	2014	195	21292.0	 25.0	 33.0	3.000	 2.0	 1.0
1	2014	196	22620.0	 25.0	 35.0	3.000	 2.0	 1.0
1	2014	197	16129.0	 24.0	 33.0	3.000	 4.0	 6.0
1	2014	198	17007.0	 23.0	 31.0	3.000	 4.0	 6.0
1	2014	199	9840.0	 23.0	 28.0	3.000	 2.0	 7.0
1	2014	200	16611.0	 22.0	 31.0	3.000	 2.0	 0.0
1	2014	201	21786.0	 25.0	 32.0	3.000	 3.0	 1.0
1	2014	202	19484.0	 23.0	 32.0	3.000	 3.0	 1.0
1	2014	203	19257.0	 24.0	 32.0	3.000	 3.0	 2.0
1	2014	204	7464.0	 23.0	 27.0	3.000	 2.0	27.0
1	2014	205	16822.0	 22.0	 29.0	3.000	 2.0	 3.0
1	2014	206	17878.0	 23.0	 29.0	3.000	 3.0	 4.0
1	2014	207	21518.0	 23.0	 30.0	3.000	 2.0	 3.0
1	2014	208	20870.0	 23.0	 31.0	3.000	 2.0	 1.0
1	2014	209	19510.0	 24.0	 32.0	3.000	 3.0	 2.0
1	2014	210	17215.0	 23.0	 30.0	3.000	 2.0	 4.0
1	2014	211	19889.0	 23.0	 31.0	3.000	 2.0	 9.0
1	2014	212	18532.0	 23.0	 31.0	3.000	 2.0	 3.0
1	2014	213	17392.0	 23.0	 31.0	3.000	 3.0	 7.0
1	2014	214	12737.0	 23.0	 29.0	3.000	 2.0	10.0
1	2014	215	20198.0	 23.0	 30.0	3.000	 2.0	 2.0
1	2014	216	18417.0	 23.0	 30.0	3.000	 2.0	 5.0
1	2014	217	21197.0	 23.0	 30.0	3.000	 2.0	 6.0
1	2014	218	16105.0	 23.0	 28.0	3.000	 3.0	 7.0
1	2014	219	20973.0	 23.0	 30.0	3.000	 3.0	 6.0
1	2014	220	18827.0	 23.0	 30.0	3.000	 3.0	 4.0
1	2014	221	17595.0	 23.0	 28.0	3.000	 3.0	 2.0
1	2014	222	17045.0	 23.0	 29.0	3.000	 2.0	 1.0
1	2014	223	19787.0	 22.0	 30.0	3.000	 2.0	 2.0
1	2014	224	17263.0	 23.0	 30.0	3.000	 2.0	 4.0
1	2014	225	14634.0	 23.0	 28.0	3.000	 3.0	23.0
1	2014	226	20835.0	 22.0	 30.0	3.000	 2.0	 2.0
1	2014	227	16089.0	 23.0	 29.0	3.000	 2.0	 5.0
1	2014	228	4271.0	 23.0	 24.0	3.000	 3.0	37.0
1	2014	229	11617.0	 23.0	 28.0	3.000	 3.0	 9.0
1	2014	230	14501.0	 23.0	 28.0	3.000	 2.0	 2.0
1	2014	231	20286.0	 23.0	 31.0	3.000	 1.0	17.0
1	2014	232	15467.0	 23.0	 29.0	3.000	 2.0	 1.0
1	2014	233	16278.0	 23.0	 29.0	3.000	 3.0	 1.0
1	2014	234	17247.0	 23.0	 29.0	3.000	 3.0	 1.0
1	2014	235	11152.0	 22.0	 27.0	3.000	 3.0	 8.0
1	2014	236	18851.0	 22.0	 30.0	3.000	 1.0	 4.0
1	2014	237	20860.0	 23.0	 31.0	3.000	 2.0	 0.0
1	2014	238	19346.0	 22.0	 30.0	3.000	 3.0	 6.0
1	2014	239	19039.0	 23.0	 29.0	3.000	 3.0	12.0
1	2014	240	16267.0	 22.0	 30.0	3.000	 2.0	 0.0
1	2014	241	24009.0	 23.0	 32.0	3.000	 2.0	 2.0
1	2014	242	21041.0	 23.0	 31.0	3.000	 3.0	 1.0
1	2014	243	16010.0	 23.0	 30.0	3.000	 3.0	 0.0
1	2014	244	10304.0	 23.0	 28.0	3.000	 2.0	23.0
1	2014	245	7242.0	 22.0	 26.0	3.000	 2.0	10.0
1	2014	246	20476.0	 22.0	 29.0	3.000	 2.0	 1.0
1	2014	247	21749.0	 22.0	 31.0	3.000	 2.0	 0.0
1	2014	248	4234.0	 22.0	 25.0	3.000	 1.0	29.0
1	2014	249	15549.0	 22.0	 28.0	3.000	 2.0	 5.0
1	2014	250	14631.0	 23.0	 28.0	3.000	 2.0	 5.0
1	2014	251	22535.0	 21.0	 30.0	3.000	 2.0	 5.0
1	2014	252	16942.0	 22.0	 30.0	3.000	 1.0	 1.0
1	2014	253	12811.0	 22.0	 28.0	3.000	 2.0	26.0
1	2014	254	21544.0	 22.0	 30.0	3.000	 1.0	 2.0
1	2014	255	21063.0	 22.0	 30.0	3.000	 1.0	 1.0
1	2014	256	20734.0	 23.0	 31.0	3.000	 2.0	 1.0
1	2014	257	13811.0	 22.0	 29.0	3.000	 1.0	12.0
1	2014	258	19606.0	 23.0	 30.0	3.000	 1.0	 4.0
1	2014	259	20403.0	 23.0	 30.0	3.000	 1.0	 2.0
1	2014	260	19190.0	 23.0	 29.0	3.000	 2.0	 6.0
1	2014	261	10781.0	 22.0	 26.0	3.000	 2.0	20.0
1	2014	262	14303.0	 22.0	 28.0	3.000	 1.0	 1.0
1	2014	263	23115.0	 22.0	 30.0	3.000	 1.0	 0.0
1	2014	264	19212.0	 23.0	 30.0	3.000	 1.0	 2.0
1	2014	265	17766.0	 23.0	 30.0	3.000	 2.0	 0.0
1	2014	266	23346.0	 23.0	 31.0	3.000	 2.0	 2.0
1	2014	267	15310.0	 22.0	 30.0	3.000	 2.0	10.0
1	2014	268	23207.0	 22.0	 31.0	3.000	 2.0	 0.0
1	2014	269	23768.0	 23.0	 31.0	3.000	 2.0	 0.0
1	2014	270	13089.0	 24.0	 29.0	3.000	 2.0	 2.0
1	2014	271	21769.0	 23.0	 31.0	3.000	 2.0	 0.0
1	2014	272	22122.0	 23.0	 32.0	3.000	 2.0	 2.0
1	2014	273	20438.0	 24.0	 30.0	3.000	 2.0	 7.0
1	2014	274	13814.0	 22.0	 29.0	3.000	 2.0	10.0
1	2014	275	16476.0	 22.0	 29.0	3.000	 2.0	 7.0
1	2014	276	20367.0	 22.0	 30.0	3.000	 1.0	 1.0
1	2014	277	23257.0	 22.0	 31.0	3.000	 1.0	 0.0
1	2014	278	19611.0	 23.0	 30.0	3.000	 2.0	 5.0
1	2014	279	20956.0	 23.0	 31.0	3.000	 2.0	 0.0
1	2014	280	20772.0	 24.0	 31.0	3.000	 2.0	 1.0
1	2014	281	23769.0	 23.0	 32.0	3.000	 1.0	 0.0
1	2014	282	24274.0	 23.0	 32.0	3.000	 2.0	 0.0
1	2014	283	24310.0	 23.0	 32.0	3.000	 2.0	 0.0
1	2014	284	22690.0	 24.0	 32.0	3.000	 2.0	 1.0
1	2014	285	16956.0	 23.0	 30.0	3.000	 2.0	 2.0
1	2014	286	17738.0	 23.0	 31.0	3.000	 2.0	 0.0
1	2014	287	18829.0	 23.0	 31.0	3.000	 2.0	 0.0
1	2014	288	22339.0	 23.0	 33.0	3.000	 2.0	 0.0
1	2014	289	22142.0	 24.0	 33.0	3.000	 2.0	 1.0
1	2014	290	22014.0	 24.0	 34.0	3.000	 2.0	 1.0
1	2014	291	20680.0	 24.0	 32.0	3.000	 2.0	 5.0
1	2014	292	17040.0	 23.0	 31.0	3.000	 2.0	 2.0
1	2014	293	22397.0	 23.0	 33.0	3.000	 1.0	 0.0
1	2014	294	22545.0	 23.0	 34.0	3.000	 1.0	 0.0
1	2014	295	23250.0	 22.0	 34.0	3.000	 1.0	 0.0
1	2014	296	20551.0	 24.0	 33.0	3.000	 2.0	 0.0
1	2014	297	21170.0	 24.0	 34.0	3.000	 2.0	 0.0
1	2014	298	22200.0	 24.0	 35.0	3.000	 1.0	 0.0
1	2014	299	18587.0	 24.0	 34.0	3.000	 2.0	 0.0
1	2014	300	21959.0	 24.0	 35.0	3.000	 1.0	 0.0
1	2014	301	21676.0	 25.0	 35.0	3.000	 2.0	 0.0
1	2014	302	22933.0	 25.0	 36.0	3.000	 2.0	 0.0
1	2014	303	20429.0	 25.0	 35.0	3.000	 2.0	 3.0
1	2014	304	20813.0	 24.0	 34.0	3.000	 2.0	 0.0
1	2014	305	20471.0	 25.0	 35.0	3.000	 2.0	 1.0
1	2014	306	20837.0	 24.0	 34.0	3.000	 1.0	 0.0
1	2014	307	19579.0	 25.0	 34.0	3.000	 1.0	 0.0
1	2014	308	20238.0	 24.0	 35.0	3.000	 1.0	 2.0
1	2014	309	16335.0	 25.0	 33.0	3.000	 2.0	 0.0
1	2014	310	19525.0	 24.0	 35.0	2.000	 1.0	 0.0
1	2014	311	22132.0	 25.0	 37.0	2.000	 1.0	 0.0
1	2014	312	22327.0	 23.0	 37.0	2.000	 1.0	 0.0
1	2014	313	22277.0	 22.0	 37.0	2.000	 1.0	 0.0
1	2014	314	21438.0	 24.0	 36.0	2.000	 2.0	 0.0
1	2014	315	21001.0	 25.0	 36.0	3.000	 2.0	 0.0
1	2014	316	18276.0	 25.0	 35.0	3.000	 1.0	 0.0
1	2014	317	21386.0	 25.0	 37.0	2.000	 1.0	 0.0
1	2014	318	20535.0	 25.0	 36.0	2.000	 2.0	 0.0
1	2014	319	21641.0	 25.0	 37.0	2.000	 1.0	 0.0
1	2014	320	20999.0	 24.0	 36.0	2.000	 1.0	 0.0
1	2014	321	21722.0	 22.0	 36.0	2.000	 1.0	 0.0
1	2014	322	19360.0	 23.0	 35.0	2.000	 2.0	 0.0
1	2014	323	20127.0	 24.0	 35.0	2.000	 1.0	 1.0
1	2014	324	19593.0	 24.0	 35.0	2.000	 2.0	 0.0
1	2014	325	20619.0	 23.0	 35.0	2.000	 1.0	 0.0
1	2014	326	22004.0	 22.0	 36.0	2.000	 1.0	 0.0
1	2014	327	22256.0	 21.0	 36.0	1.000	 2.0	 0.0
1	2014	328	22252.0	 21.0	 36.0	1.000	 2.0	 0.0
1	2014	329	21885.0	 21.0	 36.0	1.000	 2.0	 0.0
1	2014	330	21847.0	 20.0	 35.0	1.000	 2.0	 0.0
1	2014	331	21088.0	 20.0	 35.0	2.000	 1.0	 0.0
1	2014	332	19740.0	 22.0	 34.0	2.000	 1.0	 0.0
1	2014	333	19573.0	 25.0	 35.0	2.000	 2.0	 0.0
1	2014	334	17805.0	 25.0	 34.0	2.000	 1.0	 0.0
1	2014	335	18565.0	 24.0	 36.0	2.000	 1.0	 0.0
1	2014	336	20852.0	 23.0	 36.0	2.000	 1.0	 0.0
1	2014	337	21791.0	 20.0	 37.0	1.000	 3.0	 0.0
1	2014	338	22257.0	 20.0	 35.0	1.000	 2.0	 0.0
1	2014	339	21811.0	 19.0	 35.0	1.000	 2.0	 0.0
1	2014	340	20643.0	 23.0	 36.0	1.000	 2.0	 0.0
1	2014	341	21242.0	 20.0	 37.0	1.000	 2.0	 0.0
1	2014	342	21599.0	 20.0	 36.0	1.000	 2.0	 0.0
1	2014	343	21535.0	 20.0	 36.0	1.000	 2.0	 0.0
1	2014	344	21504.0	 19.0	 36.0	1.000	 2.0	 0.0
1	2014	345	21570.0	 21.0	 34.0	1.000	 3.0	 0.0
1	2014	346	21521.0	 19.0	 34.0	1.000	 3.0	 0.0
1	2014	347	20967.0	 20.0	 34.0	1.000	 3.0	 0.0
1	2014	348	20603.0	 22.0	 36.0	1.000	 3.0	 0.0
1	2014	349	19212.0	 22.0	 35.0	1.000	 3.0	 0.0
1	2014	350	17134.0	 22.0	 35.0	1.000	 2.0	 0.0
1	2014	351	20686.0	 20.0	 36.0	1.000	 2.0	 0.0
1	2014	352	20614.0	 22.0	 36.0	1.000	 2.0	 0.0
1	2014	353	20755.0	 22.0	 35.0	1.000	 3.0	 0.0
1	2014	354	20929.0	 21.0	 35.0	1.000	 3.0	 0.0
1	2014	355	20895.0	 20.0	 35.0	1.000	 3.0	 0.0
1	2014	356	20799.0	 21.0	 35.0	1.000	 3.0	 0.0
1	2014	357	20869.0	 22.0	 35.0	1.000	 4.0	 0.0
1	2014	358	21355.0	 20.0	 34.0	1.000	 4.0	 0.0
1	2014	359	21310.0	 20.0	 33.0	1.000	 4.0	 0.0
1	2014	360	21508.0	 18.0	 32.0	1.000	 3.0	 0.0
1	2014	361	21364.0	 18.0	 32.0	1.000	 3.0	 0.0
1	2014	362	21256.0	 18.0	 32.0	1.000	 3.0	 0.0
1	2014	363	21114.0	 19.0	 33.0	1.000	 3.0	 0.0
1	2014	364	20973.0	 20.0	 34.0	1.000	 4.0	 0.0
1	2014	365	20918.0	 19.0	 33.0	1.000	 4.0	 0.0
