*---------------------------------------------------
* Station: Upper_East
* Year: 2013
* Origin: ERA5-Reanalysis
* Columns & units
* ===================
* 1. station number
* 2. year
* 3. Day of Year
* 4. Irradiance   (kJ路m-2路d-1)
* 5. Daily minimum temperature (degC)
* 6. Daily maximum temperature (degC)
* 7. Vapour pressure (kPa)
* 8. Mean wind speed (m路s-1)
* 9. Precipitation (mm路d-1)
** WCCDESCRIPTION=Upper_East
** WCCFORMAT=2
** WCCYEARNR=2013
*------------------------------------------------------------*
-0.81  10.78  204.00 -0.18  -0.55
1	2013	1	21324.0	 18.0	 31.0	1.000	 4.0	 0.0
1	2013	2	21105.0	 18.0	 32.0	1.000	 3.0	 0.0
1	2013	3	20409.0	 19.0	 33.0	1.000	 4.0	 0.0
1	2013	4	20989.0	 20.0	 33.0	1.000	 4.0	 0.0
1	2013	5	21461.0	 18.0	 32.0	1.000	 4.0	 0.0
1	2013	6	21626.0	 17.0	 32.0	1.000	 3.0	 0.0
1	2013	7	21466.0	 18.0	 34.0	1.000	 3.0	 0.0
1	2013	8	21205.0	 20.0	 35.0	1.000	 3.0	 0.0
1	2013	9	21152.0	 21.0	 35.0	1.000	 3.0	 0.0
1	2013	10	21196.0	 21.0	 35.0	1.000	 4.0	 0.0
1	2013	11	21480.0	 20.0	 34.0	1.000	 3.0	 0.0
1	2013	12	21649.0	 20.0	 34.0	1.000	 4.0	 0.0
1	2013	13	21442.0	 19.0	 34.0	1.000	 4.0	 0.0
1	2013	14	22042.0	 19.0	 34.0	1.000	 3.0	 0.0
1	2013	15	21623.0	 20.0	 35.0	1.000	 3.0	 0.0
1	2013	16	21458.0	 22.0	 36.0	1.000	 4.0	 0.0
1	2013	17	21454.0	 22.0	 36.0	1.000	 3.0	 0.0
1	2013	18	21653.0	 21.0	 36.0	1.000	 3.0	 0.0
1	2013	19	21716.0	 20.0	 36.0	1.000	 2.0	 0.0
1	2013	20	21894.0	 21.0	 37.0	1.000	 2.0	 0.0
1	2013	21	21999.0	 21.0	 37.0	1.000	 3.0	 0.0
1	2013	22	21836.0	 21.0	 37.0	1.000	 2.0	 0.0
1	2013	23	20207.0	 21.0	 37.0	1.000	 1.0	 0.0
1	2013	24	21374.0	 23.0	 37.0	1.000	 2.0	 0.0
1	2013	25	22111.0	 20.0	 37.0	1.000	 2.0	 0.0
1	2013	26	21130.0	 22.0	 36.0	1.000	 3.0	 0.0
1	2013	27	21210.0	 23.0	 36.0	1.000	 4.0	 0.0
1	2013	28	21643.0	 24.0	 34.0	1.000	 5.0	 0.0
1	2013	29	20678.0	 23.0	 36.0	1.000	 4.0	 0.0
1	2013	30	22013.0	 24.0	 36.0	1.000	 4.0	 0.0
1	2013	31	22432.0	 23.0	 34.0	1.000	 5.0	 0.0
1	2013	32	23087.0	 20.0	 32.0	1.000	 4.0	 0.0
1	2013	33	23319.0	 18.0	 32.0	1.000	 3.0	 0.0
1	2013	34	23239.0	 18.0	 33.0	1.000	 3.0	 0.0
1	2013	35	22751.0	 20.0	 35.0	1.000	 3.0	 0.0
1	2013	36	22927.0	 21.0	 36.0	1.000	 4.0	 0.0
1	2013	37	22983.0	 22.0	 36.0	1.000	 4.0	 0.0
1	2013	38	23017.0	 22.0	 37.0	1.000	 3.0	 0.0
1	2013	39	23149.0	 22.0	 37.0	1.000	 3.0	 0.0
1	2013	40	23192.0	 22.0	 38.0	1.000	 3.0	 0.0
1	2013	41	23404.0	 23.0	 38.0	1.000	 3.0	 0.0
1	2013	42	22039.0	 23.0	 38.0	1.000	 3.0	 0.0
1	2013	43	23384.0	 23.0	 38.0	1.000	 3.0	 0.0
1	2013	44	23540.0	 23.0	 38.0	1.000	 3.0	 0.0
1	2013	45	23954.0	 22.0	 37.0	1.000	 3.0	 0.0
1	2013	46	24118.0	 21.0	 37.0	1.000	 3.0	 0.0
1	2013	47	23918.0	 21.0	 39.0	1.000	 3.0	 0.0
1	2013	48	23644.0	 22.0	 39.0	1.000	 2.0	 0.0
1	2013	49	23937.0	 21.0	 38.0	1.000	 2.0	 0.0
1	2013	50	22743.0	 21.0	 38.0	1.000	 1.0	 0.0
1	2013	51	21450.0	 27.0	 38.0	2.000	 2.0	 0.0
1	2013	52	21849.0	 27.0	 38.0	1.000	 1.0	 0.0
1	2013	53	22421.0	 24.0	 38.0	1.000	 2.0	 0.0
1	2013	54	22495.0	 24.0	 40.0	1.000	 3.0	 0.0
1	2013	55	24240.0	 23.0	 40.0	1.000	 2.0	 0.0
1	2013	56	22863.0	 25.0	 40.0	1.000	 0.0	 0.0
1	2013	57	22148.0	 27.0	 39.0	2.000	 2.0	 0.0
1	2013	58	22885.0	 28.0	 40.0	2.000	 2.0	 0.0
1	2013	59	21735.0	 28.0	 40.0	2.000	 2.0	 0.0
1	2013	60	22323.0	 27.0	 39.0	2.000	 2.0	 0.0
1	2013	61	22397.0	 29.0	 41.0	2.000	 1.0	 0.0
1	2013	62	19747.0	 29.0	 39.0	2.000	 2.0	 0.0
1	2013	63	21818.0	 28.0	 39.0	2.000	 2.0	 0.0
1	2013	64	22859.0	 27.0	 39.0	2.000	 3.0	 0.0
1	2013	65	23030.0	 27.0	 41.0	2.000	 1.0	 0.0
1	2013	66	23861.0	 28.0	 41.0	2.000	 1.0	 0.0
1	2013	67	23900.0	 29.0	 40.0	2.000	 1.0	 0.0
1	2013	68	23068.0	 29.0	 40.0	2.000	 2.0	 0.0
1	2013	69	23393.0	 28.0	 39.0	2.000	 3.0	 0.0
1	2013	70	21625.0	 29.0	 39.0	2.000	 2.0	 0.0
1	2013	71	19631.0	 27.0	 37.0	2.000	 3.0	 0.0
1	2013	72	21484.0	 29.0	 39.0	2.000	 2.0	 1.0
1	2013	73	20345.0	 27.0	 38.0	2.000	 2.0	 0.0
1	2013	74	21833.0	 27.0	 39.0	2.000	 1.0	 0.0
1	2013	75	20837.0	 27.0	 38.0	2.000	 1.0	 0.0
1	2013	76	23824.0	 27.0	 39.0	2.000	 3.0	 0.0
1	2013	77	20002.0	 27.0	 39.0	2.000	 3.0	 4.0
1	2013	78	18450.0	 26.0	 37.0	3.000	 2.0	 0.0
1	2013	79	22622.0	 28.0	 40.0	2.000	 2.0	 0.0
1	2013	80	23708.0	 26.0	 40.0	2.000	 2.0	 0.0
1	2013	81	24815.0	 27.0	 40.0	2.000	 3.0	 0.0
1	2013	82	23274.0	 28.0	 39.0	2.000	 2.0	 0.0
1	2013	83	23037.0	 27.0	 39.0	2.000	 3.0	 0.0
1	2013	84	22584.0	 28.0	 39.0	3.000	 3.0	 0.0
1	2013	85	20169.0	 27.0	 37.0	3.000	 3.0	 0.0
1	2013	86	22207.0	 28.0	 38.0	3.000	 3.0	 4.0
1	2013	87	15966.0	 24.0	 36.0	2.000	 3.0	 1.0
1	2013	88	21933.0	 25.0	 37.0	3.000	 3.0	 0.0
1	2013	89	24464.0	 26.0	 38.0	2.000	 3.0	 0.0
1	2013	90	24832.0	 26.0	 39.0	2.000	 2.0	 0.0
1	2013	91	25149.0	 27.0	 39.0	2.000	 3.0	 0.0
1	2013	92	22459.0	 28.0	 37.0	3.000	 3.0	 1.0
1	2013	93	23192.0	 28.0	 40.0	3.000	 3.0	 1.0
1	2013	94	16312.0	 25.0	 34.0	3.000	 2.0	10.0
1	2013	95	23825.0	 26.0	 37.0	3.000	 2.0	 0.0
1	2013	96	19951.0	 26.0	 37.0	2.000	 3.0	 0.0
1	2013	97	24990.0	 25.0	 38.0	2.000	 2.0	 0.0
1	2013	98	26162.0	 26.0	 39.0	2.000	 3.0	 0.0
1	2013	99	24702.0	 27.0	 38.0	3.000	 4.0	 0.0
1	2013	100	17460.0	 27.0	 35.0	3.000	 4.0	 0.0
1	2013	101	24851.0	 27.0	 39.0	3.000	 2.0	 0.0
1	2013	102	24353.0	 28.0	 40.0	2.000	 3.0	 1.0
1	2013	103	23195.0	 26.0	 37.0	3.000	 4.0	 0.0
1	2013	104	24373.0	 27.0	 39.0	2.000	 2.0	 0.0
1	2013	105	22802.0	 28.0	 39.0	3.000	 3.0	 0.0
1	2013	106	22439.0	 27.0	 38.0	3.000	 3.0	 2.0
1	2013	107	23628.0	 25.0	 36.0	3.000	 3.0	 4.0
1	2013	108	24042.0	 26.0	 36.0	3.000	 2.0	 0.0
1	2013	109	24040.0	 26.0	 36.0	3.000	 3.0	 5.0
1	2013	110	21477.0	 25.0	 34.0	3.000	 2.0	 0.0
1	2013	111	24390.0	 26.0	 36.0	3.000	 2.0	 0.0
1	2013	112	18508.0	 25.0	 34.0	3.000	 1.0	13.0
1	2013	113	23060.0	 24.0	 35.0	3.000	 3.0	 0.0
1	2013	114	25651.0	 25.0	 36.0	3.000	 3.0	 0.0
1	2013	115	24884.0	 26.0	 37.0	3.000	 2.0	 0.0
1	2013	116	21872.0	 25.0	 34.0	3.000	 3.0	 3.0
1	2013	117	24569.0	 26.0	 36.0	3.000	 2.0	 0.0
1	2013	118	24534.0	 26.0	 36.0	3.000	 1.0	 0.0
1	2013	119	25523.0	 25.0	 37.0	3.000	 2.0	 0.0
1	2013	120	24918.0	 27.0	 37.0	3.000	 3.0	 0.0
1	2013	121	13313.0	 25.0	 32.0	3.000	 3.0	 8.0
1	2013	122	25724.0	 25.0	 36.0	3.000	 2.0	 0.0
1	2013	123	24728.0	 26.0	 37.0	3.000	 2.0	 0.0
1	2013	124	24237.0	 27.0	 37.0	3.000	 3.0	 0.0
1	2013	125	24050.0	 25.0	 37.0	3.000	 3.0	 0.0
1	2013	126	25205.0	 26.0	 37.0	3.000	 3.0	 0.0
1	2013	127	25069.0	 26.0	 38.0	3.000	 3.0	 3.0
1	2013	128	21651.0	 26.0	 35.0	3.000	 3.0	 0.0
1	2013	129	24051.0	 26.0	 37.0	3.000	 4.0	 0.0
1	2013	130	23873.0	 27.0	 37.0	3.000	 3.0	 2.0
1	2013	131	20041.0	 24.0	 34.0	3.000	 3.0	 0.0
1	2013	132	23537.0	 25.0	 36.0	3.000	 3.0	 0.0
1	2013	133	25022.0	 27.0	 36.0	3.000	 3.0	 0.0
1	2013	134	15011.0	 24.0	 33.0	3.000	 2.0	 3.0
1	2013	135	20609.0	 25.0	 34.0	3.000	 2.0	 2.0
1	2013	136	24456.0	 25.0	 35.0	3.000	 2.0	 0.0
1	2013	137	24071.0	 26.0	 36.0	3.000	 2.0	 0.0
1	2013	138	22840.0	 26.0	 36.0	3.000	 3.0	 0.0
1	2013	139	21387.0	 26.0	 36.0	3.000	 4.0	 0.0
1	2013	140	25090.0	 26.0	 37.0	3.000	 3.0	 0.0
1	2013	141	21935.0	 27.0	 37.0	3.000	 3.0	 0.0
1	2013	142	24104.0	 26.0	 37.0	3.000	 3.0	 4.0
1	2013	143	21352.0	 25.0	 35.0	3.000	 3.0	 0.0
1	2013	144	26012.0	 26.0	 37.0	3.000	 3.0	 0.0
1	2013	145	23852.0	 27.0	 37.0	3.000	 3.0	 0.0
1	2013	146	18324.0	 26.0	 35.0	3.000	 4.0	 1.0
1	2013	147	16743.0	 24.0	 34.0	3.000	 3.0	17.0
1	2013	148	23444.0	 24.0	 33.0	3.000	 3.0	 0.0
1	2013	149	18697.0	 25.0	 32.0	3.000	 3.0	 0.0
1	2013	150	21702.0	 25.0	 33.0	3.000	 3.0	 0.0
1	2013	151	23302.0	 25.0	 34.0	3.000	 2.0	 0.0
1	2013	152	25192.0	 25.0	 35.0	3.000	 3.0	 3.0
1	2013	153	22487.0	 24.0	 34.0	3.000	 3.0	 0.0
1	2013	154	23560.0	 24.0	 34.0	3.000	 3.0	 0.0
1	2013	155	23533.0	 25.0	 35.0	3.000	 4.0	 0.0
1	2013	156	13163.0	 24.0	 32.0	2.000	 2.0	 3.0
1	2013	157	18393.0	 23.0	 33.0	3.000	 3.0	 0.0
1	2013	158	19839.0	 25.0	 34.0	3.000	 3.0	 0.0
1	2013	159	24484.0	 25.0	 36.0	3.000	 3.0	 1.0
1	2013	160	19966.0	 24.0	 35.0	3.000	 3.0	 0.0
1	2013	161	16753.0	 24.0	 34.0	3.000	 3.0	 0.0
1	2013	162	20201.0	 25.0	 35.0	3.000	 3.0	 0.0
1	2013	163	24694.0	 25.0	 36.0	3.000	 3.0	 0.0
1	2013	164	25257.0	 26.0	 36.0	3.000	 4.0	 0.0
1	2013	165	19745.0	 26.0	 35.0	3.000	 4.0	 0.0
1	2013	166	24279.0	 26.0	 35.0	3.000	 2.0	 0.0
1	2013	167	23822.0	 26.0	 35.0	3.000	 3.0	 1.0
1	2013	168	23184.0	 25.0	 35.0	3.000	 3.0	 0.0
1	2013	169	18653.0	 26.0	 33.0	3.000	 3.0	 2.0
1	2013	170	23460.0	 25.0	 35.0	3.000	 3.0	 1.0
1	2013	171	16019.0	 24.0	 33.0	3.000	 4.0	 5.0
1	2013	172	21482.0	 24.0	 33.0	3.000	 3.0	 1.0
1	2013	173	23344.0	 25.0	 34.0	3.000	 3.0	 1.0
1	2013	174	20645.0	 25.0	 34.0	3.000	 4.0	 0.0
1	2013	175	17046.0	 25.0	 33.0	3.000	 4.0	 2.0
1	2013	176	19646.0	 24.0	 32.0	3.000	 3.0	 9.0
1	2013	177	19407.0	 24.0	 31.0	3.000	 3.0	 1.0
1	2013	178	14488.0	 24.0	 31.0	3.000	 1.0	 2.0
1	2013	179	18382.0	 23.0	 31.0	3.000	 2.0	 5.0
1	2013	180	22090.0	 23.0	 31.0	3.000	 1.0	10.0
1	2013	181	14815.0	 23.0	 29.0	3.000	 3.0	 5.0
1	2013	182	18091.0	 23.0	 30.0	3.000	 3.0	 0.0
1	2013	183	23579.0	 23.0	 32.0	3.000	 2.0	 1.0
1	2013	184	18609.0	 22.0	 31.0	3.000	 3.0	 5.0
1	2013	185	19209.0	 24.0	 32.0	3.000	 3.0	 0.0
1	2013	186	17344.0	 24.0	 31.0	3.000	 3.0	 2.0
1	2013	187	17690.0	 23.0	 30.0	3.000	 3.0	 5.0
1	2013	188	13483.0	 23.0	 30.0	3.000	 3.0	 1.0
1	2013	189	16381.0	 23.0	 30.0	3.000	 3.0	10.0
1	2013	190	17945.0	 23.0	 30.0	3.000	 3.0	10.0
1	2013	191	21501.0	 22.0	 30.0	3.000	 2.0	 5.0
1	2013	192	19110.0	 23.0	 30.0	3.000	 1.0	 4.0
1	2013	193	16872.0	 23.0	 30.0	3.000	 2.0	 0.0
1	2013	194	20318.0	 23.0	 32.0	3.000	 2.0	 0.0
1	2013	195	20026.0	 23.0	 31.0	3.000	 2.0	 0.0
1	2013	196	20512.0	 23.0	 30.0	3.000	 3.0	 3.0
1	2013	197	20043.0	 23.0	 31.0	3.000	 3.0	 1.0
1	2013	198	20074.0	 24.0	 32.0	3.000	 3.0	 1.0
1	2013	199	21920.0	 24.0	 32.0	3.000	 3.0	 1.0
1	2013	200	21060.0	 23.0	 31.0	3.000	 2.0	 2.0
1	2013	201	19183.0	 23.0	 31.0	3.000	 3.0	 3.0
1	2013	202	12428.0	 23.0	 29.0	3.000	 2.0	 0.0
1	2013	203	16666.0	 23.0	 31.0	3.000	 2.0	 0.0
1	2013	204	20769.0	 23.0	 33.0	3.000	 3.0	 1.0
1	2013	205	10955.0	 23.0	 29.0	3.000	 3.0	 5.0
1	2013	206	14820.0	 23.0	 29.0	3.000	 3.0	 3.0
1	2013	207	14344.0	 22.0	 30.0	3.000	 3.0	 1.0
1	2013	208	17812.0	 23.0	 30.0	3.000	 2.0	 2.0
1	2013	209	22005.0	 23.0	 31.0	3.000	 3.0	 1.0
1	2013	210	16107.0	 23.0	 30.0	3.000	 4.0	 1.0
1	2013	211	14544.0	 23.0	 28.0	3.000	 2.0	12.0
1	2013	212	21459.0	 22.0	 30.0	3.000	 2.0	 1.0
1	2013	213	20299.0	 24.0	 30.0	3.000	 3.0	 3.0
1	2013	214	20246.0	 23.0	 30.0	3.000	 3.0	 2.0
1	2013	215	17975.0	 23.0	 30.0	3.000	 2.0	 2.0
1	2013	216	19313.0	 23.0	 31.0	3.000	 2.0	 2.0
1	2013	217	18532.0	 23.0	 30.0	3.000	 3.0	 3.0
1	2013	218	18458.0	 23.0	 30.0	3.000	 2.0	 3.0
1	2013	219	9331.0	 23.0	 28.0	3.000	 3.0	 9.0
1	2013	220	13689.0	 23.0	 27.0	3.000	 3.0	11.0
1	2013	221	16564.0	 23.0	 28.0	3.000	 3.0	 4.0
1	2013	222	20840.0	 22.0	 29.0	3.000	 2.0	 2.0
1	2013	223	21278.0	 23.0	 30.0	3.000	 2.0	 4.0
1	2013	224	14907.0	 23.0	 28.0	3.000	 2.0	 9.0
1	2013	225	11294.0	 23.0	 27.0	3.000	 3.0	 5.0
1	2013	226	20449.0	 22.0	 29.0	3.000	 2.0	 1.0
1	2013	227	10986.0	 23.0	 29.0	3.000	 2.0	32.0
1	2013	228	15851.0	 22.0	 29.0	3.000	 2.0	16.0
1	2013	229	14157.0	 22.0	 28.0	3.000	 2.0	 3.0
1	2013	230	15655.0	 23.0	 28.0	3.000	 2.0	 7.0
1	2013	231	16839.0	 22.0	 29.0	3.000	 2.0	14.0
1	2013	232	20462.0	 22.0	 30.0	3.000	 0.0	 8.0
1	2013	233	10531.0	 22.0	 27.0	3.000	 3.0	 8.0
1	2013	234	12004.0	 22.0	 28.0	3.000	 2.0	 3.0
1	2013	235	15194.0	 22.0	 28.0	3.000	 1.0	18.0
1	2013	236	19294.0	 22.0	 29.0	3.000	 3.0	 6.0
1	2013	237	10843.0	 22.0	 28.0	3.000	 2.0	 3.0
1	2013	238	9782.0	 22.0	 26.0	3.000	 2.0	 7.0
1	2013	239	18795.0	 22.0	 29.0	3.000	 2.0	 9.0
1	2013	240	18838.0	 22.0	 29.0	3.000	 2.0	 3.0
1	2013	241	15214.0	 22.0	 28.0	3.000	 1.0	 4.0
1	2013	242	18416.0	 22.0	 28.0	3.000	 2.0	 5.0
1	2013	243	16774.0	 22.0	 29.0	3.000	 3.0	 0.0
1	2013	244	18799.0	 22.0	 29.0	3.000	 2.0	 0.0
1	2013	245	17830.0	 22.0	 29.0	3.000	 2.0	 6.0
1	2013	246	20749.0	 22.0	 30.0	3.000	 1.0	 3.0
1	2013	247	17493.0	 22.0	 29.0	3.000	 1.0	13.0
1	2013	248	20712.0	 23.0	 29.0	3.000	 2.0	 4.0
1	2013	249	14515.0	 22.0	 28.0	3.000	 1.0	 8.0
1	2013	250	20986.0	 22.0	 29.0	3.000	 1.0	 1.0
1	2013	251	23308.0	 21.0	 31.0	3.000	 1.0	 0.0
1	2013	252	17629.0	 23.0	 29.0	3.000	 2.0	 3.0
1	2013	253	13477.0	 23.0	 28.0	3.000	 2.0	 0.0
1	2013	254	11491.0	 23.0	 27.0	3.000	 2.0	 9.0
1	2013	255	13936.0	 22.0	 26.0	3.000	 3.0	 4.0
1	2013	256	16464.0	 22.0	 29.0	3.000	 2.0	 4.0
1	2013	257	16892.0	 21.0	 30.0	3.000	 1.0	 1.0
1	2013	258	15817.0	 23.0	 29.0	3.000	 1.0	 2.0
1	2013	259	20901.0	 22.0	 30.0	3.000	 2.0	 2.0
1	2013	260	21207.0	 23.0	 30.0	3.000	 2.0	 1.0
1	2013	261	24132.0	 22.0	 32.0	3.000	 1.0	 0.0
1	2013	262	25152.0	 24.0	 33.0	3.000	 2.0	 0.0
1	2013	263	18860.0	 23.0	 31.0	3.000	 3.0	 1.0
1	2013	264	19518.0	 24.0	 31.0	3.000	 2.0	 1.0
1	2013	265	24607.0	 24.0	 32.0	3.000	 2.0	 1.0
1	2013	266	13985.0	 25.0	 30.0	3.000	 4.0	 0.0
1	2013	267	13178.0	 23.0	 29.0	3.000	 2.0	19.0
1	2013	268	9623.0	 22.0	 28.0	3.000	 3.0	 2.0
1	2013	269	22238.0	 22.0	 30.0	3.000	 1.0	 1.0
1	2013	270	22659.0	 23.0	 32.0	3.000	 1.0	 4.0
1	2013	271	19927.0	 23.0	 31.0	3.000	 2.0	 0.0
1	2013	272	23872.0	 23.0	 32.0	3.000	 2.0	 0.0
1	2013	273	24091.0	 23.0	 32.0	3.000	 1.0	 0.0
1	2013	274	22373.0	 23.0	 32.0	3.000	 2.0	 1.0
1	2013	275	22078.0	 23.0	 31.0	3.000	 2.0	 8.0
1	2013	276	19958.0	 24.0	 31.0	3.000	 2.0	 0.0
1	2013	277	17698.0	 22.0	 30.0	3.000	 2.0	 0.0
1	2013	278	19509.0	 23.0	 30.0	3.000	 2.0	 1.0
1	2013	279	24107.0	 23.0	 32.0	3.000	 2.0	 0.0
1	2013	280	20436.0	 23.0	 32.0	3.000	 2.0	 0.0
1	2013	281	20810.0	 23.0	 31.0	3.000	 1.0	 9.0
1	2013	282	16714.0	 23.0	 30.0	3.000	 2.0	 9.0
1	2013	283	16702.0	 22.0	 29.0	3.000	 2.0	 1.0
1	2013	284	22153.0	 22.0	 31.0	3.000	 1.0	 1.0
1	2013	285	23431.0	 23.0	 33.0	3.000	 0.0	 0.0
1	2013	286	24874.0	 22.0	 34.0	3.000	 1.0	 0.0
1	2013	287	23283.0	 24.0	 32.0	3.000	 2.0	 0.0
1	2013	288	20531.0	 23.0	 32.0	3.000	 3.0	 3.0
1	2013	289	23183.0	 23.0	 32.0	3.000	 2.0	 0.0
1	2013	290	21997.0	 24.0	 33.0	3.000	 2.0	 0.0
1	2013	291	23717.0	 23.0	 34.0	3.000	 2.0	 0.0
1	2013	292	23052.0	 24.0	 34.0	3.000	 2.0	 0.0
1	2013	293	22888.0	 24.0	 35.0	3.000	 1.0	 0.0
1	2013	294	23816.0	 23.0	 34.0	3.000	 2.0	 0.0
1	2013	295	23237.0	 23.0	 35.0	3.000	 2.0	 0.0
1	2013	296	22503.0	 24.0	 35.0	3.000	 2.0	 0.0
1	2013	297	21472.0	 24.0	 35.0	3.000	 2.0	 0.0
1	2013	298	22575.0	 24.0	 35.0	2.000	 2.0	 0.0
1	2013	299	21878.0	 24.0	 35.0	2.000	 2.0	 0.0
1	2013	300	20695.0	 24.0	 35.0	2.000	 1.0	 0.0
1	2013	301	23136.0	 24.0	 36.0	2.000	 2.0	 0.0
1	2013	302	22060.0	 25.0	 36.0	2.000	 2.0	 0.0
1	2013	303	21255.0	 26.0	 35.0	3.000	 2.0	 0.0
1	2013	304	20299.0	 25.0	 34.0	3.000	 1.0	 2.0
1	2013	305	22645.0	 25.0	 36.0	2.000	 2.0	 0.0
1	2013	306	23022.0	 24.0	 36.0	2.000	 1.0	 0.0
1	2013	307	23631.0	 22.0	 37.0	2.000	 2.0	 0.0
1	2013	308	24009.0	 20.0	 36.0	1.000	 3.0	 0.0
1	2013	309	23900.0	 20.0	 35.0	1.000	 3.0	 0.0
1	2013	310	23700.0	 19.0	 35.0	1.000	 2.0	 0.0
1	2013	311	22562.0	 20.0	 36.0	2.000	 1.0	 0.0
1	2013	312	22268.0	 23.0	 36.0	2.000	 1.0	 0.0
1	2013	313	21543.0	 24.0	 36.0	2.000	 2.0	 0.0
1	2013	314	21508.0	 24.0	 37.0	2.000	 1.0	 0.0
1	2013	315	21399.0	 23.0	 37.0	2.000	 2.0	 0.0
1	2013	316	21369.0	 22.0	 36.0	2.000	 1.0	 0.0
1	2013	317	21264.0	 24.0	 36.0	2.000	 1.0	 0.0
1	2013	318	22140.0	 24.0	 36.0	2.000	 1.0	 0.0
1	2013	319	19300.0	 24.0	 35.0	2.000	 2.0	 0.0
1	2013	320	18775.0	 25.0	 35.0	3.000	 2.0	 0.0
1	2013	321	19743.0	 25.0	 36.0	2.000	 2.0	 0.0
1	2013	322	20993.0	 25.0	 36.0	2.000	 1.0	 0.0
1	2013	323	19455.0	 25.0	 35.0	2.000	 2.0	 0.0
1	2013	324	13947.0	 25.0	 34.0	2.000	 1.0	 0.0
1	2013	325	19204.0	 25.0	 36.0	2.000	 1.0	 0.0
1	2013	326	18896.0	 25.0	 35.0	2.000	 2.0	 0.0
1	2013	327	19509.0	 25.0	 36.0	2.000	 2.0	 0.0
1	2013	328	18513.0	 25.0	 35.0	2.000	 2.0	 0.0
1	2013	329	19728.0	 25.0	 36.0	2.000	 2.0	 0.0
1	2013	330	18791.0	 24.0	 35.0	2.000	 2.0	 0.0
1	2013	331	18738.0	 24.0	 35.0	2.000	 2.0	 0.0
1	2013	332	19258.0	 25.0	 37.0	2.000	 1.0	 0.0
1	2013	333	21770.0	 22.0	 39.0	1.000	 3.0	 0.0
1	2013	334	21769.0	 22.0	 37.0	1.000	 2.0	 0.0
1	2013	335	21688.0	 21.0	 36.0	1.000	 1.0	 0.0
1	2013	336	21201.0	 21.0	 36.0	2.000	 1.0	 0.0
1	2013	337	21259.0	 21.0	 37.0	1.000	 2.0	 0.0
1	2013	338	20139.0	 24.0	 37.0	1.000	 3.0	 0.0
1	2013	339	21265.0	 23.0	 36.0	1.000	 3.0	 0.0
1	2013	340	21505.0	 22.0	 34.0	1.000	 3.0	 0.0
1	2013	341	21788.0	 19.0	 32.0	1.000	 3.0	 0.0
1	2013	342	21603.0	 19.0	 32.0	1.000	 3.0	 0.0
1	2013	343	21161.0	 19.0	 33.0	1.000	 3.0	 0.0
1	2013	344	20950.0	 21.0	 34.0	1.000	 3.0	 0.0
1	2013	345	20181.0	 20.0	 35.0	1.000	 2.0	 0.0
1	2013	346	18807.0	 22.0	 35.0	1.000	 1.0	 0.0
1	2013	347	20971.0	 20.0	 36.0	1.000	 2.0	 0.0
1	2013	348	20776.0	 22.0	 34.0	1.000	 3.0	 0.0
1	2013	349	18019.0	 20.0	 33.0	1.000	 3.0	 0.0
1	2013	350	20595.0	 20.0	 32.0	1.000	 3.0	 0.0
1	2013	351	21084.0	 19.0	 32.0	1.000	 4.0	 0.0
1	2013	352	21279.0	 19.0	 32.0	1.000	 4.0	 0.0
1	2013	353	21123.0	 18.0	 32.0	1.000	 3.0	 0.0
1	2013	354	21335.0	 18.0	 33.0	1.000	 3.0	 0.0
1	2013	355	19493.0	 19.0	 34.0	1.000	 2.0	 0.0
1	2013	356	20371.0	 21.0	 34.0	1.000	 3.0	 0.0
1	2013	357	20038.0	 21.0	 34.0	1.000	 4.0	 0.0
1	2013	358	20726.0	 20.0	 35.0	1.000	 3.0	 0.0
1	2013	359	20739.0	 22.0	 36.0	1.000	 3.0	 0.0
1	2013	360	21101.0	 22.0	 37.0	1.000	 3.0	 0.0
1	2013	361	21068.0	 22.0	 36.0	1.000	 2.0	 0.0
1	2013	362	21213.0	 20.0	 36.0	1.000	 2.0	 0.0
1	2013	363	21245.0	 20.0	 37.0	1.000	 2.0	 0.0
1	2013	364	21206.0	 19.0	 36.0	1.000	 2.0	 0.0
1	2013	365	20745.0	 20.0	 36.0	1.000	 2.0	 0.0
