*---------------------------------------------------
* Station: Greater_Accra
* Year: 2014
* Origin: ERA5-Reanalysis
* Columns & units
* ===================
* 1. station number
* 2. year
* 3. Day of Year
* 4. Irradiance   (kJ路m-2路d-1)
* 5. Daily minimum temperature (degC)
* 6. Daily maximum temperature (degC)
* 7. Vapour pressure (kPa)
* 8. Mean wind speed (m路s-1)
* 9. Precipitation (mm路d-1)
** WCCDESCRIPTION=Greater_Accra
** WCCFORMAT=2
** WCCYEARNR=2014
*------------------------------------------------------------*
0.05  5.81  23.00 -0.18  -0.55
1	2014	1	16922.0	 25.0	 31.0	3.000	 3.0	 1.0
1	2014	2	15159.0	 25.0	 30.0	3.000	 2.0	 3.0
1	2014	3	18438.0	 25.0	 32.0	3.000	 2.0	 1.0
1	2014	4	19977.0	 25.0	 33.0	3.000	 2.0	 0.0
1	2014	5	17706.0	 25.0	 31.0	3.000	 3.0	 1.0
1	2014	6	19778.0	 24.0	 33.0	3.000	 2.0	 0.0
1	2014	7	18931.0	 25.0	 32.0	3.000	 3.0	 1.0
1	2014	8	19884.0	 25.0	 32.0	3.000	 3.0	 1.0
1	2014	9	17515.0	 25.0	 31.0	3.000	 3.0	 1.0
1	2014	10	17660.0	 25.0	 31.0	3.000	 2.0	 1.0
1	2014	11	19847.0	 25.0	 32.0	3.000	 3.0	 0.0
1	2014	12	17682.0	 25.0	 31.0	3.000	 3.0	 1.0
1	2014	13	17707.0	 26.0	 31.0	3.000	 2.0	 1.0
1	2014	14	19288.0	 25.0	 32.0	3.000	 3.0	 2.0
1	2014	15	19806.0	 25.0	 32.0	3.000	 3.0	 0.0
1	2014	16	19353.0	 26.0	 32.0	3.000	 3.0	 0.0
1	2014	17	17781.0	 25.0	 31.0	3.000	 3.0	 1.0
1	2014	18	18668.0	 25.0	 32.0	3.000	 3.0	 1.0
1	2014	19	16999.0	 25.0	 32.0	3.000	 1.0	 5.0
1	2014	20	20600.0	 25.0	 34.0	3.000	 3.0	 0.0
1	2014	21	20804.0	 26.0	 33.0	3.000	 3.0	 0.0
1	2014	22	18195.0	 26.0	 32.0	3.000	 3.0	 2.0
1	2014	23	16788.0	 26.0	 31.0	3.000	 3.0	 1.0
1	2014	24	19663.0	 25.0	 33.0	3.000	 3.0	 1.0
1	2014	25	19563.0	 26.0	 33.0	3.000	 3.0	 0.0
1	2014	26	20404.0	 25.0	 32.0	3.000	 3.0	 0.0
1	2014	27	19859.0	 25.0	 33.0	3.000	 3.0	 1.0
1	2014	28	21044.0	 25.0	 33.0	3.000	 4.0	 0.0
1	2014	29	20122.0	 25.0	 32.0	3.000	 4.0	 1.0
1	2014	30	17214.0	 25.0	 31.0	3.000	 4.0	 2.0
1	2014	31	16171.0	 25.0	 32.0	3.000	 2.0	 7.0
1	2014	32	15361.0	 24.0	 31.0	3.000	 1.0	11.0
1	2014	33	20188.0	 25.0	 32.0	3.000	 1.0	 0.0
1	2014	34	22218.0	 23.0	 32.0	2.000	 1.0	 0.0
1	2014	35	20594.0	 24.0	 31.0	3.000	 2.0	 0.0
1	2014	36	22512.0	 25.0	 32.0	3.000	 2.0	 0.0
1	2014	37	21543.0	 25.0	 32.0	3.000	 2.0	 0.0
1	2014	38	20449.0	 25.0	 32.0	3.000	 4.0	 1.0
1	2014	39	21045.0	 25.0	 32.0	3.000	 3.0	 0.0
1	2014	40	20654.0	 25.0	 32.0	3.000	 3.0	 1.0
1	2014	41	20454.0	 26.0	 33.0	3.000	 3.0	 2.0
1	2014	42	19322.0	 26.0	 32.0	3.000	 3.0	 1.0
1	2014	43	18183.0	 26.0	 31.0	3.000	 3.0	 1.0
1	2014	44	19809.0	 26.0	 32.0	3.000	 3.0	 2.0
1	2014	45	18046.0	 25.0	 31.0	3.000	 3.0	 3.0
1	2014	46	18690.0	 25.0	 30.0	3.000	 3.0	 1.0
1	2014	47	15925.0	 25.0	 30.0	3.000	 2.0	 5.0
1	2014	48	22140.0	 24.0	 32.0	3.000	 2.0	 0.0
1	2014	49	21863.0	 25.0	 32.0	3.000	 3.0	 0.0
1	2014	50	20806.0	 26.0	 33.0	3.000	 3.0	 1.0
1	2014	51	19284.0	 25.0	 32.0	3.000	 3.0	 2.0
1	2014	52	21656.0	 25.0	 33.0	3.000	 3.0	 1.0
1	2014	53	21684.0	 26.0	 33.0	3.000	 3.0	 0.0
1	2014	54	21096.0	 26.0	 33.0	3.000	 4.0	 1.0
1	2014	55	20390.0	 26.0	 34.0	3.000	 4.0	 1.0
1	2014	56	18189.0	 26.0	 32.0	3.000	 4.0	 1.0
1	2014	57	17760.0	 24.0	 32.0	3.000	 3.0	 0.0
1	2014	58	23311.0	 25.0	 33.0	3.000	 3.0	 0.0
1	2014	59	19452.0	 25.0	 32.0	3.000	 2.0	 6.0
1	2014	60	16987.0	 25.0	 31.0	3.000	 2.0	 8.0
1	2014	61	24786.0	 25.0	 34.0	3.000	 2.0	 0.0
1	2014	62	23699.0	 26.0	 33.0	3.000	 3.0	 1.0
1	2014	63	22192.0	 26.0	 32.0	3.000	 3.0	 0.0
1	2014	64	23010.0	 26.0	 33.0	3.000	 3.0	 1.0
1	2014	65	21774.0	 26.0	 33.0	3.000	 3.0	 1.0
1	2014	66	17825.0	 26.0	 32.0	3.000	 3.0	 2.0
1	2014	67	21051.0	 25.0	 33.0	3.000	 3.0	 9.0
1	2014	68	16740.0	 26.0	 32.0	3.000	 5.0	 1.0
1	2014	69	21145.0	 26.0	 32.0	3.000	 5.0	 4.0
1	2014	70	15835.0	 25.0	 31.0	3.000	 4.0	 7.0
1	2014	71	23032.0	 26.0	 32.0	3.000	 3.0	 0.0
1	2014	72	23684.0	 26.0	 33.0	3.000	 3.0	 0.0
1	2014	73	24408.0	 26.0	 33.0	3.000	 3.0	 0.0
1	2014	74	22890.0	 26.0	 33.0	3.000	 4.0	 0.0
1	2014	75	20444.0	 26.0	 32.0	3.000	 4.0	 2.0
1	2014	76	17510.0	 26.0	 32.0	3.000	 4.0	 3.0
1	2014	77	20533.0	 25.0	 32.0	3.000	 4.0	 1.0
1	2014	78	24017.0	 26.0	 34.0	3.000	 3.0	 0.0
1	2014	79	21035.0	 26.0	 32.0	3.000	 4.0	 0.0
1	2014	80	23218.0	 26.0	 34.0	3.000	 4.0	 1.0
1	2014	81	23564.0	 26.0	 34.0	3.000	 4.0	 1.0
1	2014	82	19243.0	 26.0	 32.0	3.000	 4.0	 1.0
1	2014	83	17490.0	 25.0	 32.0	3.000	 2.0	 4.0
1	2014	84	21761.0	 25.0	 33.0	3.000	 2.0	 0.0
1	2014	85	21823.0	 26.0	 32.0	3.000	 4.0	 1.0
1	2014	86	20293.0	 26.0	 32.0	3.000	 4.0	 1.0
1	2014	87	12375.0	 26.0	 32.0	3.000	 3.0	 1.0
1	2014	88	22049.0	 26.0	 32.0	3.000	 3.0	 1.0
1	2014	89	20292.0	 26.0	 32.0	3.000	 3.0	 0.0
1	2014	90	16871.0	 26.0	 32.0	3.000	 1.0	 1.0
1	2014	91	24499.0	 26.0	 34.0	3.000	 2.0	 1.0
1	2014	92	23229.0	 26.0	 33.0	3.000	 4.0	 1.0
1	2014	93	17923.0	 26.0	 32.0	3.000	 4.0	 9.0
1	2014	94	23485.0	 26.0	 33.0	3.000	 3.0	 1.0
1	2014	95	23120.0	 26.0	 32.0	3.000	 4.0	 1.0
1	2014	96	23737.0	 26.0	 33.0	3.000	 4.0	 1.0
1	2014	97	23391.0	 26.0	 33.0	3.000	 4.0	 1.0
1	2014	98	21138.0	 26.0	 31.0	3.000	 3.0	 1.0
1	2014	99	20421.0	 26.0	 33.0	3.000	 3.0	 2.0
1	2014	100	21906.0	 25.0	 33.0	3.000	 3.0	 2.0
1	2014	101	21797.0	 25.0	 32.0	3.000	 3.0	 0.0
1	2014	102	23770.0	 26.0	 33.0	3.000	 3.0	 1.0
1	2014	103	20037.0	 26.0	 31.0	3.000	 2.0	 3.0
1	2014	104	22107.0	 25.0	 33.0	3.000	 2.0	 1.0
1	2014	105	17091.0	 25.0	 33.0	3.000	 1.0	 0.0
1	2014	106	24524.0	 26.0	 33.0	3.000	 3.0	 0.0
1	2014	107	22689.0	 27.0	 33.0	3.000	 4.0	 0.0
1	2014	108	23573.0	 27.0	 33.0	3.000	 3.0	 0.0
1	2014	109	17401.0	 26.0	 32.0	3.000	 2.0	 2.0
1	2014	110	22676.0	 26.0	 34.0	3.000	 3.0	 6.0
1	2014	111	14844.0	 26.0	 31.0	3.000	 3.0	 5.0
1	2014	112	16195.0	 25.0	 31.0	3.000	 3.0	 4.0
1	2014	113	22878.0	 26.0	 33.0	3.000	 3.0	 1.0
1	2014	114	19168.0	 25.0	 31.0	3.000	 3.0	 4.0
1	2014	115	20017.0	 26.0	 32.0	3.000	 3.0	 3.0
1	2014	116	18066.0	 26.0	 31.0	3.000	 2.0	 6.0
1	2014	117	18569.0	 26.0	 31.0	3.000	 2.0	 1.0
1	2014	118	24211.0	 25.0	 32.0	3.000	 2.0	 0.0
1	2014	119	18981.0	 26.0	 31.0	3.000	 2.0	 6.0
1	2014	120	21889.0	 25.0	 32.0	3.000	 3.0	 3.0
1	2014	121	20251.0	 25.0	 32.0	3.000	 1.0	 5.0
1	2014	122	22175.0	 25.0	 33.0	3.000	 1.0	 1.0
1	2014	123	21932.0	 26.0	 32.0	3.000	 1.0	 1.0
1	2014	124	22035.0	 26.0	 32.0	3.000	 2.0	 1.0
1	2014	125	21279.0	 26.0	 33.0	3.000	 3.0	 1.0
1	2014	126	11212.0	 26.0	 30.0	3.000	 2.0	 4.0
1	2014	127	17258.0	 25.0	 31.0	3.000	 2.0	10.0
1	2014	128	10388.0	 25.0	 28.0	3.000	 1.0	 5.0
1	2014	129	16969.0	 24.0	 30.0	3.000	 1.0	11.0
1	2014	130	23185.0	 24.0	 32.0	3.000	 2.0	 1.0
1	2014	131	19545.0	 25.0	 31.0	3.000	 1.0	 1.0
1	2014	132	21776.0	 26.0	 32.0	3.000	 2.0	 1.0
1	2014	133	21237.0	 25.0	 32.0	3.000	 3.0	 4.0
1	2014	134	14649.0	 25.0	 30.0	3.000	 1.0	 3.0
1	2014	135	11219.0	 25.0	 29.0	3.000	 1.0	 4.0
1	2014	136	21880.0	 25.0	 31.0	3.000	 2.0	 0.0
1	2014	137	21077.0	 25.0	 31.0	3.000	 2.0	 1.0
1	2014	138	22246.0	 25.0	 31.0	3.000	 2.0	 1.0
1	2014	139	22983.0	 25.0	 33.0	3.000	 1.0	 3.0
1	2014	140	18936.0	 25.0	 31.0	3.000	 1.0	 1.0
1	2014	141	18114.0	 26.0	 31.0	3.000	 3.0	 5.0
1	2014	142	19349.0	 26.0	 30.0	3.000	 3.0	 2.0
1	2014	143	17201.0	 25.0	 31.0	3.000	 3.0	 7.0
1	2014	144	18948.0	 25.0	 31.0	3.000	 2.0	 3.0
1	2014	145	19197.0	 25.0	 31.0	3.000	 2.0	 1.0
1	2014	146	21202.0	 25.0	 31.0	3.000	 3.0	 3.0
1	2014	147	15990.0	 26.0	 31.0	3.000	 3.0	 3.0
1	2014	148	18375.0	 24.0	 30.0	3.000	 3.0	 2.0
1	2014	149	14745.0	 25.0	 28.0	3.000	 3.0	 2.0
1	2014	150	9388.0	 24.0	 28.0	3.000	 2.0	16.0
1	2014	151	18072.0	 24.0	 29.0	3.000	 3.0	 3.0
1	2014	152	17736.0	 25.0	 29.0	3.000	 3.0	 7.0
1	2014	153	12822.0	 24.0	 29.0	3.000	 1.0	26.0
1	2014	154	20995.0	 24.0	 30.0	3.000	 2.0	 1.0
1	2014	155	13354.0	 25.0	 29.0	3.000	 3.0	 4.0
1	2014	156	7460.0	 24.0	 27.0	3.000	 2.0	63.0
1	2014	157	12342.0	 24.0	 28.0	3.000	 2.0	16.0
1	2014	158	14884.0	 24.0	 30.0	3.000	 2.0	15.0
1	2014	159	20398.0	 24.0	 30.0	3.000	 2.0	 0.0
1	2014	160	17289.0	 25.0	 29.0	3.000	 3.0	 1.0
1	2014	161	8818.0	 24.0	 27.0	3.000	 3.0	 8.0
1	2014	162	16261.0	 24.0	 29.0	3.000	 3.0	 4.0
1	2014	163	13365.0	 24.0	 28.0	3.000	 3.0	 1.0
1	2014	164	10037.0	 24.0	 27.0	3.000	 2.0	 5.0
1	2014	165	17647.0	 24.0	 29.0	3.000	 3.0	 2.0
1	2014	166	18063.0	 24.0	 29.0	3.000	 3.0	 1.0
1	2014	167	18568.0	 25.0	 28.0	3.000	 3.0	 1.0
1	2014	168	14905.0	 25.0	 28.0	3.000	 3.0	 4.0
1	2014	169	13289.0	 24.0	 28.0	3.000	 3.0	 2.0
1	2014	170	9240.0	 24.0	 27.0	3.000	 3.0	 1.0
1	2014	171	18956.0	 25.0	 29.0	3.000	 3.0	 1.0
1	2014	172	18650.0	 24.0	 28.0	3.000	 4.0	 1.0
1	2014	173	17520.0	 24.0	 29.0	3.000	 3.0	 1.0
1	2014	174	13119.0	 24.0	 28.0	3.000	 3.0	 7.0
1	2014	175	15287.0	 23.0	 29.0	3.000	 3.0	 2.0
1	2014	176	16969.0	 24.0	 29.0	3.000	 3.0	 1.0
1	2014	177	11624.0	 24.0	 27.0	3.000	 3.0	 4.0
1	2014	178	16257.0	 24.0	 28.0	3.000	 3.0	 6.0
1	2014	179	17810.0	 24.0	 28.0	3.000	 4.0	 2.0
1	2014	180	12161.0	 24.0	 27.0	3.000	 3.0	 4.0
1	2014	181	16060.0	 24.0	 28.0	3.000	 3.0	 2.0
1	2014	182	14467.0	 24.0	 28.0	3.000	 3.0	 2.0
1	2014	183	9600.0	 24.0	 26.0	3.000	 3.0	 7.0
1	2014	184	7453.0	 23.0	 27.0	3.000	 3.0	 6.0
1	2014	185	8354.0	 23.0	 27.0	3.000	 3.0	 2.0
1	2014	186	8992.0	 23.0	 27.0	3.000	 3.0	11.0
1	2014	187	18425.0	 23.0	 28.0	3.000	 3.0	 1.0
1	2014	188	17271.0	 23.0	 27.0	3.000	 4.0	 2.0
1	2014	189	15860.0	 23.0	 27.0	3.000	 3.0	 1.0
1	2014	190	17435.0	 23.0	 28.0	3.000	 2.0	 0.0
1	2014	191	17055.0	 23.0	 27.0	3.000	 3.0	 1.0
1	2014	192	14483.0	 24.0	 27.0	3.000	 3.0	 1.0
1	2014	193	19877.0	 24.0	 28.0	3.000	 3.0	 2.0
1	2014	194	19368.0	 24.0	 28.0	3.000	 4.0	 1.0
1	2014	195	17530.0	 23.0	 28.0	3.000	 4.0	 2.0
1	2014	196	18443.0	 24.0	 29.0	3.000	 3.0	 0.0
1	2014	197	6511.0	 23.0	 26.0	3.000	 3.0	26.0
1	2014	198	4267.0	 23.0	 24.0	3.000	 4.0	13.0
1	2014	199	10534.0	 23.0	 26.0	3.000	 3.0	 1.0
1	2014	200	16098.0	 23.0	 28.0	3.000	 3.0	 1.0
1	2014	201	15550.0	 23.0	 26.0	3.000	 4.0	 2.0
1	2014	202	16013.0	 23.0	 27.0	3.000	 4.0	 1.0
1	2014	203	16884.0	 23.0	 27.0	3.000	 4.0	 1.0
1	2014	204	13342.0	 23.0	 26.0	3.000	 4.0	 1.0
1	2014	205	16294.0	 24.0	 27.0	3.000	 4.0	 2.0
1	2014	206	11885.0	 24.0	 26.0	3.000	 4.0	 1.0
1	2014	207	14738.0	 23.0	 27.0	3.000	 3.0	 2.0
1	2014	208	14528.0	 23.0	 27.0	3.000	 4.0	 2.0
1	2014	209	11449.0	 23.0	 26.0	3.000	 4.0	 1.0
1	2014	210	17377.0	 23.0	 27.0	3.000	 3.0	 1.0
1	2014	211	15108.0	 24.0	 27.0	3.000	 4.0	 0.0
1	2014	212	9481.0	 24.0	 27.0	3.000	 4.0	 0.0
1	2014	213	10122.0	 24.0	 26.0	3.000	 4.0	 1.0
1	2014	214	11652.0	 23.0	 27.0	3.000	 4.0	 2.0
1	2014	215	13996.0	 23.0	 27.0	3.000	 4.0	 2.0
1	2014	216	15702.0	 23.0	 27.0	3.000	 4.0	 1.0
1	2014	217	13588.0	 23.0	 27.0	3.000	 5.0	 4.0
1	2014	218	15659.0	 23.0	 27.0	3.000	 4.0	 2.0
1	2014	219	14929.0	 23.0	 27.0	3.000	 4.0	 2.0
1	2014	220	12885.0	 23.0	 26.0	3.000	 4.0	 1.0
1	2014	221	15528.0	 22.0	 26.0	3.000	 4.0	 1.0
1	2014	222	17923.0	 22.0	 27.0	3.000	 3.0	 1.0
1	2014	223	18181.0	 22.0	 27.0	3.000	 4.0	 0.0
1	2014	224	13816.0	 22.0	 27.0	3.000	 4.0	 0.0
1	2014	225	16707.0	 23.0	 26.0	3.000	 5.0	 1.0
1	2014	226	14141.0	 23.0	 26.0	3.000	 4.0	 1.0
1	2014	227	14861.0	 22.0	 26.0	3.000	 4.0	 0.0
1	2014	228	8576.0	 23.0	 25.0	3.000	 4.0	 3.0
1	2014	229	18227.0	 22.0	 27.0	3.000	 3.0	 1.0
1	2014	230	19738.0	 23.0	 29.0	3.000	 3.0	 0.0
1	2014	231	6670.0	 23.0	 24.0	3.000	 2.0	10.0
1	2014	232	13923.0	 23.0	 27.0	3.000	 3.0	 1.0
1	2014	233	17014.0	 23.0	 27.0	3.000	 3.0	 1.0
1	2014	234	18694.0	 23.0	 28.0	3.000	 4.0	 2.0
1	2014	235	14748.0	 23.0	 28.0	3.000	 3.0	 1.0
1	2014	236	19271.0	 23.0	 28.0	3.000	 3.0	 1.0
1	2014	237	12921.0	 23.0	 27.0	3.000	 4.0	 2.0
1	2014	238	9394.0	 23.0	 26.0	3.000	 4.0	 8.0
1	2014	239	17583.0	 23.0	 27.0	3.000	 3.0	 1.0
1	2014	240	18343.0	 23.0	 29.0	3.000	 2.0	 0.0
1	2014	241	12959.0	 23.0	 27.0	3.000	 4.0	 2.0
1	2014	242	16128.0	 24.0	 28.0	3.000	 4.0	 1.0
1	2014	243	19342.0	 23.0	 28.0	3.000	 4.0	 0.0
1	2014	244	15884.0	 23.0	 27.0	3.000	 4.0	 3.0
1	2014	245	16797.0	 23.0	 27.0	3.000	 4.0	 1.0
1	2014	246	20145.0	 23.0	 27.0	3.000	 3.0	 1.0
1	2014	247	12524.0	 23.0	 28.0	3.000	 3.0	 1.0
1	2014	248	15381.0	 23.0	 28.0	3.000	 4.0	14.0
1	2014	249	15680.0	 23.0	 27.0	3.000	 3.0	 1.0
1	2014	250	19677.0	 23.0	 27.0	3.000	 3.0	 1.0
1	2014	251	16626.0	 23.0	 28.0	3.000	 3.0	 1.0
1	2014	252	18498.0	 23.0	 28.0	3.000	 3.0	 2.0
1	2014	253	17989.0	 23.0	 27.0	3.000	 3.0	 1.0
1	2014	254	14119.0	 23.0	 27.0	3.000	 3.0	 1.0
1	2014	255	17778.0	 23.0	 28.0	3.000	 2.0	 3.0
1	2014	256	19147.0	 23.0	 28.0	3.000	 3.0	 0.0
1	2014	257	20739.0	 23.0	 28.0	3.000	 3.0	 1.0
1	2014	258	20667.0	 23.0	 28.0	3.000	 3.0	 1.0
1	2014	259	11858.0	 23.0	 27.0	3.000	 3.0	22.0
1	2014	260	12298.0	 23.0	 27.0	3.000	 4.0	 1.0
1	2014	261	13715.0	 23.0	 27.0	3.000	 3.0	 5.0
1	2014	262	19424.0	 23.0	 28.0	3.000	 3.0	 1.0
1	2014	263	19486.0	 23.0	 28.0	3.000	 3.0	 1.0
1	2014	264	11753.0	 23.0	 27.0	3.000	 3.0	 2.0
1	2014	265	17883.0	 23.0	 28.0	3.000	 2.0	 1.0
1	2014	266	17166.0	 24.0	 28.0	3.000	 3.0	 2.0
1	2014	267	10891.0	 24.0	 27.0	3.000	 3.0	 0.0
1	2014	268	19159.0	 23.0	 29.0	3.000	 3.0	 3.0
1	2014	269	19079.0	 24.0	 29.0	3.000	 4.0	 2.0
1	2014	270	8406.0	 23.0	 27.0	3.000	 3.0	 7.0
1	2014	271	19062.0	 23.0	 28.0	3.000	 3.0	 1.0
1	2014	272	19338.0	 24.0	 29.0	3.000	 3.0	 3.0
1	2014	273	17894.0	 24.0	 30.0	3.000	 4.0	 3.0
1	2014	274	18659.0	 23.0	 28.0	3.000	 4.0	 1.0
1	2014	275	20859.0	 23.0	 29.0	3.000	 3.0	 1.0
1	2014	276	20220.0	 24.0	 29.0	3.000	 2.0	 4.0
1	2014	277	19471.0	 23.0	 29.0	3.000	 2.0	 5.0
1	2014	278	18961.0	 23.0	 28.0	3.000	 2.0	 1.0
1	2014	279	20154.0	 23.0	 29.0	3.000	 3.0	 1.0
1	2014	280	17672.0	 24.0	 28.0	3.000	 3.0	 1.0
1	2014	281	21668.0	 24.0	 30.0	3.000	 2.0	 0.0
1	2014	282	22062.0	 24.0	 29.0	3.000	 3.0	 0.0
1	2014	283	21443.0	 24.0	 30.0	3.000	 3.0	 0.0
1	2014	284	15031.0	 24.0	 29.0	3.000	 4.0	 3.0
1	2014	285	4268.0	 23.0	 25.0	3.000	 3.0	33.0
1	2014	286	16323.0	 24.0	 29.0	3.000	 3.0	 2.0
1	2014	287	17060.0	 24.0	 29.0	3.000	 3.0	 0.0
1	2014	288	18673.0	 24.0	 29.0	3.000	 3.0	 0.0
1	2014	289	20116.0	 24.0	 30.0	3.000	 3.0	 1.0
1	2014	290	19957.0	 24.0	 30.0	3.000	 4.0	 0.0
1	2014	291	19909.0	 24.0	 29.0	3.000	 3.0	 2.0
1	2014	292	16189.0	 24.0	 28.0	3.000	 2.0	17.0
1	2014	293	13226.0	 23.0	 27.0	3.000	 2.0	 4.0
1	2014	294	19628.0	 23.0	 30.0	3.000	 2.0	 0.0
1	2014	295	20045.0	 24.0	 29.0	3.000	 3.0	 1.0
1	2014	296	22303.0	 24.0	 30.0	3.000	 3.0	 1.0
1	2014	297	20004.0	 24.0	 29.0	3.000	 3.0	 3.0
1	2014	298	18084.0	 24.0	 29.0	3.000	 2.0	 3.0
1	2014	299	12869.0	 24.0	 28.0	3.000	 2.0	10.0
1	2014	300	16860.0	 24.0	 29.0	3.000	 3.0	 1.0
1	2014	301	20358.0	 24.0	 30.0	3.000	 3.0	 0.0
1	2014	302	17719.0	 25.0	 29.0	3.000	 2.0	 0.0
1	2014	303	17022.0	 25.0	 30.0	3.000	 3.0	 0.0
1	2014	304	19350.0	 24.0	 30.0	3.000	 3.0	 0.0
1	2014	305	20754.0	 25.0	 30.0	3.000	 3.0	 1.0
1	2014	306	20707.0	 24.0	 30.0	3.000	 3.0	 0.0
1	2014	307	19413.0	 24.0	 29.0	3.000	 2.0	 1.0
1	2014	308	16993.0	 24.0	 30.0	3.000	 2.0	 7.0
1	2014	309	14569.0	 24.0	 29.0	3.000	 2.0	 4.0
1	2014	310	21420.0	 23.0	 30.0	3.000	 1.0	 0.0
1	2014	311	17938.0	 24.0	 29.0	3.000	 2.0	 0.0
1	2014	312	17163.0	 24.0	 29.0	3.000	 2.0	 1.0
1	2014	313	18519.0	 24.0	 30.0	3.000	 3.0	 1.0
1	2014	314	15916.0	 25.0	 30.0	3.000	 3.0	 6.0
1	2014	315	15173.0	 24.0	 29.0	3.000	 3.0	 4.0
1	2014	316	20140.0	 24.0	 30.0	3.000	 2.0	 1.0
1	2014	317	19901.0	 24.0	 30.0	3.000	 2.0	 1.0
1	2014	318	18185.0	 25.0	 29.0	3.000	 3.0	 1.0
1	2014	319	19682.0	 24.0	 30.0	3.000	 3.0	 1.0
1	2014	320	19921.0	 25.0	 31.0	3.000	 3.0	 0.0
1	2014	321	18539.0	 25.0	 31.0	3.000	 4.0	 3.0
1	2014	322	15912.0	 24.0	 29.0	3.000	 3.0	 1.0
1	2014	323	18575.0	 24.0	 30.0	3.000	 2.0	 1.0
1	2014	324	19557.0	 25.0	 30.0	3.000	 2.0	 1.0
1	2014	325	19535.0	 25.0	 30.0	3.000	 2.0	 0.0
1	2014	326	18578.0	 25.0	 30.0	3.000	 2.0	 0.0
1	2014	327	19444.0	 25.0	 31.0	3.000	 2.0	 0.0
1	2014	328	19077.0	 25.0	 31.0	3.000	 3.0	 1.0
1	2014	329	16448.0	 25.0	 30.0	3.000	 3.0	 1.0
1	2014	330	17062.0	 25.0	 30.0	3.000	 3.0	 1.0
1	2014	331	15348.0	 25.0	 30.0	3.000	 3.0	 3.0
1	2014	332	18501.0	 24.0	 30.0	3.000	 3.0	 0.0
1	2014	333	19715.0	 24.0	 30.0	3.000	 2.0	 0.0
1	2014	334	19962.0	 25.0	 31.0	3.000	 2.0	 0.0
1	2014	335	19988.0	 25.0	 32.0	3.000	 3.0	 0.0
1	2014	336	19584.0	 25.0	 32.0	3.000	 3.0	 0.0
1	2014	337	18423.0	 25.0	 31.0	3.000	 3.0	 1.0
1	2014	338	17057.0	 25.0	 30.0	3.000	 3.0	 2.0
1	2014	339	17077.0	 25.0	 30.0	3.000	 2.0	 1.0
1	2014	340	17240.0	 25.0	 30.0	3.000	 3.0	 1.0
1	2014	341	18433.0	 25.0	 31.0	3.000	 3.0	 1.0
1	2014	342	18788.0	 25.0	 31.0	3.000	 3.0	 0.0
1	2014	343	18051.0	 25.0	 31.0	3.000	 3.0	 1.0
1	2014	344	18233.0	 25.0	 31.0	3.000	 3.0	 1.0
1	2014	345	18645.0	 25.0	 31.0	3.000	 3.0	 1.0
1	2014	346	16028.0	 25.0	 30.0	3.000	 2.0	 4.0
1	2014	347	14467.0	 25.0	 30.0	3.000	 2.0	 5.0
1	2014	348	12946.0	 25.0	 30.0	3.000	 2.0	 0.0
1	2014	349	19172.0	 25.0	 31.0	3.000	 3.0	 0.0
1	2014	350	19602.0	 25.0	 31.0	3.000	 2.0	 0.0
1	2014	351	17455.0	 25.0	 31.0	3.000	 2.0	 1.0
1	2014	352	19595.0	 25.0	 31.0	3.000	 2.0	 0.0
1	2014	353	20343.0	 25.0	 32.0	3.000	 2.0	 0.0
1	2014	354	19055.0	 25.0	 31.0	3.000	 2.0	 0.0
1	2014	355	17285.0	 25.0	 32.0	3.000	 3.0	 2.0
1	2014	356	17270.0	 25.0	 31.0	3.000	 2.0	 0.0
1	2014	357	15577.0	 24.0	 30.0	3.000	 1.0	 0.0
1	2014	358	19526.0	 25.0	 31.0	3.000	 2.0	 0.0
1	2014	359	20215.0	 25.0	 32.0	3.000	 1.0	 0.0
1	2014	360	21147.0	 24.0	 33.0	3.000	 1.0	 0.0
1	2014	361	21765.0	 23.0	 33.0	2.000	 1.0	 0.0
1	2014	362	21616.0	 24.0	 33.0	3.000	 1.0	 0.0
1	2014	363	21697.0	 24.0	 33.0	3.000	 2.0	 0.0
1	2014	364	20385.0	 25.0	 33.0	3.000	 2.0	 0.0
1	2014	365	20877.0	 24.0	 34.0	2.000	 1.0	 0.0
