*---------------------------------------------------
* Station: Greater_Accra
* Year: 2010
* Origin: ERA5-Reanalysis
* Columns & units
* ===================
* 1. station number
* 2. year
* 3. Day of Year
* 4. Irradiance   (kJ路m-2路d-1)
* 5. Daily minimum temperature (degC)
* 6. Daily maximum temperature (degC)
* 7. Vapour pressure (kPa)
* 8. Mean wind speed (m路s-1)
* 9. Precipitation (mm路d-1)
** WCCDESCRIPTION=Greater_Accra
** WCCFORMAT=2
** WCCYEARNR=2010
*------------------------------------------------------------*
0.05  5.81  23.00 -0.18  -0.55
1	2010	1	15685.0	 26.0	 31.0	3.000	 3.0	 1.0
1	2010	2	20230.0	 25.0	 32.0	3.000	 2.0	 0.0
1	2010	3	20340.0	 25.0	 33.0	3.000	 3.0	 0.0
1	2010	4	18800.0	 26.0	 32.0	3.000	 3.0	 1.0
1	2010	5	18741.0	 25.0	 33.0	3.000	 3.0	 0.0
1	2010	6	18115.0	 25.0	 32.0	3.000	 3.0	 0.0
1	2010	7	15397.0	 25.0	 31.0	3.000	 3.0	 1.0
1	2010	8	17119.0	 26.0	 32.0	3.000	 3.0	 0.0
1	2010	9	17886.0	 26.0	 32.0	3.000	 3.0	 1.0
1	2010	10	17348.0	 26.0	 31.0	3.000	 3.0	 1.0
1	2010	11	18876.0	 25.0	 32.0	3.000	 3.0	 0.0
1	2010	12	21059.0	 25.0	 34.0	3.000	 3.0	 0.0
1	2010	13	21564.0	 26.0	 34.0	3.000	 4.0	 0.0
1	2010	14	18831.0	 26.0	 32.0	3.000	 4.0	 0.0
1	2010	15	20279.0	 26.0	 33.0	3.000	 3.0	 1.0
1	2010	16	17858.0	 25.0	 31.0	3.000	 3.0	 0.0
1	2010	17	19925.0	 25.0	 32.0	3.000	 3.0	 0.0
1	2010	18	18450.0	 26.0	 31.0	3.000	 2.0	 1.0
1	2010	19	18129.0	 26.0	 31.0	3.000	 1.0	 1.0
1	2010	20	22262.0	 24.0	 32.0	3.000	 2.0	 0.0
1	2010	21	22381.0	 25.0	 33.0	3.000	 2.0	 0.0
1	2010	22	20472.0	 25.0	 32.0	3.000	 2.0	 0.0
1	2010	23	21145.0	 25.0	 33.0	3.000	 3.0	 0.0
1	2010	24	21379.0	 25.0	 33.0	3.000	 3.0	 1.0
1	2010	25	18100.0	 26.0	 32.0	3.000	 4.0	 0.0
1	2010	26	18554.0	 26.0	 32.0	3.000	 3.0	 1.0
1	2010	27	15027.0	 26.0	 30.0	3.000	 3.0	 0.0
1	2010	28	19201.0	 26.0	 33.0	3.000	 3.0	 1.0
1	2010	29	20636.0	 26.0	 35.0	3.000	 3.0	 0.0
1	2010	30	21198.0	 26.0	 34.0	3.000	 3.0	 0.0
1	2010	31	21540.0	 26.0	 34.0	3.000	 2.0	 0.0
1	2010	32	19906.0	 26.0	 33.0	3.000	 3.0	 0.0
1	2010	33	21823.0	 26.0	 35.0	3.000	 3.0	 0.0
1	2010	34	22596.0	 26.0	 35.0	3.000	 4.0	 0.0
1	2010	35	20142.0	 27.0	 33.0	3.000	 3.0	 1.0
1	2010	36	19200.0	 27.0	 33.0	3.000	 3.0	 1.0
1	2010	37	22187.0	 26.0	 35.0	3.000	 2.0	 0.0
1	2010	38	22380.0	 26.0	 35.0	3.000	 3.0	 0.0
1	2010	39	22331.0	 26.0	 35.0	3.000	 3.0	 0.0
1	2010	40	20799.0	 27.0	 34.0	3.000	 3.0	 2.0
1	2010	41	19000.0	 26.0	 32.0	3.000	 3.0	 1.0
1	2010	42	19341.0	 26.0	 32.0	3.000	 3.0	 0.0
1	2010	43	14824.0	 27.0	 30.0	3.000	 3.0	 4.0
1	2010	44	21115.0	 25.0	 34.0	3.000	 2.0	 5.0
1	2010	45	13306.0	 26.0	 31.0	3.000	 2.0	 4.0
1	2010	46	22962.0	 25.0	 33.0	3.000	 3.0	 0.0
1	2010	47	23430.0	 26.0	 34.0	3.000	 3.0	 0.0
1	2010	48	21400.0	 26.0	 33.0	3.000	 3.0	 0.0
1	2010	49	20039.0	 27.0	 33.0	3.000	 4.0	 0.0
1	2010	50	21144.0	 27.0	 33.0	3.000	 4.0	 0.0
1	2010	51	21874.0	 26.0	 34.0	3.000	 4.0	 1.0
1	2010	52	20268.0	 27.0	 34.0	3.000	 4.0	 0.0
1	2010	53	19721.0	 27.0	 33.0	3.000	 4.0	 1.0
1	2010	54	19472.0	 27.0	 33.0	3.000	 4.0	 1.0
1	2010	55	21466.0	 27.0	 34.0	3.000	 4.0	 1.0
1	2010	56	19483.0	 27.0	 33.0	3.000	 5.0	 0.0
1	2010	57	19554.0	 27.0	 32.0	3.000	 4.0	 0.0
1	2010	58	21218.0	 26.0	 34.0	3.000	 3.0	 0.0
1	2010	59	21257.0	 27.0	 33.0	3.000	 3.0	 1.0
1	2010	60	20770.0	 27.0	 33.0	3.000	 3.0	 1.0
1	2010	61	19481.0	 27.0	 33.0	3.000	 3.0	 0.0
1	2010	62	21404.0	 27.0	 34.0	3.000	 3.0	 1.0
1	2010	63	21683.0	 27.0	 33.0	3.000	 4.0	 1.0
1	2010	64	20170.0	 27.0	 33.0	3.000	 3.0	 1.0
1	2010	65	19417.0	 26.0	 32.0	3.000	 3.0	 0.0
1	2010	66	20165.0	 26.0	 33.0	3.000	 3.0	 0.0
1	2010	67	20754.0	 27.0	 33.0	3.000	 3.0	 1.0
1	2010	68	17045.0	 27.0	 32.0	3.000	 3.0	 1.0
1	2010	69	19537.0	 26.0	 33.0	3.000	 3.0	 1.0
1	2010	70	20092.0	 26.0	 32.0	3.000	 3.0	 0.0
1	2010	71	21326.0	 27.0	 34.0	3.000	 3.0	 2.0
1	2010	72	21482.0	 26.0	 33.0	3.000	 4.0	 0.0
1	2010	73	19238.0	 26.0	 33.0	3.000	 4.0	 2.0
1	2010	74	22680.0	 26.0	 34.0	3.000	 4.0	 6.0
1	2010	75	8331.0	 25.0	 29.0	3.000	 2.0	 2.0
1	2010	76	20557.0	 26.0	 33.0	3.000	 2.0	 0.0
1	2010	77	23646.0	 26.0	 33.0	3.000	 2.0	 0.0
1	2010	78	22281.0	 26.0	 32.0	3.000	 2.0	 0.0
1	2010	79	17484.0	 26.0	 31.0	3.000	 2.0	 5.0
1	2010	80	21929.0	 26.0	 32.0	3.000	 1.0	 0.0
1	2010	81	23623.0	 26.0	 33.0	3.000	 2.0	 0.0
1	2010	82	25313.0	 26.0	 35.0	3.000	 2.0	 0.0
1	2010	83	24310.0	 26.0	 34.0	3.000	 3.0	 0.0
1	2010	84	22902.0	 27.0	 33.0	3.000	 3.0	 0.0
1	2010	85	23912.0	 26.0	 34.0	3.000	 3.0	 0.0
1	2010	86	22518.0	 27.0	 33.0	3.000	 3.0	 1.0
1	2010	87	23082.0	 27.0	 34.0	3.000	 3.0	 0.0
1	2010	88	22518.0	 27.0	 33.0	3.000	 3.0	 1.0
1	2010	89	21199.0	 27.0	 33.0	3.000	 3.0	 1.0
1	2010	90	22283.0	 26.0	 33.0	3.000	 3.0	 0.0
1	2010	91	22577.0	 27.0	 33.0	3.000	 3.0	 1.0
1	2010	92	22603.0	 27.0	 34.0	3.000	 3.0	 1.0
1	2010	93	20562.0	 27.0	 32.0	3.000	 4.0	 1.0
1	2010	94	21942.0	 26.0	 34.0	3.000	 3.0	 0.0
1	2010	95	24423.0	 27.0	 34.0	3.000	 4.0	 1.0
1	2010	96	21365.0	 26.0	 34.0	3.000	 2.0	 3.0
1	2010	97	22152.0	 26.0	 33.0	3.000	 3.0	 1.0
1	2010	98	21972.0	 27.0	 34.0	3.000	 3.0	 0.0
1	2010	99	22519.0	 27.0	 33.0	3.000	 4.0	 1.0
1	2010	100	20377.0	 26.0	 33.0	3.000	 3.0	 1.0
1	2010	101	21316.0	 27.0	 33.0	3.000	 3.0	 0.0
1	2010	102	23704.0	 27.0	 34.0	3.000	 4.0	 1.0
1	2010	103	20908.0	 27.0	 33.0	3.000	 4.0	 1.0
1	2010	104	21651.0	 27.0	 34.0	3.000	 3.0	 1.0
1	2010	105	22261.0	 27.0	 34.0	3.000	 4.0	 2.0
1	2010	106	20726.0	 26.0	 33.0	3.000	 4.0	 1.0
1	2010	107	23364.0	 27.0	 34.0	3.000	 2.0	 0.0
1	2010	108	25632.0	 27.0	 34.0	3.000	 2.0	 0.0
1	2010	109	23585.0	 27.0	 34.0	3.000	 4.0	 1.0
1	2010	110	11908.0	 26.0	 32.0	3.000	 4.0	 6.0
1	2010	111	17836.0	 26.0	 32.0	3.000	 4.0	 0.0
1	2010	112	19349.0	 26.0	 32.0	3.000	 3.0	 8.0
1	2010	113	19438.0	 26.0	 32.0	3.000	 3.0	 1.0
1	2010	114	19319.0	 26.0	 31.0	3.000	 1.0	 3.0
1	2010	115	20943.0	 26.0	 32.0	3.000	 2.0	 1.0
1	2010	116	15922.0	 26.0	 30.0	3.000	 3.0	 1.0
1	2010	117	18848.0	 26.0	 32.0	3.000	 2.0	 9.0
1	2010	118	17786.0	 26.0	 31.0	3.000	 2.0	 4.0
1	2010	119	19455.0	 26.0	 31.0	3.000	 3.0	 6.0
1	2010	120	21789.0	 26.0	 32.0	3.000	 3.0	 1.0
1	2010	121	21045.0	 26.0	 32.0	3.000	 3.0	 0.0
1	2010	122	14598.0	 26.0	 31.0	3.000	 3.0	 4.0
1	2010	123	21211.0	 25.0	 32.0	3.000	 2.0	 0.0
1	2010	124	16520.0	 26.0	 32.0	3.000	 2.0	 2.0
1	2010	125	15565.0	 25.0	 30.0	3.000	 3.0	 7.0
1	2010	126	20234.0	 26.0	 31.0	3.000	 2.0	 1.0
1	2010	127	15163.0	 26.0	 31.0	3.000	 2.0	 1.0
1	2010	128	20249.0	 26.0	 32.0	3.000	 2.0	 5.0
1	2010	129	19651.0	 26.0	 32.0	3.000	 2.0	 0.0
1	2010	130	21124.0	 26.0	 31.0	3.000	 2.0	 1.0
1	2010	131	20772.0	 26.0	 31.0	3.000	 3.0	 1.0
1	2010	132	21721.0	 27.0	 32.0	3.000	 3.0	 1.0
1	2010	133	20029.0	 26.0	 32.0	3.000	 3.0	 2.0
1	2010	134	20789.0	 26.0	 31.0	3.000	 3.0	 1.0
1	2010	135	20379.0	 26.0	 32.0	3.000	 3.0	 1.0
1	2010	136	19541.0	 26.0	 31.0	3.000	 3.0	 1.0
1	2010	137	20006.0	 26.0	 31.0	3.000	 2.0	 1.0
1	2010	138	15152.0	 26.0	 30.0	3.000	 3.0	 2.0
1	2010	139	17840.0	 25.0	 30.0	3.000	 3.0	 2.0
1	2010	140	16229.0	 25.0	 29.0	3.000	 2.0	 3.0
1	2010	141	12240.0	 25.0	 29.0	3.000	 2.0	12.0
1	2010	142	18437.0	 25.0	 31.0	3.000	 3.0	 1.0
1	2010	143	18524.0	 26.0	 30.0	3.000	 3.0	 1.0
1	2010	144	17634.0	 26.0	 31.0	3.000	 3.0	 1.0
1	2010	145	18287.0	 26.0	 31.0	3.000	 3.0	 1.0
1	2010	146	13088.0	 25.0	 31.0	3.000	 3.0	 2.0
1	2010	147	17868.0	 26.0	 31.0	3.000	 3.0	 3.0
1	2010	148	16541.0	 25.0	 30.0	3.000	 2.0	 4.0
1	2010	149	16123.0	 25.0	 30.0	3.000	 2.0	 3.0
1	2010	150	13334.0	 25.0	 30.0	3.000	 3.0	 4.0
1	2010	151	17685.0	 25.0	 31.0	3.000	 4.0	 2.0
1	2010	152	15458.0	 25.0	 29.0	3.000	 3.0	 3.0
1	2010	153	13966.0	 25.0	 30.0	3.000	 3.0	 8.0
1	2010	154	14662.0	 24.0	 29.0	3.000	 2.0	 4.0
1	2010	155	5562.0	 24.0	 26.0	3.000	 3.0	19.0
1	2010	156	17072.0	 24.0	 29.0	3.000	 2.0	 2.0
1	2010	157	17648.0	 24.0	 31.0	3.000	 2.0	 1.0
1	2010	158	14083.0	 25.0	 28.0	3.000	 3.0	 2.0
1	2010	159	16600.0	 25.0	 29.0	3.000	 3.0	 8.0
1	2010	160	15977.0	 24.0	 28.0	3.000	 3.0	19.0
1	2010	161	6205.0	 24.0	 27.0	3.000	 2.0	13.0
1	2010	162	19732.0	 24.0	 30.0	3.000	 2.0	 1.0
1	2010	163	17949.0	 25.0	 30.0	3.000	 3.0	 2.0
1	2010	164	12151.0	 25.0	 28.0	3.000	 3.0	 4.0
1	2010	165	9700.0	 24.0	 27.0	3.000	 3.0	16.0
1	2010	166	15594.0	 25.0	 29.0	3.000	 3.0	 3.0
1	2010	167	13442.0	 24.0	 29.0	3.000	 2.0	10.0
1	2010	168	16787.0	 23.0	 29.0	3.000	 2.0	 0.0
1	2010	169	17507.0	 24.0	 28.0	3.000	 3.0	 1.0
1	2010	170	16610.0	 25.0	 28.0	3.000	 3.0	 1.0
1	2010	171	16399.0	 24.0	 29.0	3.000	 2.0	 2.0
1	2010	172	16101.0	 25.0	 29.0	3.000	 2.0	 4.0
1	2010	173	14795.0	 25.0	 29.0	3.000	 3.0	 2.0
1	2010	174	16313.0	 25.0	 29.0	3.000	 3.0	 6.0
1	2010	175	14277.0	 25.0	 28.0	3.000	 4.0	 7.0
1	2010	176	12080.0	 24.0	 28.0	3.000	 5.0	 3.0
1	2010	177	8928.0	 24.0	 28.0	3.000	 3.0	 4.0
1	2010	178	15674.0	 24.0	 28.0	3.000	 3.0	 2.0
1	2010	179	15627.0	 24.0	 29.0	3.000	 3.0	 2.0
1	2010	180	17644.0	 24.0	 28.0	3.000	 3.0	 1.0
1	2010	181	20690.0	 24.0	 30.0	3.000	 4.0	 0.0
1	2010	182	11480.0	 24.0	 28.0	3.000	 4.0	 5.0
1	2010	183	8640.0	 23.0	 27.0	3.000	 2.0	11.0
1	2010	184	19011.0	 24.0	 29.0	3.000	 3.0	 0.0
1	2010	185	19630.0	 24.0	 29.0	3.000	 3.0	 1.0
1	2010	186	17810.0	 24.0	 28.0	3.000	 4.0	 1.0
1	2010	187	17133.0	 24.0	 28.0	3.000	 4.0	 2.0
1	2010	188	16154.0	 24.0	 28.0	3.000	 3.0	 3.0
1	2010	189	16621.0	 24.0	 28.0	3.000	 3.0	 0.0
1	2010	190	17588.0	 24.0	 28.0	3.000	 4.0	 1.0
1	2010	191	14266.0	 23.0	 27.0	3.000	 4.0	 4.0
1	2010	192	16976.0	 24.0	 28.0	3.000	 4.0	 0.0
1	2010	193	18037.0	 22.0	 29.0	3.000	 2.0	 0.0
1	2010	194	18056.0	 23.0	 28.0	3.000	 3.0	 0.0
1	2010	195	17363.0	 24.0	 29.0	3.000	 3.0	 1.0
1	2010	196	15619.0	 24.0	 28.0	3.000	 4.0	 1.0
1	2010	197	10630.0	 24.0	 26.0	3.000	 4.0	 1.0
1	2010	198	15017.0	 23.0	 27.0	3.000	 4.0	 1.0
1	2010	199	17892.0	 23.0	 29.0	3.000	 2.0	 0.0
1	2010	200	16500.0	 23.0	 28.0	3.000	 3.0	 0.0
1	2010	201	14806.0	 24.0	 28.0	3.000	 4.0	 0.0
1	2010	202	12890.0	 24.0	 27.0	3.000	 4.0	 1.0
1	2010	203	23446.0	 22.0	 30.0	3.000	 4.0	 0.0
1	2010	204	17883.0	 23.0	 28.0	3.000	 5.0	 0.0
1	2010	205	16200.0	 23.0	 28.0	2.000	 4.0	 1.0
1	2010	206	18238.0	 22.0	 29.0	2.000	 4.0	 0.0
1	2010	207	18022.0	 23.0	 29.0	3.000	 4.0	 0.0
1	2010	208	11888.0	 24.0	 28.0	3.000	 4.0	 1.0
1	2010	209	18553.0	 23.0	 28.0	3.000	 3.0	 2.0
1	2010	210	16620.0	 23.0	 28.0	3.000	 3.0	 1.0
1	2010	211	14502.0	 23.0	 27.0	2.000	 4.0	 0.0
1	2010	212	18325.0	 23.0	 28.0	3.000	 4.0	 1.0
1	2010	213	19465.0	 23.0	 28.0	3.000	 3.0	 1.0
1	2010	214	16217.0	 22.0	 28.0	3.000	 3.0	 1.0
1	2010	215	17452.0	 23.0	 29.0	3.000	 4.0	 0.0
1	2010	216	20146.0	 23.0	 28.0	3.000	 4.0	 1.0
1	2010	217	20524.0	 23.0	 30.0	3.000	 4.0	 0.0
1	2010	218	11159.0	 24.0	 28.0	3.000	 4.0	 0.0
1	2010	219	13588.0	 24.0	 29.0	3.000	 4.0	 0.0
1	2010	220	13761.0	 24.0	 28.0	3.000	 4.0	 0.0
1	2010	221	13374.0	 23.0	 28.0	3.000	 2.0	 4.0
1	2010	222	17129.0	 23.0	 30.0	3.000	 4.0	 2.0
1	2010	223	15108.0	 24.0	 27.0	3.000	 4.0	 1.0
1	2010	224	13501.0	 23.0	 28.0	3.000	 4.0	 1.0
1	2010	225	16832.0	 23.0	 28.0	3.000	 4.0	 1.0
1	2010	226	10152.0	 23.0	 27.0	3.000	 3.0	 3.0
1	2010	227	18956.0	 23.0	 29.0	3.000	 2.0	 0.0
1	2010	228	18719.0	 23.0	 30.0	3.000	 3.0	 1.0
1	2010	229	15367.0	 24.0	 28.0	3.000	 4.0	 4.0
1	2010	230	20784.0	 24.0	 29.0	3.000	 4.0	 1.0
1	2010	231	22276.0	 23.0	 30.0	3.000	 3.0	 0.0
1	2010	232	11627.0	 24.0	 28.0	3.000	 3.0	 4.0
1	2010	233	11943.0	 23.0	 27.0	3.000	 3.0	10.0
1	2010	234	17422.0	 23.0	 27.0	3.000	 4.0	 1.0
1	2010	235	18450.0	 24.0	 28.0	3.000	 4.0	 1.0
1	2010	236	13164.0	 24.0	 29.0	3.000	 3.0	 2.0
1	2010	237	17209.0	 23.0	 29.0	3.000	 3.0	 4.0
1	2010	238	19377.0	 23.0	 29.0	3.000	 3.0	 1.0
1	2010	239	17129.0	 24.0	 28.0	3.000	 4.0	 2.0
1	2010	240	18090.0	 24.0	 28.0	3.000	 4.0	 1.0
1	2010	241	16509.0	 24.0	 28.0	3.000	 4.0	 1.0
1	2010	242	15325.0	 24.0	 28.0	3.000	 4.0	 1.0
1	2010	243	18034.0	 24.0	 28.0	3.000	 4.0	 2.0
1	2010	244	16958.0	 24.0	 27.0	3.000	 4.0	 2.0
1	2010	245	18129.0	 23.0	 29.0	3.000	 3.0	 1.0
1	2010	246	10405.0	 24.0	 28.0	3.000	 3.0	 3.0
1	2010	247	16413.0	 24.0	 29.0	3.000	 4.0	 4.0
1	2010	248	15631.0	 24.0	 29.0	3.000	 4.0	 2.0
1	2010	249	17662.0	 23.0	 28.0	3.000	 4.0	 6.0
1	2010	250	19880.0	 24.0	 29.0	3.000	 3.0	 1.0
1	2010	251	13744.0	 24.0	 28.0	3.000	 4.0	 1.0
1	2010	252	18811.0	 23.0	 28.0	3.000	 4.0	 0.0
1	2010	253	17809.0	 24.0	 29.0	3.000	 3.0	 2.0
1	2010	254	13953.0	 24.0	 28.0	3.000	 3.0	 5.0
1	2010	255	17622.0	 23.0	 29.0	3.000	 2.0	 4.0
1	2010	256	19687.0	 24.0	 28.0	3.000	 3.0	 1.0
1	2010	257	17953.0	 24.0	 30.0	3.000	 3.0	12.0
1	2010	258	16240.0	 23.0	 28.0	3.000	 3.0	 1.0
1	2010	259	18240.0	 23.0	 29.0	3.000	 3.0	 1.0
1	2010	260	17127.0	 24.0	 29.0	3.000	 3.0	 6.0
1	2010	261	12884.0	 23.0	 28.0	3.000	 3.0	 7.0
1	2010	262	18754.0	 23.0	 29.0	3.000	 2.0	 3.0
1	2010	263	19353.0	 24.0	 29.0	3.000	 2.0	 2.0
1	2010	264	13278.0	 24.0	 27.0	3.000	 3.0	 5.0
1	2010	265	20288.0	 23.0	 29.0	3.000	 3.0	 1.0
1	2010	266	3495.0	 23.0	 25.0	3.000	 3.0	61.0
1	2010	267	9369.0	 23.0	 27.0	3.000	 1.0	 7.0
1	2010	268	18850.0	 23.0	 28.0	3.000	 3.0	 0.0
1	2010	269	20708.0	 24.0	 29.0	3.000	 3.0	 1.0
1	2010	270	15196.0	 24.0	 28.0	3.000	 3.0	 6.0
1	2010	271	16712.0	 24.0	 28.0	3.000	 2.0	 3.0
1	2010	272	20918.0	 23.0	 29.0	3.000	 1.0	 1.0
1	2010	273	20436.0	 24.0	 30.0	3.000	 2.0	 3.0
1	2010	274	20105.0	 24.0	 29.0	3.000	 3.0	 1.0
1	2010	275	20290.0	 24.0	 29.0	3.000	 3.0	 1.0
1	2010	276	19098.0	 25.0	 30.0	3.000	 2.0	 2.0
1	2010	277	14993.0	 24.0	 28.0	3.000	 3.0	 5.0
1	2010	278	15313.0	 24.0	 28.0	3.000	 2.0	 2.0
1	2010	279	16937.0	 24.0	 29.0	3.000	 3.0	12.0
1	2010	280	11974.0	 24.0	 28.0	3.000	 2.0	 8.0
1	2010	281	18101.0	 24.0	 30.0	3.000	 2.0	 1.0
1	2010	282	21860.0	 24.0	 30.0	3.000	 2.0	 1.0
1	2010	283	18541.0	 24.0	 30.0	3.000	 3.0	 1.0
1	2010	284	18829.0	 24.0	 29.0	3.000	 3.0	 5.0
1	2010	285	18232.0	 24.0	 29.0	3.000	 3.0	 1.0
1	2010	286	18754.0	 24.0	 29.0	3.000	 3.0	 1.0
1	2010	287	15643.0	 24.0	 28.0	3.000	 2.0	 1.0
1	2010	288	15946.0	 24.0	 29.0	3.000	 2.0	 1.0
1	2010	289	21532.0	 24.0	 30.0	3.000	 2.0	 0.0
1	2010	290	19284.0	 25.0	 30.0	3.000	 3.0	 0.0
1	2010	291	17649.0	 24.0	 28.0	3.000	 3.0	 1.0
1	2010	292	17793.0	 24.0	 29.0	3.000	 3.0	 2.0
1	2010	293	16309.0	 24.0	 30.0	3.000	 2.0	 4.0
1	2010	294	20991.0	 23.0	 30.0	3.000	 0.0	 1.0
1	2010	295	22160.0	 23.0	 30.0	3.000	 2.0	 0.0
1	2010	296	20110.0	 24.0	 29.0	3.000	 3.0	 1.0
1	2010	297	17348.0	 24.0	 29.0	3.000	 3.0	 1.0
1	2010	298	16163.0	 24.0	 28.0	3.000	 3.0	 2.0
1	2010	299	16807.0	 24.0	 29.0	3.000	 2.0	 2.0
1	2010	300	18816.0	 24.0	 29.0	3.000	 2.0	 1.0
1	2010	301	19260.0	 24.0	 30.0	3.000	 2.0	 1.0
1	2010	302	22288.0	 24.0	 31.0	3.000	 2.0	 0.0
1	2010	303	16285.0	 24.0	 29.0	3.000	 2.0	 1.0
1	2010	304	17534.0	 24.0	 29.0	3.000	 2.0	 1.0
1	2010	305	15374.0	 24.0	 29.0	3.000	 2.0	 2.0
1	2010	306	16714.0	 24.0	 30.0	3.000	 2.0	 0.0
1	2010	307	21880.0	 24.0	 31.0	3.000	 2.0	 1.0
1	2010	308	15600.0	 25.0	 30.0	3.000	 2.0	 0.0
1	2010	309	20657.0	 25.0	 31.0	3.000	 3.0	 1.0
1	2010	310	9527.0	 24.0	 29.0	3.000	 1.0	 1.0
1	2010	311	21097.0	 24.0	 30.0	3.000	 2.0	 1.0
1	2010	312	19261.0	 25.0	 31.0	3.000	 1.0	 0.0
1	2010	313	21752.0	 24.0	 31.0	3.000	 1.0	 0.0
1	2010	314	20117.0	 25.0	 31.0	3.000	 3.0	 1.0
1	2010	315	19259.0	 25.0	 32.0	3.000	 2.0	 3.0
1	2010	316	20448.0	 25.0	 33.0	3.000	 3.0	 4.0
1	2010	317	17508.0	 25.0	 30.0	3.000	 4.0	 1.0
1	2010	318	16095.0	 24.0	 30.0	3.000	 2.0	 1.0
1	2010	319	20302.0	 23.0	 31.0	3.000	 2.0	 1.0
1	2010	320	22118.0	 24.0	 33.0	3.000	 2.0	 1.0
1	2010	321	12444.0	 25.0	 30.0	3.000	 3.0	 1.0
1	2010	322	19421.0	 25.0	 31.0	3.000	 3.0	 1.0
1	2010	323	17513.0	 25.0	 30.0	3.000	 2.0	 1.0
1	2010	324	20478.0	 25.0	 32.0	3.000	 2.0	 1.0
1	2010	325	16494.0	 25.0	 30.0	3.000	 3.0	 2.0
1	2010	326	14787.0	 25.0	 30.0	3.000	 2.0	 0.0
1	2010	327	20039.0	 25.0	 32.0	3.000	 2.0	 0.0
1	2010	328	18399.0	 25.0	 31.0	3.000	 2.0	 1.0
1	2010	329	20159.0	 25.0	 32.0	3.000	 2.0	 0.0
1	2010	330	18041.0	 26.0	 31.0	3.000	 3.0	 6.0
1	2010	331	17136.0	 25.0	 31.0	3.000	 3.0	 4.0
1	2010	332	17221.0	 24.0	 31.0	3.000	 2.0	 2.0
1	2010	333	18809.0	 25.0	 31.0	3.000	 2.0	 0.0
1	2010	334	18302.0	 25.0	 31.0	3.000	 3.0	 1.0
1	2010	335	19221.0	 25.0	 32.0	3.000	 3.0	 0.0
1	2010	336	18923.0	 25.0	 31.0	3.000	 3.0	 1.0
1	2010	337	17610.0	 25.0	 32.0	3.000	 2.0	 1.0
1	2010	338	19662.0	 25.0	 33.0	3.000	 2.0	 2.0
1	2010	339	19189.0	 25.0	 32.0	3.000	 3.0	 3.0
1	2010	340	14871.0	 25.0	 31.0	3.000	 3.0	 1.0
1	2010	341	18130.0	 25.0	 31.0	3.000	 2.0	 2.0
1	2010	342	15365.0	 25.0	 30.0	3.000	 2.0	 1.0
1	2010	343	17152.0	 24.0	 30.0	3.000	 1.0	 0.0
1	2010	344	19900.0	 25.0	 32.0	3.000	 1.0	 0.0
1	2010	345	20820.0	 25.0	 33.0	3.000	 2.0	 0.0
1	2010	346	21245.0	 25.0	 34.0	3.000	 2.0	 0.0
1	2010	347	18948.0	 25.0	 31.0	3.000	 2.0	 0.0
1	2010	348	20323.0	 24.0	 32.0	3.000	 1.0	 0.0
1	2010	349	20223.0	 25.0	 33.0	3.000	 2.0	 1.0
1	2010	350	18834.0	 25.0	 32.0	3.000	 2.0	 0.0
1	2010	351	18726.0	 26.0	 33.0	3.000	 2.0	 1.0
1	2010	352	18580.0	 26.0	 32.0	3.000	 2.0	 1.0
1	2010	353	20389.0	 25.0	 33.0	3.000	 2.0	 0.0
1	2010	354	18247.0	 26.0	 32.0	3.000	 3.0	 0.0
1	2010	355	18733.0	 26.0	 33.0	3.000	 3.0	 1.0
1	2010	356	18381.0	 26.0	 31.0	3.000	 3.0	 3.0
1	2010	357	17871.0	 25.0	 31.0	3.000	 3.0	 1.0
1	2010	358	18274.0	 25.0	 31.0	3.000	 2.0	 1.0
1	2010	359	19435.0	 25.0	 32.0	3.000	 2.0	 0.0
1	2010	360	18617.0	 25.0	 32.0	3.000	 3.0	 1.0
1	2010	361	18732.0	 25.0	 33.0	3.000	 3.0	 2.0
1	2010	362	18760.0	 25.0	 32.0	3.000	 3.0	 0.0
1	2010	363	16514.0	 25.0	 30.0	3.000	 2.0	 1.0
1	2010	364	16675.0	 25.0	 30.0	3.000	 1.0	 5.0
1	2010	365	20923.0	 24.0	 32.0	3.000	 1.0	 0.0
