*---------------------------------------------------
* Station: Greater_Accra
* Year: 2012
* Origin: ERA5-Reanalysis
* Columns & units
* ===================
* 1. station number
* 2. year
* 3. Day of Year
* 4. Irradiance   (kJ路m-2路d-1)
* 5. Daily minimum temperature (degC)
* 6. Daily maximum temperature (degC)
* 7. Vapour pressure (kPa)
* 8. Mean wind speed (m路s-1)
* 9. Precipitation (mm路d-1)
** WCCDESCRIPTION=Greater_Accra
** WCCFORMAT=2
** WCCYEARNR=2012
*------------------------------------------------------------*
0.05  5.81  23.00 -0.18  -0.55
1	2012	1	21501.0	 24.0	 33.0	3.000	 2.0	 0.0
1	2012	2	20387.0	 25.0	 32.0	3.000	 2.0	 0.0
1	2012	3	19267.0	 25.0	 32.0	3.000	 2.0	 0.0
1	2012	4	19921.0	 25.0	 32.0	3.000	 1.0	 0.0
1	2012	5	20430.0	 25.0	 33.0	3.000	 2.0	 0.0
1	2012	6	18850.0	 25.0	 31.0	3.000	 2.0	 0.0
1	2012	7	21357.0	 25.0	 34.0	3.000	 2.0	 0.0
1	2012	8	21063.0	 25.0	 33.0	3.000	 2.0	 0.0
1	2012	9	20071.0	 25.0	 32.0	3.000	 2.0	 0.0
1	2012	10	18672.0	 25.0	 32.0	3.000	 2.0	 0.0
1	2012	11	20441.0	 25.0	 33.0	3.000	 2.0	 0.0
1	2012	12	19567.0	 25.0	 32.0	3.000	 2.0	 0.0
1	2012	13	21205.0	 24.0	 33.0	3.000	 2.0	 0.0
1	2012	14	22452.0	 24.0	 33.0	2.000	 1.0	 0.0
1	2012	15	22914.0	 23.0	 34.0	2.000	 1.0	 0.0
1	2012	16	23036.0	 22.0	 33.0	2.000	 1.0	 0.0
1	2012	17	22990.0	 23.0	 34.0	2.000	 2.0	 0.0
1	2012	18	20788.0	 24.0	 34.0	2.000	 3.0	 0.0
1	2012	19	20408.0	 24.0	 32.0	3.000	 3.0	 0.0
1	2012	20	17004.0	 25.0	 31.0	3.000	 3.0	 1.0
1	2012	21	18935.0	 25.0	 31.0	3.000	 3.0	 3.0
1	2012	22	16760.0	 23.0	 31.0	3.000	 1.0	 2.0
1	2012	23	19130.0	 25.0	 31.0	3.000	 2.0	 0.0
1	2012	24	22355.0	 25.0	 33.0	3.000	 2.0	 0.0
1	2012	25	22308.0	 25.0	 34.0	3.000	 3.0	 0.0
1	2012	26	20219.0	 26.0	 32.0	3.000	 4.0	 1.0
1	2012	27	18147.0	 25.0	 31.0	3.000	 3.0	 1.0
1	2012	28	18538.0	 25.0	 32.0	3.000	 3.0	 4.0
1	2012	29	14280.0	 25.0	 29.0	3.000	 4.0	 6.0
1	2012	30	18990.0	 25.0	 32.0	3.000	 4.0	 2.0
1	2012	31	20581.0	 25.0	 32.0	3.000	 3.0	 0.0
1	2012	32	18688.0	 25.0	 31.0	3.000	 3.0	 1.0
1	2012	33	18335.0	 25.0	 31.0	3.000	 3.0	 2.0
1	2012	34	17265.0	 25.0	 29.0	3.000	 3.0	 1.0
1	2012	35	18110.0	 25.0	 30.0	3.000	 3.0	 0.0
1	2012	36	16756.0	 25.0	 31.0	3.000	 3.0	 1.0
1	2012	37	17218.0	 25.0	 32.0	3.000	 3.0	 1.0
1	2012	38	22120.0	 24.0	 34.0	2.000	 2.0	 0.0
1	2012	39	23730.0	 24.0	 33.0	2.000	 3.0	 0.0
1	2012	40	24180.0	 23.0	 33.0	2.000	 3.0	 0.0
1	2012	41	23827.0	 23.0	 32.0	2.000	 4.0	 0.0
1	2012	42	22288.0	 24.0	 33.0	3.000	 4.0	 0.0
1	2012	43	20309.0	 25.0	 32.0	3.000	 4.0	 2.0
1	2012	44	19595.0	 25.0	 32.0	3.000	 4.0	 1.0
1	2012	45	20599.0	 25.0	 32.0	3.000	 4.0	 0.0
1	2012	46	17782.0	 25.0	 32.0	3.000	 4.0	 1.0
1	2012	47	20221.0	 25.0	 32.0	3.000	 4.0	 0.0
1	2012	48	18504.0	 25.0	 31.0	3.000	 4.0	 0.0
1	2012	49	19990.0	 25.0	 32.0	3.000	 4.0	 0.0
1	2012	50	18938.0	 25.0	 32.0	3.000	 3.0	 0.0
1	2012	51	17260.0	 25.0	 31.0	3.000	 4.0	 2.0
1	2012	52	6548.0	 25.0	 28.0	3.000	 2.0	 3.0
1	2012	53	18177.0	 25.0	 31.0	3.000	 2.0	 3.0
1	2012	54	19667.0	 25.0	 30.0	3.000	 3.0	 1.0
1	2012	55	23591.0	 24.0	 32.0	3.000	 3.0	 0.0
1	2012	56	22441.0	 25.0	 32.0	3.000	 3.0	 0.0
1	2012	57	20641.0	 25.0	 31.0	3.000	 4.0	 1.0
1	2012	58	18643.0	 25.0	 31.0	3.000	 4.0	 1.0
1	2012	59	20202.0	 25.0	 32.0	3.000	 4.0	 0.0
1	2012	60	18551.0	 25.0	 31.0	3.000	 4.0	 1.0
1	2012	61	21350.0	 25.0	 32.0	3.000	 4.0	 0.0
1	2012	62	21542.0	 25.0	 31.0	3.000	 3.0	 1.0
1	2012	63	21276.0	 25.0	 32.0	3.000	 3.0	 0.0
1	2012	64	19451.0	 25.0	 32.0	3.000	 4.0	 0.0
1	2012	65	19132.0	 25.0	 32.0	3.000	 3.0	 1.0
1	2012	66	21889.0	 25.0	 33.0	3.000	 3.0	 1.0
1	2012	67	22490.0	 25.0	 33.0	3.000	 3.0	 1.0
1	2012	68	22778.0	 25.0	 34.0	3.000	 4.0	 1.0
1	2012	69	21847.0	 25.0	 33.0	3.000	 4.0	 2.0
1	2012	70	20181.0	 25.0	 33.0	3.000	 2.0	 5.0
1	2012	71	19847.0	 25.0	 32.0	3.000	 2.0	 3.0
1	2012	72	25105.0	 25.0	 34.0	3.000	 2.0	 0.0
1	2012	73	24010.0	 26.0	 34.0	3.000	 3.0	 0.0
1	2012	74	24120.0	 26.0	 34.0	3.000	 3.0	 1.0
1	2012	75	23241.0	 26.0	 34.0	3.000	 3.0	 0.0
1	2012	76	22707.0	 27.0	 34.0	3.000	 4.0	 1.0
1	2012	77	22287.0	 27.0	 34.0	3.000	 3.0	 1.0
1	2012	78	19899.0	 26.0	 32.0	3.000	 3.0	 5.0
1	2012	79	20701.0	 26.0	 32.0	3.000	 3.0	 1.0
1	2012	80	22590.0	 26.0	 33.0	3.000	 3.0	 1.0
1	2012	81	20367.0	 27.0	 32.0	3.000	 4.0	 1.0
1	2012	82	22506.0	 27.0	 33.0	3.000	 3.0	 2.0
1	2012	83	21835.0	 26.0	 33.0	3.000	 4.0	 1.0
1	2012	84	20398.0	 26.0	 32.0	3.000	 4.0	 2.0
1	2012	85	19601.0	 26.0	 31.0	3.000	 3.0	 3.0
1	2012	86	21902.0	 26.0	 33.0	3.000	 3.0	 1.0
1	2012	87	22347.0	 26.0	 33.0	3.000	 3.0	 0.0
1	2012	88	23491.0	 26.0	 34.0	3.000	 4.0	 1.0
1	2012	89	23397.0	 26.0	 34.0	3.000	 4.0	 1.0
1	2012	90	18538.0	 26.0	 32.0	3.000	 4.0	 2.0
1	2012	91	22703.0	 26.0	 33.0	3.000	 3.0	 1.0
1	2012	92	23997.0	 26.0	 33.0	3.000	 4.0	 0.0
1	2012	93	23443.0	 26.0	 34.0	3.000	 3.0	 2.0
1	2012	94	19856.0	 25.0	 32.0	3.000	 4.0	 1.0
1	2012	95	16443.0	 26.0	 32.0	3.000	 3.0	 1.0
1	2012	96	23258.0	 26.0	 34.0	3.000	 3.0	 3.0
1	2012	97	20698.0	 26.0	 32.0	3.000	 4.0	 4.0
1	2012	98	19798.0	 26.0	 32.0	3.000	 4.0	 2.0
1	2012	99	21875.0	 26.0	 32.0	3.000	 4.0	 0.0
1	2012	100	19203.0	 26.0	 32.0	3.000	 4.0	 4.0
1	2012	101	20585.0	 26.0	 31.0	3.000	 4.0	 3.0
1	2012	102	21979.0	 25.0	 32.0	3.000	 4.0	 1.0
1	2012	103	19505.0	 25.0	 31.0	3.000	 5.0	 8.0
1	2012	104	20299.0	 25.0	 33.0	3.000	 3.0	 4.0
1	2012	105	19143.0	 25.0	 32.0	3.000	 3.0	 6.0
1	2012	106	18385.0	 26.0	 31.0	3.000	 4.0	 0.0
1	2012	107	20601.0	 26.0	 31.0	3.000	 4.0	 3.0
1	2012	108	9583.0	 25.0	 28.0	3.000	 3.0	12.0
1	2012	109	21546.0	 25.0	 32.0	3.000	 3.0	 0.0
1	2012	110	21400.0	 25.0	 32.0	3.000	 2.0	 4.0
1	2012	111	21726.0	 25.0	 31.0	3.000	 2.0	 1.0
1	2012	112	23608.0	 25.0	 33.0	3.000	 3.0	 0.0
1	2012	113	19045.0	 26.0	 31.0	3.000	 4.0	 0.0
1	2012	114	22906.0	 26.0	 32.0	3.000	 3.0	 0.0
1	2012	115	23355.0	 26.0	 32.0	3.000	 4.0	 0.0
1	2012	116	20946.0	 26.0	 31.0	3.000	 3.0	 1.0
1	2012	117	22659.0	 25.0	 32.0	3.000	 2.0	 0.0
1	2012	118	24369.0	 26.0	 33.0	3.000	 3.0	 0.0
1	2012	119	22325.0	 26.0	 32.0	3.000	 3.0	 1.0
1	2012	120	20762.0	 26.0	 32.0	3.000	 3.0	 1.0
1	2012	121	22229.0	 26.0	 33.0	3.000	 3.0	 1.0
1	2012	122	21428.0	 26.0	 32.0	3.000	 3.0	 1.0
1	2012	123	21371.0	 26.0	 33.0	3.000	 4.0	 1.0
1	2012	124	21004.0	 25.0	 32.0	3.000	 4.0	 2.0
1	2012	125	18681.0	 24.0	 31.0	3.000	 3.0	 1.0
1	2012	126	24395.0	 25.0	 33.0	3.000	 2.0	 0.0
1	2012	127	19644.0	 26.0	 32.0	3.000	 3.0	 0.0
1	2012	128	20948.0	 25.0	 32.0	3.000	 4.0	 2.0
1	2012	129	20104.0	 25.0	 32.0	3.000	 3.0	 7.0
1	2012	130	18589.0	 25.0	 31.0	3.000	 3.0	 6.0
1	2012	131	20506.0	 24.0	 31.0	3.000	 2.0	 4.0
1	2012	132	21229.0	 25.0	 32.0	3.000	 3.0	 2.0
1	2012	133	16545.0	 25.0	 30.0	3.000	 3.0	 7.0
1	2012	134	15984.0	 24.0	 30.0	3.000	 2.0	 7.0
1	2012	135	10071.0	 24.0	 28.0	3.000	 2.0	17.0
1	2012	136	16372.0	 23.0	 30.0	3.000	 2.0	 5.0
1	2012	137	19928.0	 24.0	 31.0	3.000	 2.0	 2.0
1	2012	138	16179.0	 25.0	 30.0	3.000	 3.0	 1.0
1	2012	139	21946.0	 25.0	 31.0	3.000	 4.0	 1.0
1	2012	140	18517.0	 25.0	 30.0	3.000	 2.0	 3.0
1	2012	141	18025.0	 24.0	 30.0	3.000	 2.0	 2.0
1	2012	142	17521.0	 25.0	 30.0	3.000	 2.0	11.0
1	2012	143	14686.0	 25.0	 31.0	3.000	 2.0	 0.0
1	2012	144	19653.0	 25.0	 31.0	3.000	 3.0	 1.0
1	2012	145	16078.0	 25.0	 30.0	3.000	 4.0	 7.0
1	2012	146	19223.0	 24.0	 30.0	3.000	 3.0	 5.0
1	2012	147	10516.0	 25.0	 29.0	3.000	 3.0	 1.0
1	2012	148	17555.0	 25.0	 30.0	3.000	 3.0	 2.0
1	2012	149	14246.0	 24.0	 28.0	3.000	 3.0	10.0
1	2012	150	13344.0	 24.0	 28.0	3.000	 3.0	 9.0
1	2012	151	13481.0	 24.0	 28.0	3.000	 2.0	23.0
1	2012	152	10503.0	 24.0	 27.0	3.000	 1.0	 7.0
1	2012	153	15812.0	 23.0	 30.0	3.000	 2.0	 5.0
1	2012	154	15474.0	 24.0	 29.0	3.000	 2.0	12.0
1	2012	155	8380.0	 24.0	 27.0	3.000	 3.0	 5.0
1	2012	156	19890.0	 22.0	 31.0	3.000	 2.0	 1.0
1	2012	157	16220.0	 24.0	 29.0	3.000	 3.0	 0.0
1	2012	158	14728.0	 24.0	 28.0	3.000	 2.0	 4.0
1	2012	159	22853.0	 23.0	 30.0	3.000	 2.0	 0.0
1	2012	160	16352.0	 25.0	 30.0	3.000	 3.0	 7.0
1	2012	161	18865.0	 24.0	 30.0	3.000	 2.0	 0.0
1	2012	162	20950.0	 25.0	 29.0	3.000	 4.0	 0.0
1	2012	163	17601.0	 25.0	 28.0	3.000	 4.0	 2.0
1	2012	164	10097.0	 24.0	 27.0	3.000	 3.0	 8.0
1	2012	165	12568.0	 24.0	 29.0	3.000	 3.0	 4.0
1	2012	166	21437.0	 24.0	 31.0	3.000	 3.0	 1.0
1	2012	167	12397.0	 25.0	 28.0	3.000	 3.0	 7.0
1	2012	168	14770.0	 24.0	 27.0	3.000	 3.0	 2.0
1	2012	169	11982.0	 24.0	 28.0	3.000	 3.0	15.0
1	2012	170	9750.0	 23.0	 27.0	3.000	 3.0	 5.0
1	2012	171	18374.0	 23.0	 28.0	3.000	 3.0	 4.0
1	2012	172	15393.0	 24.0	 28.0	3.000	 3.0	 3.0
1	2012	173	16153.0	 23.0	 28.0	3.000	 3.0	 7.0
1	2012	174	19278.0	 23.0	 27.0	3.000	 3.0	 1.0
1	2012	175	18048.0	 23.0	 28.0	3.000	 3.0	 2.0
1	2012	176	13633.0	 24.0	 28.0	3.000	 3.0	 5.0
1	2012	177	11887.0	 23.0	 27.0	3.000	 3.0	 8.0
1	2012	178	16395.0	 23.0	 28.0	3.000	 3.0	 2.0
1	2012	179	16937.0	 24.0	 28.0	3.000	 4.0	 3.0
1	2012	180	11197.0	 23.0	 26.0	3.000	 4.0	11.0
1	2012	181	15067.0	 23.0	 27.0	3.000	 3.0	 1.0
1	2012	182	15865.0	 23.0	 28.0	3.000	 3.0	 1.0
1	2012	183	16284.0	 23.0	 28.0	3.000	 4.0	 4.0
1	2012	184	11562.0	 24.0	 26.0	3.000	 4.0	 2.0
1	2012	185	16237.0	 23.0	 28.0	3.000	 4.0	 1.0
1	2012	186	14133.0	 23.0	 27.0	3.000	 4.0	 1.0
1	2012	187	15181.0	 23.0	 27.0	3.000	 3.0	 1.0
1	2012	188	19834.0	 23.0	 28.0	3.000	 3.0	 1.0
1	2012	189	16742.0	 23.0	 28.0	3.000	 3.0	 1.0
1	2012	190	13351.0	 24.0	 27.0	3.000	 4.0	 1.0
1	2012	191	17269.0	 23.0	 27.0	3.000	 4.0	 2.0
1	2012	192	20879.0	 24.0	 29.0	3.000	 3.0	 0.0
1	2012	193	18911.0	 23.0	 28.0	3.000	 4.0	 1.0
1	2012	194	16154.0	 24.0	 28.0	3.000	 3.0	 1.0
1	2012	195	18424.0	 24.0	 29.0	3.000	 3.0	 1.0
1	2012	196	16481.0	 24.0	 28.0	3.000	 4.0	 1.0
1	2012	197	11331.0	 24.0	 27.0	3.000	 5.0	 2.0
1	2012	198	17064.0	 23.0	 27.0	3.000	 5.0	 1.0
1	2012	199	17516.0	 23.0	 28.0	3.000	 3.0	 0.0
1	2012	200	15587.0	 23.0	 28.0	3.000	 4.0	 0.0
1	2012	201	14191.0	 23.0	 27.0	3.000	 4.0	 0.0
1	2012	202	19896.0	 23.0	 28.0	3.000	 3.0	 1.0
1	2012	203	17032.0	 23.0	 28.0	3.000	 4.0	 1.0
1	2012	204	11666.0	 24.0	 28.0	3.000	 4.0	 7.0
1	2012	205	16787.0	 23.0	 27.0	3.000	 4.0	 1.0
1	2012	206	10394.0	 23.0	 26.0	3.000	 4.0	 2.0
1	2012	207	9575.0	 23.0	 27.0	3.000	 4.0	 2.0
1	2012	208	13147.0	 23.0	 28.0	3.000	 4.0	 1.0
1	2012	209	13360.0	 23.0	 27.0	3.000	 4.0	 1.0
1	2012	210	16481.0	 23.0	 27.0	3.000	 4.0	 1.0
1	2012	211	14184.0	 23.0	 27.0	3.000	 4.0	 0.0
1	2012	212	15537.0	 23.0	 28.0	3.000	 4.0	 0.0
1	2012	213	13559.0	 23.0	 27.0	3.000	 4.0	 1.0
1	2012	214	16390.0	 23.0	 28.0	3.000	 4.0	 1.0
1	2012	215	17705.0	 23.0	 28.0	3.000	 4.0	 0.0
1	2012	216	12270.0	 23.0	 28.0	3.000	 4.0	 0.0
1	2012	217	17320.0	 23.0	 29.0	3.000	 5.0	 1.0
1	2012	218	17347.0	 23.0	 28.0	3.000	 4.0	 1.0
1	2012	219	16144.0	 23.0	 28.0	3.000	 4.0	 0.0
1	2012	220	16618.0	 23.0	 28.0	3.000	 4.0	 1.0
1	2012	221	17487.0	 24.0	 27.0	3.000	 4.0	 0.0
1	2012	222	13098.0	 23.0	 27.0	3.000	 3.0	 0.0
1	2012	223	17369.0	 23.0	 29.0	2.000	 3.0	 0.0
1	2012	224	13694.0	 22.0	 26.0	3.000	 4.0	 2.0
1	2012	225	19616.0	 22.0	 27.0	3.000	 4.0	 1.0
1	2012	226	14997.0	 22.0	 27.0	2.000	 4.0	 1.0
1	2012	227	13593.0	 22.0	 26.0	2.000	 4.0	 0.0
1	2012	228	12226.0	 22.0	 26.0	2.000	 4.0	 1.0
1	2012	229	17193.0	 22.0	 27.0	3.000	 3.0	 0.0
1	2012	230	16371.0	 22.0	 27.0	2.000	 4.0	 0.0
1	2012	231	14899.0	 22.0	 27.0	3.000	 4.0	 2.0
1	2012	232	10376.0	 22.0	 26.0	3.000	 4.0	 9.0
1	2012	233	16787.0	 23.0	 28.0	3.000	 3.0	 0.0
1	2012	234	15461.0	 23.0	 29.0	3.000	 4.0	 1.0
1	2012	235	11770.0	 23.0	 26.0	3.000	 4.0	 7.0
1	2012	236	17098.0	 23.0	 27.0	3.000	 4.0	 1.0
1	2012	237	19847.0	 22.0	 28.0	3.000	 3.0	 0.0
1	2012	238	19564.0	 23.0	 28.0	3.000	 3.0	 0.0
1	2012	239	16340.0	 23.0	 28.0	3.000	 3.0	 0.0
1	2012	240	18707.0	 23.0	 29.0	3.000	 3.0	 1.0
1	2012	241	15273.0	 23.0	 28.0	3.000	 4.0	 1.0
1	2012	242	15944.0	 23.0	 28.0	3.000	 3.0	 0.0
1	2012	243	21175.0	 23.0	 29.0	3.000	 4.0	 0.0
1	2012	244	17751.0	 23.0	 28.0	3.000	 4.0	 0.0
1	2012	245	17075.0	 23.0	 30.0	3.000	 4.0	 0.0
1	2012	246	14432.0	 23.0	 29.0	3.000	 4.0	 4.0
1	2012	247	16696.0	 23.0	 29.0	3.000	 4.0	 1.0
1	2012	248	19486.0	 23.0	 29.0	3.000	 4.0	 0.0
1	2012	249	17912.0	 23.0	 29.0	3.000	 4.0	 0.0
1	2012	250	16932.0	 23.0	 29.0	3.000	 3.0	 1.0
1	2012	251	19326.0	 23.0	 29.0	3.000	 3.0	 2.0
1	2012	252	17763.0	 23.0	 29.0	3.000	 3.0	 1.0
1	2012	253	20209.0	 23.0	 30.0	3.000	 3.0	 0.0
1	2012	254	21337.0	 23.0	 31.0	3.000	 3.0	 0.0
1	2012	255	12509.0	 24.0	 28.0	3.000	 4.0	 1.0
1	2012	256	19014.0	 24.0	 28.0	3.000	 4.0	 0.0
1	2012	257	18427.0	 23.0	 29.0	3.000	 3.0	 1.0
1	2012	258	19098.0	 23.0	 30.0	3.000	 3.0	 1.0
1	2012	259	17547.0	 24.0	 29.0	3.000	 4.0	 1.0
1	2012	260	18441.0	 24.0	 30.0	3.000	 4.0	 1.0
1	2012	261	18546.0	 24.0	 29.0	3.000	 4.0	 0.0
1	2012	262	19566.0	 23.0	 30.0	3.000	 3.0	 1.0
1	2012	263	19084.0	 24.0	 30.0	3.000	 3.0	 3.0
1	2012	264	12291.0	 24.0	 29.0	3.000	 3.0	 6.0
1	2012	265	17669.0	 23.0	 29.0	3.000	 2.0	 1.0
1	2012	266	18182.0	 23.0	 29.0	3.000	 3.0	 7.0
1	2012	267	18584.0	 24.0	 29.0	3.000	 2.0	 5.0
1	2012	268	21481.0	 24.0	 30.0	3.000	 2.0	 0.0
1	2012	269	20215.0	 24.0	 30.0	3.000	 3.0	 2.0
1	2012	270	18027.0	 24.0	 28.0	3.000	 3.0	 2.0
1	2012	271	8824.0	 24.0	 27.0	3.000	 3.0	25.0
1	2012	272	12427.0	 23.0	 27.0	3.000	 2.0	11.0
1	2012	273	19103.0	 24.0	 30.0	3.000	 2.0	 3.0
1	2012	274	20643.0	 23.0	 29.0	3.000	 3.0	 3.0
1	2012	275	12961.0	 23.0	 27.0	3.000	 3.0	 2.0
1	2012	276	19386.0	 24.0	 29.0	3.000	 2.0	 3.0
1	2012	277	11624.0	 24.0	 27.0	3.000	 2.0	 9.0
1	2012	278	19729.0	 24.0	 30.0	3.000	 3.0	 1.0
1	2012	279	21561.0	 24.0	 30.0	3.000	 2.0	 2.0
1	2012	280	21022.0	 24.0	 30.0	3.000	 2.0	 9.0
1	2012	281	15385.0	 24.0	 28.0	3.000	 3.0	 3.0
1	2012	282	17086.0	 23.0	 28.0	3.000	 3.0	 6.0
1	2012	283	20105.0	 24.0	 30.0	3.000	 2.0	 0.0
1	2012	284	16856.0	 24.0	 29.0	3.000	 3.0	 2.0
1	2012	285	18362.0	 25.0	 29.0	3.000	 3.0	 5.0
1	2012	286	20236.0	 24.0	 29.0	3.000	 3.0	 2.0
1	2012	287	21889.0	 24.0	 29.0	3.000	 3.0	 0.0
1	2012	288	21196.0	 24.0	 29.0	3.000	 3.0	 0.0
1	2012	289	21168.0	 24.0	 30.0	3.000	 2.0	 2.0
1	2012	290	19469.0	 24.0	 29.0	3.000	 2.0	 2.0
1	2012	291	17912.0	 24.0	 30.0	3.000	 2.0	 5.0
1	2012	292	19388.0	 24.0	 30.0	3.000	 3.0	 2.0
1	2012	293	11207.0	 25.0	 29.0	3.000	 2.0	 3.0
1	2012	294	18379.0	 24.0	 29.0	3.000	 1.0	 1.0
1	2012	295	15955.0	 24.0	 29.0	3.000	 2.0	 5.0
1	2012	296	20582.0	 24.0	 29.0	3.000	 3.0	 3.0
1	2012	297	17003.0	 24.0	 30.0	3.000	 2.0	 8.0
1	2012	298	12100.0	 24.0	 29.0	3.000	 1.0	 1.0
1	2012	299	15037.0	 23.0	 28.0	3.000	 2.0	 2.0
1	2012	300	19183.0	 23.0	 29.0	3.000	 2.0	 1.0
1	2012	301	19894.0	 23.0	 29.0	3.000	 2.0	 1.0
1	2012	302	19082.0	 24.0	 30.0	3.000	 2.0	 1.0
1	2012	303	21497.0	 25.0	 32.0	3.000	 2.0	 0.0
1	2012	304	17791.0	 25.0	 30.0	3.000	 3.0	 2.0
1	2012	305	20543.0	 25.0	 31.0	3.000	 3.0	 2.0
1	2012	306	21973.0	 24.0	 31.0	3.000	 2.0	 0.0
1	2012	307	20211.0	 25.0	 30.0	3.000	 3.0	 1.0
1	2012	308	21570.0	 25.0	 31.0	3.000	 3.0	 1.0
1	2012	309	20274.0	 24.0	 31.0	3.000	 3.0	 2.0
1	2012	310	21576.0	 23.0	 32.0	3.000	 2.0	 0.0
1	2012	311	20427.0	 25.0	 31.0	3.000	 3.0	 0.0
1	2012	312	18415.0	 25.0	 30.0	3.000	 3.0	 1.0
1	2012	313	18285.0	 24.0	 30.0	3.000	 3.0	 7.0
1	2012	314	16813.0	 24.0	 29.0	3.000	 1.0	 7.0
1	2012	315	17567.0	 24.0	 30.0	3.000	 2.0	 1.0
1	2012	316	18935.0	 25.0	 31.0	3.000	 2.0	 2.0
1	2012	317	16066.0	 25.0	 30.0	3.000	 2.0	 1.0
1	2012	318	17941.0	 25.0	 31.0	3.000	 2.0	 1.0
1	2012	319	19074.0	 25.0	 31.0	3.000	 2.0	 2.0
1	2012	320	19986.0	 25.0	 31.0	3.000	 2.0	 0.0
1	2012	321	19789.0	 25.0	 31.0	3.000	 2.0	 0.0
1	2012	322	19951.0	 26.0	 31.0	3.000	 3.0	 1.0
1	2012	323	20035.0	 25.0	 32.0	3.000	 3.0	 0.0
1	2012	324	18524.0	 25.0	 32.0	3.000	 3.0	 2.0
1	2012	325	18971.0	 25.0	 32.0	3.000	 3.0	 5.0
1	2012	326	17357.0	 25.0	 31.0	3.000	 3.0	 1.0
1	2012	327	15704.0	 25.0	 31.0	3.000	 3.0	 0.0
1	2012	328	18932.0	 25.0	 31.0	3.000	 3.0	 1.0
1	2012	329	19397.0	 25.0	 31.0	3.000	 3.0	 1.0
1	2012	330	19000.0	 25.0	 32.0	3.000	 3.0	 4.0
1	2012	331	16399.0	 25.0	 30.0	3.000	 3.0	 1.0
1	2012	332	18723.0	 24.0	 31.0	3.000	 2.0	 1.0
1	2012	333	16685.0	 25.0	 30.0	3.000	 2.0	 1.0
1	2012	334	18699.0	 25.0	 31.0	3.000	 2.0	 0.0
1	2012	335	18483.0	 26.0	 32.0	3.000	 2.0	 0.0
1	2012	336	19786.0	 25.0	 32.0	3.000	 3.0	 1.0
1	2012	337	17216.0	 25.0	 33.0	3.000	 3.0	 6.0
1	2012	338	13949.0	 25.0	 31.0	3.000	 3.0	 0.0
1	2012	339	20103.0	 25.0	 33.0	3.000	 2.0	 1.0
1	2012	340	16946.0	 26.0	 31.0	3.000	 3.0	 1.0
1	2012	341	17951.0	 25.0	 31.0	3.000	 2.0	 2.0
1	2012	342	12000.0	 25.0	 29.0	3.000	 3.0	 9.0
1	2012	343	17321.0	 25.0	 32.0	3.000	 2.0	 1.0
1	2012	344	19654.0	 24.0	 31.0	3.000	 2.0	 0.0
1	2012	345	19098.0	 25.0	 32.0	3.000	 2.0	 1.0
1	2012	346	17366.0	 25.0	 31.0	3.000	 3.0	 2.0
1	2012	347	15224.0	 25.0	 31.0	3.000	 3.0	 1.0
1	2012	348	19157.0	 24.0	 31.0	3.000	 2.0	 1.0
1	2012	349	18302.0	 25.0	 31.0	3.000	 2.0	 1.0
1	2012	350	18936.0	 25.0	 32.0	3.000	 2.0	 2.0
1	2012	351	18684.0	 25.0	 32.0	3.000	 2.0	 2.0
1	2012	352	18291.0	 25.0	 31.0	3.000	 2.0	 1.0
1	2012	353	20672.0	 25.0	 33.0	3.000	 2.0	 0.0
1	2012	354	19688.0	 26.0	 33.0	3.000	 2.0	 0.0
1	2012	355	21026.0	 25.0	 33.0	3.000	 2.0	 0.0
1	2012	356	18301.0	 26.0	 31.0	3.000	 2.0	 1.0
1	2012	357	20169.0	 25.0	 32.0	3.000	 2.0	 0.0
1	2012	358	20081.0	 25.0	 33.0	3.000	 1.0	 0.0
1	2012	359	17850.0	 26.0	 32.0	3.000	 2.0	 1.0
1	2012	360	19208.0	 26.0	 33.0	3.000	 2.0	 0.0
1	2012	361	19728.0	 25.0	 33.0	3.000	 2.0	 0.0
1	2012	362	17982.0	 25.0	 31.0	3.000	 2.0	 1.0
1	2012	363	20802.0	 25.0	 34.0	3.000	 2.0	 0.0
1	2012	364	20439.0	 25.0	 33.0	3.000	 2.0	 0.0
1	2012	365	19166.0	 25.0	 33.0	3.000	 2.0	 0.0
1	2012	366	21147.0	 25.0	 34.0	3.000	 1.0	 0.0
