*---------------------------------------------------
* Station: Greater_Accra
* Year: 2013
* Origin: ERA5-Reanalysis
* Columns & units
* ===================
* 1. station number
* 2. year
* 3. Day of Year
* 4. Irradiance   (kJ路m-2路d-1)
* 5. Daily minimum temperature (degC)
* 6. Daily maximum temperature (degC)
* 7. Vapour pressure (kPa)
* 8. Mean wind speed (m路s-1)
* 9. Precipitation (mm路d-1)
** WCCDESCRIPTION=Greater_Accra
** WCCFORMAT=2
** WCCYEARNR=2013
*------------------------------------------------------------*
0.05  5.81  23.00 -0.18  -0.55
1	2013	1	21295.0	 25.0	 34.0	2.000	 1.0	 0.0
1	2013	2	22243.0	 23.0	 34.0	2.000	 1.0	 0.0
1	2013	3	21673.0	 24.0	 34.0	2.000	 1.0	 0.0
1	2013	4	22086.0	 25.0	 35.0	2.000	 1.0	 0.0
1	2013	5	21883.0	 25.0	 34.0	2.000	 2.0	 0.0
1	2013	6	22846.0	 24.0	 36.0	2.000	 2.0	 0.0
1	2013	7	22383.0	 24.0	 34.0	2.000	 2.0	 0.0
1	2013	8	21824.0	 24.0	 33.0	3.000	 1.0	 0.0
1	2013	9	19161.0	 26.0	 32.0	3.000	 2.0	 0.0
1	2013	10	21222.0	 25.0	 33.0	3.000	 2.0	 0.0
1	2013	11	19477.0	 25.0	 33.0	3.000	 2.0	 0.0
1	2013	12	21987.0	 25.0	 34.0	3.000	 2.0	 0.0
1	2013	13	21517.0	 25.0	 33.0	3.000	 2.0	 0.0
1	2013	14	19817.0	 25.0	 33.0	3.000	 2.0	 0.0
1	2013	15	20246.0	 26.0	 33.0	3.000	 2.0	 0.0
1	2013	16	21954.0	 26.0	 35.0	3.000	 3.0	 0.0
1	2013	17	20298.0	 26.0	 34.0	3.000	 3.0	 0.0
1	2013	18	19095.0	 26.0	 33.0	3.000	 3.0	 2.0
1	2013	19	19378.0	 26.0	 32.0	3.000	 4.0	 1.0
1	2013	20	19518.0	 26.0	 33.0	3.000	 3.0	 2.0
1	2013	21	20109.0	 27.0	 34.0	3.000	 3.0	 0.0
1	2013	22	17700.0	 26.0	 33.0	3.000	 3.0	 2.0
1	2013	23	16128.0	 26.0	 32.0	3.000	 4.0	 0.0
1	2013	24	20018.0	 26.0	 33.0	3.000	 3.0	 0.0
1	2013	25	19138.0	 26.0	 33.0	3.000	 3.0	 1.0
1	2013	26	16848.0	 26.0	 32.0	3.000	 4.0	 1.0
1	2013	27	17651.0	 26.0	 33.0	3.000	 3.0	 0.0
1	2013	28	21223.0	 26.0	 35.0	3.000	 1.0	 0.0
1	2013	29	18819.0	 26.0	 32.0	3.000	 2.0	 0.0
1	2013	30	22066.0	 25.0	 33.0	3.000	 2.0	 0.0
1	2013	31	21178.0	 25.0	 33.0	3.000	 1.0	 1.0
1	2013	32	22828.0	 24.0	 34.0	2.000	 1.0	 0.0
1	2013	33	24168.0	 23.0	 34.0	2.000	 1.0	 0.0
1	2013	34	23004.0	 23.0	 34.0	3.000	 2.0	 0.0
1	2013	35	14718.0	 25.0	 31.0	3.000	 2.0	 0.0
1	2013	36	22816.0	 25.0	 33.0	3.000	 2.0	 0.0
1	2013	37	20505.0	 26.0	 32.0	3.000	 3.0	 1.0
1	2013	38	19204.0	 26.0	 33.0	3.000	 3.0	 2.0
1	2013	39	20401.0	 26.0	 34.0	3.000	 3.0	 0.0
1	2013	40	21532.0	 26.0	 34.0	3.000	 3.0	 0.0
1	2013	41	20758.0	 26.0	 34.0	3.000	 4.0	 0.0
1	2013	42	21312.0	 26.0	 34.0	3.000	 3.0	 1.0
1	2013	43	19093.0	 26.0	 32.0	3.000	 3.0	 1.0
1	2013	44	15816.0	 26.0	 32.0	3.000	 4.0	 2.0
1	2013	45	20220.0	 26.0	 32.0	3.000	 3.0	 2.0
1	2013	46	21862.0	 26.0	 33.0	3.000	 3.0	 1.0
1	2013	47	21583.0	 26.0	 33.0	3.000	 4.0	 1.0
1	2013	48	18698.0	 26.0	 32.0	3.000	 5.0	 2.0
1	2013	49	21573.0	 26.0	 33.0	3.000	 3.0	 0.0
1	2013	50	19517.0	 26.0	 32.0	3.000	 4.0	 2.0
1	2013	51	21154.0	 26.0	 32.0	3.000	 3.0	 1.0
1	2013	52	20907.0	 26.0	 33.0	3.000	 2.0	 0.0
1	2013	53	17411.0	 26.0	 32.0	3.000	 2.0	 0.0
1	2013	54	22351.0	 26.0	 34.0	3.000	 4.0	 0.0
1	2013	55	19656.0	 26.0	 34.0	3.000	 4.0	 1.0
1	2013	56	18522.0	 26.0	 33.0	3.000	 4.0	 1.0
1	2013	57	20972.0	 25.0	 33.0	3.000	 4.0	 0.0
1	2013	58	21633.0	 26.0	 33.0	3.000	 3.0	 0.0
1	2013	59	18372.0	 26.0	 33.0	3.000	 4.0	 0.0
1	2013	60	21591.0	 26.0	 34.0	3.000	 3.0	 0.0
1	2013	61	20761.0	 26.0	 34.0	3.000	 3.0	 1.0
1	2013	62	22908.0	 26.0	 35.0	3.000	 4.0	 1.0
1	2013	63	22109.0	 27.0	 34.0	3.000	 4.0	 2.0
1	2013	64	19355.0	 25.0	 34.0	3.000	 2.0	 2.0
1	2013	65	19956.0	 27.0	 33.0	3.000	 4.0	 1.0
1	2013	66	23171.0	 27.0	 35.0	3.000	 4.0	 0.0
1	2013	67	23083.0	 27.0	 34.0	3.000	 4.0	 0.0
1	2013	68	17736.0	 27.0	 32.0	3.000	 5.0	 2.0
1	2013	69	18350.0	 26.0	 34.0	3.000	 3.0	 1.0
1	2013	70	22359.0	 27.0	 34.0	3.000	 4.0	 0.0
1	2013	71	22078.0	 26.0	 33.0	3.000	 3.0	 0.0
1	2013	72	22336.0	 26.0	 34.0	3.000	 3.0	 1.0
1	2013	73	24577.0	 26.0	 35.0	3.000	 3.0	 1.0
1	2013	74	22596.0	 27.0	 34.0	3.000	 4.0	 4.0
1	2013	75	18245.0	 26.0	 32.0	3.000	 4.0	 0.0
1	2013	76	20640.0	 26.0	 32.0	3.000	 3.0	 1.0
1	2013	77	23679.0	 26.0	 34.0	3.000	 2.0	 0.0
1	2013	78	23117.0	 26.0	 35.0	3.000	 3.0	 1.0
1	2013	79	21886.0	 27.0	 34.0	3.000	 4.0	 0.0
1	2013	80	20162.0	 26.0	 33.0	3.000	 4.0	 1.0
1	2013	81	18949.0	 26.0	 32.0	3.000	 4.0	 1.0
1	2013	82	23913.0	 26.0	 33.0	3.000	 4.0	 0.0
1	2013	83	15130.0	 26.0	 31.0	3.000	 4.0	 0.0
1	2013	84	22979.0	 27.0	 33.0	3.000	 3.0	 0.0
1	2013	85	22329.0	 26.0	 33.0	3.000	 3.0	 1.0
1	2013	86	22550.0	 26.0	 34.0	3.000	 3.0	 1.0
1	2013	87	20520.0	 25.0	 33.0	3.000	 2.0	 2.0
1	2013	88	20116.0	 26.0	 33.0	3.000	 3.0	 0.0
1	2013	89	22914.0	 26.0	 34.0	3.000	 3.0	 0.0
1	2013	90	23610.0	 26.0	 34.0	3.000	 3.0	 1.0
1	2013	91	24512.0	 26.0	 34.0	3.000	 3.0	 1.0
1	2013	92	19581.0	 26.0	 32.0	3.000	 2.0	 1.0
1	2013	93	22569.0	 26.0	 33.0	3.000	 3.0	 0.0
1	2013	94	20465.0	 26.0	 34.0	3.000	 3.0	11.0
1	2013	95	23281.0	 26.0	 34.0	3.000	 3.0	 1.0
1	2013	96	22261.0	 26.0	 34.0	3.000	 3.0	 1.0
1	2013	97	21226.0	 26.0	 33.0	3.000	 3.0	 1.0
1	2013	98	21008.0	 26.0	 32.0	3.000	 4.0	 7.0
1	2013	99	17752.0	 26.0	 32.0	3.000	 3.0	 4.0
1	2013	100	19914.0	 25.0	 32.0	3.000	 2.0	 2.0
1	2013	101	24810.0	 26.0	 33.0	3.000	 2.0	 0.0
1	2013	102	22288.0	 26.0	 33.0	3.000	 3.0	 1.0
1	2013	103	23298.0	 26.0	 33.0	3.000	 3.0	 0.0
1	2013	104	22051.0	 26.0	 33.0	3.000	 3.0	 2.0
1	2013	105	16002.0	 26.0	 30.0	3.000	 2.0	10.0
1	2013	106	22079.0	 26.0	 33.0	3.000	 3.0	 1.0
1	2013	107	20657.0	 26.0	 33.0	3.000	 4.0	 1.0
1	2013	108	18259.0	 26.0	 31.0	3.000	 3.0	 2.0
1	2013	109	19752.0	 25.0	 32.0	3.000	 3.0	 2.0
1	2013	110	23968.0	 25.0	 33.0	3.000	 2.0	 0.0
1	2013	111	23039.0	 26.0	 33.0	3.000	 3.0	 0.0
1	2013	112	20240.0	 26.0	 32.0	3.000	 2.0	 5.0
1	2013	113	20765.0	 26.0	 33.0	3.000	 3.0	 1.0
1	2013	114	23493.0	 26.0	 33.0	3.000	 2.0	 0.0
1	2013	115	21916.0	 26.0	 33.0	3.000	 3.0	 1.0
1	2013	116	17255.0	 26.0	 31.0	3.000	 2.0	 4.0
1	2013	117	23572.0	 25.0	 33.0	3.000	 3.0	 1.0
1	2013	118	21157.0	 26.0	 34.0	3.000	 3.0	 1.0
1	2013	119	19809.0	 26.0	 32.0	3.000	 3.0	 3.0
1	2013	120	20040.0	 26.0	 32.0	3.000	 3.0	 8.0
1	2013	121	11150.0	 25.0	 29.0	3.000	 1.0	 7.0
1	2013	122	24016.0	 25.0	 32.0	3.000	 1.0	 0.0
1	2013	123	22901.0	 26.0	 33.0	3.000	 3.0	 0.0
1	2013	124	21722.0	 26.0	 33.0	3.000	 3.0	 1.0
1	2013	125	18056.0	 26.0	 31.0	3.000	 3.0	 1.0
1	2013	126	22028.0	 26.0	 32.0	3.000	 2.0	 0.0
1	2013	127	21215.0	 26.0	 32.0	3.000	 2.0	 1.0
1	2013	128	20096.0	 26.0	 31.0	3.000	 2.0	 1.0
1	2013	129	18071.0	 26.0	 32.0	3.000	 3.0	 3.0
1	2013	130	17474.0	 25.0	 32.0	3.000	 3.0	 5.0
1	2013	131	15901.0	 25.0	 29.0	3.000	 2.0	 1.0
1	2013	132	19177.0	 25.0	 31.0	3.000	 2.0	 2.0
1	2013	133	15293.0	 24.0	 30.0	3.000	 2.0	 6.0
1	2013	134	17393.0	 24.0	 29.0	3.000	 1.0	 5.0
1	2013	135	14999.0	 25.0	 29.0	3.000	 2.0	14.0
1	2013	136	17884.0	 25.0	 30.0	3.000	 2.0	 4.0
1	2013	137	21478.0	 25.0	 30.0	3.000	 3.0	 2.0
1	2013	138	19918.0	 25.0	 31.0	3.000	 2.0	 4.0
1	2013	139	14900.0	 25.0	 30.0	3.000	 2.0	 1.0
1	2013	140	18984.0	 26.0	 29.0	3.000	 3.0	 1.0
1	2013	141	15034.0	 25.0	 30.0	3.000	 2.0	 7.0
1	2013	142	17572.0	 25.0	 30.0	3.000	 3.0	10.0
1	2013	143	12846.0	 25.0	 30.0	3.000	 1.0	 0.0
1	2013	144	21573.0	 26.0	 31.0	3.000	 2.0	 1.0
1	2013	145	18726.0	 25.0	 30.0	3.000	 4.0	 2.0
1	2013	146	16034.0	 25.0	 29.0	3.000	 3.0	 1.0
1	2013	147	14506.0	 25.0	 29.0	3.000	 3.0	 4.0
1	2013	148	20829.0	 24.0	 31.0	3.000	 3.0	 1.0
1	2013	149	20319.0	 24.0	 31.0	3.000	 3.0	 3.0
1	2013	150	15520.0	 24.0	 29.0	3.000	 3.0	 3.0
1	2013	151	13590.0	 25.0	 29.0	3.000	 2.0	 3.0
1	2013	152	17030.0	 24.0	 29.0	3.000	 3.0	 4.0
1	2013	153	17644.0	 24.0	 29.0	3.000	 3.0	 8.0
1	2013	154	9346.0	 24.0	 27.0	3.000	 3.0	18.0
1	2013	155	16794.0	 24.0	 29.0	3.000	 3.0	 4.0
1	2013	156	19097.0	 24.0	 30.0	3.000	 3.0	 4.0
1	2013	157	11216.0	 23.0	 28.0	3.000	 2.0	 3.0
1	2013	158	17379.0	 24.0	 28.0	3.000	 2.0	 1.0
1	2013	159	18298.0	 24.0	 29.0	3.000	 3.0	 1.0
1	2013	160	20347.0	 24.0	 29.0	3.000	 3.0	 1.0
1	2013	161	16311.0	 24.0	 28.0	3.000	 2.0	 2.0
1	2013	162	19358.0	 24.0	 29.0	3.000	 3.0	 1.0
1	2013	163	14032.0	 25.0	 29.0	3.000	 4.0	 0.0
1	2013	164	17143.0	 25.0	 29.0	3.000	 4.0	 1.0
1	2013	165	12723.0	 24.0	 28.0	3.000	 3.0	 2.0
1	2013	166	19537.0	 24.0	 29.0	3.000	 3.0	 1.0
1	2013	167	16830.0	 24.0	 28.0	3.000	 4.0	 1.0
1	2013	168	18860.0	 24.0	 29.0	3.000	 4.0	 1.0
1	2013	169	15369.0	 24.0	 28.0	3.000	 4.0	 2.0
1	2013	170	16985.0	 24.0	 28.0	3.000	 4.0	 2.0
1	2013	171	16828.0	 24.0	 28.0	3.000	 4.0	 1.0
1	2013	172	18386.0	 24.0	 29.0	3.000	 4.0	 1.0
1	2013	173	17691.0	 25.0	 28.0	3.000	 4.0	 2.0
1	2013	174	15334.0	 25.0	 28.0	3.000	 4.0	 1.0
1	2013	175	15339.0	 24.0	 28.0	3.000	 4.0	 1.0
1	2013	176	13605.0	 24.0	 28.0	3.000	 3.0	 1.0
1	2013	177	18041.0	 23.0	 30.0	3.000	 3.0	 0.0
1	2013	178	15195.0	 23.0	 29.0	3.000	 4.0	 0.0
1	2013	179	15296.0	 24.0	 29.0	3.000	 4.0	 3.0
1	2013	180	13946.0	 24.0	 28.0	3.000	 3.0	 2.0
1	2013	181	17067.0	 23.0	 28.0	3.000	 3.0	 1.0
1	2013	182	10091.0	 24.0	 28.0	3.000	 2.0	 0.0
1	2013	183	19219.0	 23.0	 29.0	3.000	 3.0	 0.0
1	2013	184	13227.0	 24.0	 28.0	3.000	 4.0	 1.0
1	2013	185	16936.0	 24.0	 28.0	3.000	 4.0	 1.0
1	2013	186	12840.0	 23.0	 27.0	3.000	 4.0	 3.0
1	2013	187	13735.0	 23.0	 27.0	3.000	 4.0	 1.0
1	2013	188	17574.0	 23.0	 28.0	3.000	 4.0	 2.0
1	2013	189	14298.0	 23.0	 27.0	3.000	 4.0	 1.0
1	2013	190	17427.0	 23.0	 28.0	3.000	 3.0	 1.0
1	2013	191	18578.0	 23.0	 29.0	3.000	 3.0	 1.0
1	2013	192	13521.0	 24.0	 28.0	3.000	 3.0	 6.0
1	2013	193	14150.0	 24.0	 27.0	3.000	 3.0	10.0
1	2013	194	16708.0	 23.0	 29.0	3.000	 3.0	 3.0
1	2013	195	19563.0	 23.0	 29.0	3.000	 3.0	 1.0
1	2013	196	16288.0	 23.0	 27.0	3.000	 3.0	 1.0
1	2013	197	17330.0	 23.0	 28.0	3.000	 3.0	 1.0
1	2013	198	17958.0	 23.0	 28.0	3.000	 3.0	 1.0
1	2013	199	17728.0	 23.0	 28.0	3.000	 4.0	 1.0
1	2013	200	14638.0	 24.0	 27.0	3.000	 4.0	 1.0
1	2013	201	10384.0	 23.0	 26.0	3.000	 4.0	 1.0
1	2013	202	14448.0	 23.0	 27.0	3.000	 4.0	 1.0
1	2013	203	14815.0	 23.0	 28.0	3.000	 4.0	 1.0
1	2013	204	16092.0	 24.0	 28.0	3.000	 4.0	 1.0
1	2013	205	9984.0	 23.0	 27.0	3.000	 4.0	26.0
1	2013	206	6495.0	 23.0	 25.0	3.000	 3.0	 1.0
1	2013	207	17704.0	 23.0	 27.0	3.000	 3.0	 1.0
1	2013	208	16959.0	 23.0	 27.0	3.000	 4.0	 1.0
1	2013	209	8382.0	 23.0	 26.0	3.000	 4.0	 1.0
1	2013	210	13987.0	 23.0	 26.0	3.000	 4.0	 1.0
1	2013	211	16665.0	 22.0	 27.0	3.000	 3.0	 0.0
1	2013	212	10789.0	 23.0	 27.0	3.000	 4.0	 0.0
1	2013	213	17351.0	 22.0	 27.0	3.000	 5.0	 1.0
1	2013	214	13873.0	 23.0	 26.0	2.000	 4.0	 0.0
1	2013	215	15534.0	 22.0	 27.0	3.000	 3.0	 0.0
1	2013	216	13903.0	 22.0	 27.0	3.000	 3.0	 0.0
1	2013	217	15324.0	 22.0	 27.0	3.000	 4.0	 0.0
1	2013	218	14786.0	 23.0	 27.0	3.000	 4.0	 1.0
1	2013	219	15256.0	 23.0	 27.0	3.000	 5.0	 1.0
1	2013	220	19206.0	 22.0	 27.0	3.000	 4.0	 0.0
1	2013	221	18832.0	 22.0	 27.0	3.000	 3.0	 1.0
1	2013	222	20296.0	 21.0	 28.0	2.000	 3.0	 0.0
1	2013	223	19768.0	 21.0	 27.0	2.000	 3.0	 0.0
1	2013	224	15237.0	 22.0	 26.0	2.000	 4.0	 1.0
1	2013	225	15451.0	 22.0	 26.0	2.000	 3.0	 0.0
1	2013	226	15083.0	 22.0	 27.0	2.000	 4.0	 0.0
1	2013	227	13843.0	 22.0	 27.0	2.000	 4.0	 0.0
1	2013	228	11295.0	 22.0	 26.0	2.000	 4.0	 1.0
1	2013	229	16002.0	 23.0	 28.0	2.000	 4.0	 1.0
1	2013	230	16847.0	 22.0	 28.0	3.000	 3.0	 0.0
1	2013	231	15908.0	 22.0	 28.0	3.000	 3.0	 0.0
1	2013	232	14817.0	 23.0	 28.0	3.000	 4.0	 0.0
1	2013	233	18393.0	 23.0	 28.0	3.000	 5.0	 1.0
1	2013	234	20755.0	 23.0	 30.0	3.000	 4.0	 0.0
1	2013	235	14942.0	 23.0	 28.0	3.000	 4.0	 1.0
1	2013	236	14009.0	 23.0	 27.0	3.000	 3.0	 1.0
1	2013	237	20022.0	 23.0	 28.0	3.000	 3.0	 1.0
1	2013	238	19224.0	 23.0	 28.0	3.000	 3.0	 2.0
1	2013	239	19531.0	 23.0	 29.0	3.000	 3.0	 0.0
1	2013	240	20233.0	 23.0	 29.0	3.000	 4.0	 0.0
1	2013	241	12804.0	 23.0	 27.0	3.000	 3.0	 5.0
1	2013	242	12486.0	 23.0	 27.0	3.000	 3.0	 2.0
1	2013	243	15158.0	 23.0	 29.0	3.000	 4.0	 2.0
1	2013	244	17601.0	 23.0	 28.0	3.000	 4.0	 1.0
1	2013	245	19385.0	 23.0	 28.0	3.000	 4.0	 1.0
1	2013	246	19099.0	 23.0	 29.0	3.000	 2.0	 1.0
1	2013	247	18250.0	 23.0	 28.0	3.000	 3.0	 1.0
1	2013	248	17370.0	 23.0	 28.0	3.000	 4.0	 1.0
1	2013	249	13175.0	 23.0	 27.0	3.000	 4.0	 2.0
1	2013	250	17888.0	 23.0	 29.0	3.000	 3.0	 1.0
1	2013	251	13200.0	 24.0	 29.0	3.000	 3.0	10.0
1	2013	252	12678.0	 23.0	 27.0	3.000	 4.0	 3.0
1	2013	253	17992.0	 23.0	 28.0	3.000	 4.0	 1.0
1	2013	254	20063.0	 23.0	 29.0	3.000	 4.0	 2.0
1	2013	255	21088.0	 23.0	 27.0	3.000	 4.0	 1.0
1	2013	256	18656.0	 23.0	 29.0	3.000	 3.0	 1.0
1	2013	257	15710.0	 23.0	 29.0	3.000	 3.0	 1.0
1	2013	258	19862.0	 23.0	 28.0	3.000	 3.0	 1.0
1	2013	259	19974.0	 23.0	 29.0	3.000	 3.0	 1.0
1	2013	260	16993.0	 24.0	 29.0	3.000	 3.0	 1.0
1	2013	261	17244.0	 24.0	 29.0	3.000	 3.0	 1.0
1	2013	262	12691.0	 24.0	 29.0	3.000	 4.0	 0.0
1	2013	263	13385.0	 24.0	 29.0	3.000	 4.0	 1.0
1	2013	264	16300.0	 24.0	 29.0	3.000	 4.0	 1.0
1	2013	265	15056.0	 24.0	 28.0	3.000	 4.0	 2.0
1	2013	266	13230.0	 24.0	 28.0	3.000	 5.0	 3.0
1	2013	267	6321.0	 23.0	 25.0	3.000	 4.0	11.0
1	2013	268	17531.0	 23.0	 27.0	3.000	 3.0	 2.0
1	2013	269	18737.0	 22.0	 28.0	3.000	 3.0	 0.0
1	2013	270	14470.0	 23.0	 28.0	3.000	 3.0	 3.0
1	2013	271	13412.0	 23.0	 27.0	3.000	 3.0	 3.0
1	2013	272	15264.0	 23.0	 29.0	3.000	 3.0	 1.0
1	2013	273	17859.0	 23.0	 29.0	3.000	 3.0	 0.0
1	2013	274	18146.0	 24.0	 28.0	3.000	 4.0	 1.0
1	2013	275	20043.0	 23.0	 30.0	3.000	 3.0	 0.0
1	2013	276	14808.0	 24.0	 28.0	3.000	 4.0	 1.0
1	2013	277	13911.0	 24.0	 29.0	3.000	 3.0	 5.0
1	2013	278	8239.0	 23.0	 28.0	3.000	 2.0	 8.0
1	2013	279	19910.0	 24.0	 29.0	3.000	 3.0	 1.0
1	2013	280	19930.0	 24.0	 29.0	3.000	 3.0	 0.0
1	2013	281	21342.0	 24.0	 30.0	3.000	 3.0	 2.0
1	2013	282	19810.0	 24.0	 29.0	3.000	 3.0	 1.0
1	2013	283	19802.0	 23.0	 30.0	3.000	 3.0	 1.0
1	2013	284	16224.0	 23.0	 29.0	3.000	 1.0	 3.0
1	2013	285	19154.0	 23.0	 30.0	3.000	 2.0	 0.0
1	2013	286	19888.0	 24.0	 31.0	3.000	 3.0	 0.0
1	2013	287	21853.0	 24.0	 31.0	3.000	 3.0	 2.0
1	2013	288	16828.0	 23.0	 28.0	3.000	 2.0	 1.0
1	2013	289	22688.0	 23.0	 30.0	3.000	 2.0	 1.0
1	2013	290	19110.0	 24.0	 31.0	3.000	 2.0	 0.0
1	2013	291	20167.0	 24.0	 31.0	3.000	 3.0	 0.0
1	2013	292	19843.0	 25.0	 31.0	3.000	 3.0	 2.0
1	2013	293	19610.0	 24.0	 31.0	3.000	 3.0	 1.0
1	2013	294	16386.0	 24.0	 30.0	3.000	 3.0	 2.0
1	2013	295	19575.0	 24.0	 30.0	3.000	 2.0	 0.0
1	2013	296	20426.0	 24.0	 31.0	3.000	 2.0	 4.0
1	2013	297	21861.0	 24.0	 31.0	3.000	 3.0	 1.0
1	2013	298	19656.0	 25.0	 31.0	3.000	 3.0	 0.0
1	2013	299	20325.0	 24.0	 31.0	3.000	 3.0	 0.0
1	2013	300	18348.0	 25.0	 31.0	3.000	 3.0	 1.0
1	2013	301	20128.0	 25.0	 32.0	3.000	 2.0	 1.0
1	2013	302	19455.0	 25.0	 31.0	3.000	 2.0	 3.0
1	2013	303	18327.0	 25.0	 30.0	3.000	 2.0	 2.0
1	2013	304	20887.0	 25.0	 31.0	3.000	 2.0	 0.0
1	2013	305	14981.0	 24.0	 30.0	3.000	 3.0	 1.0
1	2013	306	17409.0	 24.0	 30.0	3.000	 2.0	 1.0
1	2013	307	17854.0	 25.0	 31.0	3.000	 2.0	 1.0
1	2013	308	19801.0	 24.0	 30.0	3.000	 2.0	 1.0
1	2013	309	19853.0	 25.0	 32.0	3.000	 2.0	 3.0
1	2013	310	17060.0	 24.0	 30.0	3.000	 2.0	 3.0
1	2013	311	20391.0	 25.0	 31.0	3.000	 2.0	 6.0
1	2013	312	19896.0	 25.0	 31.0	3.000	 3.0	 1.0
1	2013	313	19284.0	 25.0	 31.0	3.000	 3.0	 3.0
1	2013	314	19683.0	 25.0	 31.0	3.000	 3.0	 1.0
1	2013	315	17782.0	 25.0	 30.0	3.000	 3.0	 1.0
1	2013	316	18895.0	 25.0	 30.0	3.000	 3.0	 1.0
1	2013	317	19564.0	 25.0	 32.0	3.000	 3.0	 1.0
1	2013	318	18537.0	 24.0	 31.0	3.000	 3.0	 1.0
1	2013	319	15384.0	 25.0	 29.0	3.000	 3.0	 1.0
1	2013	320	20718.0	 24.0	 32.0	3.000	 2.0	 1.0
1	2013	321	20437.0	 25.0	 31.0	3.000	 2.0	 0.0
1	2013	322	19282.0	 25.0	 33.0	3.000	 2.0	 1.0
1	2013	323	17980.0	 25.0	 31.0	3.000	 3.0	 0.0
1	2013	324	17668.0	 25.0	 31.0	3.000	 3.0	 1.0
1	2013	325	17047.0	 25.0	 32.0	3.000	 3.0	 0.0
1	2013	326	19425.0	 25.0	 31.0	3.000	 3.0	 1.0
1	2013	327	15595.0	 24.0	 31.0	3.000	 4.0	 1.0
1	2013	328	11184.0	 25.0	 30.0	3.000	 3.0	 4.0
1	2013	329	19080.0	 24.0	 31.0	3.000	 3.0	 1.0
1	2013	330	18300.0	 24.0	 30.0	3.000	 3.0	 2.0
1	2013	331	17030.0	 24.0	 29.0	3.000	 2.0	 1.0
1	2013	332	20661.0	 24.0	 32.0	3.000	 1.0	 0.0
1	2013	333	19290.0	 26.0	 32.0	3.000	 2.0	 0.0
1	2013	334	19438.0	 26.0	 33.0	3.000	 4.0	 1.0
1	2013	335	15586.0	 25.0	 31.0	3.000	 3.0	 1.0
1	2013	336	18556.0	 25.0	 31.0	3.000	 2.0	 3.0
1	2013	337	13120.0	 25.0	 30.0	3.000	 2.0	12.0
1	2013	338	15753.0	 25.0	 30.0	3.000	 2.0	 1.0
1	2013	339	19358.0	 25.0	 32.0	3.000	 3.0	 0.0
1	2013	340	19209.0	 25.0	 32.0	3.000	 3.0	 0.0
1	2013	341	17339.0	 25.0	 31.0	3.000	 3.0	 1.0
1	2013	342	17396.0	 25.0	 32.0	3.000	 2.0	 0.0
1	2013	343	21320.0	 25.0	 32.0	3.000	 3.0	 0.0
1	2013	344	21008.0	 25.0	 33.0	3.000	 3.0	 0.0
1	2013	345	18632.0	 25.0	 32.0	3.000	 4.0	 1.0
1	2013	346	19590.0	 25.0	 32.0	3.000	 3.0	 1.0
1	2013	347	19974.0	 25.0	 32.0	3.000	 3.0	 1.0
1	2013	348	8073.0	 24.0	 27.0	3.000	 1.0	 8.0
1	2013	349	18957.0	 23.0	 30.0	3.000	 1.0	 0.0
1	2013	350	18680.0	 24.0	 30.0	3.000	 2.0	 0.0
1	2013	351	21849.0	 23.0	 31.0	2.000	 2.0	 0.0
1	2013	352	22252.0	 23.0	 31.0	2.000	 1.0	 0.0
1	2013	353	22032.0	 22.0	 31.0	2.000	 1.0	 0.0
1	2013	354	21136.0	 23.0	 32.0	3.000	 2.0	 0.0
1	2013	355	20241.0	 24.0	 32.0	3.000	 2.0	 0.0
1	2013	356	20662.0	 25.0	 33.0	3.000	 2.0	 0.0
1	2013	357	19538.0	 25.0	 33.0	3.000	 2.0	 0.0
1	2013	358	20107.0	 25.0	 33.0	3.000	 3.0	 0.0
1	2013	359	20907.0	 25.0	 34.0	3.000	 3.0	 0.0
1	2013	360	20121.0	 25.0	 33.0	3.000	 3.0	 0.0
1	2013	361	19192.0	 26.0	 33.0	3.000	 3.0	 0.0
1	2013	362	20670.0	 25.0	 34.0	3.000	 3.0	 1.0
1	2013	363	19398.0	 26.0	 33.0	3.000	 3.0	 2.0
1	2013	364	18288.0	 25.0	 33.0	3.000	 3.0	 2.0
1	2013	365	16540.0	 25.0	 31.0	3.000	 4.0	 2.0
