*---------------------------------------------------
* Station: Greater_Accra
* Year: 2016
* Origin: ERA5-Reanalysis
* Columns & units
* ===================
* 1. station number
* 2. year
* 3. Day of Year
* 4. Irradiance   (kJ路m-2路d-1)
* 5. Daily minimum temperature (degC)
* 6. Daily maximum temperature (degC)
* 7. Vapour pressure (kPa)
* 8. Mean wind speed (m路s-1)
* 9. Precipitation (mm路d-1)
** WCCDESCRIPTION=Greater_Accra
** WCCFORMAT=2
** WCCYEARNR=2016
*------------------------------------------------------------*
0.05  5.81  23.00 -0.18  -0.55
1	2016	1	17768.0	 26.0	 33.0	3.000	 2.0	 0.0
1	2016	2	17667.0	 25.0	 31.0	3.000	 1.0	 1.0
1	2016	3	22005.0	 24.0	 34.0	2.000	 1.0	 0.0
1	2016	4	22213.0	 23.0	 34.0	2.000	 1.0	 0.0
1	2016	5	22205.0	 24.0	 34.0	2.000	 2.0	 0.0
1	2016	6	22285.0	 25.0	 35.0	2.000	 2.0	 0.0
1	2016	7	22203.0	 25.0	 36.0	1.000	 3.0	 0.0
1	2016	8	22718.0	 23.0	 36.0	2.000	 0.0	 0.0
1	2016	9	21591.0	 25.0	 32.0	3.000	 3.0	 0.0
1	2016	10	21871.0	 25.0	 32.0	3.000	 3.0	 0.0
1	2016	11	21512.0	 25.0	 32.0	3.000	 3.0	 0.0
1	2016	12	20608.0	 25.0	 33.0	3.000	 2.0	 0.0
1	2016	13	20454.0	 26.0	 33.0	3.000	 3.0	 0.0
1	2016	14	19601.0	 25.0	 32.0	3.000	 2.0	 0.0
1	2016	15	21168.0	 26.0	 34.0	3.000	 3.0	 0.0
1	2016	16	21210.0	 26.0	 34.0	3.000	 3.0	 0.0
1	2016	17	18760.0	 26.0	 32.0	3.000	 3.0	 1.0
1	2016	18	17705.0	 26.0	 31.0	3.000	 3.0	 1.0
1	2016	19	16554.0	 26.0	 31.0	3.000	 3.0	 1.0
1	2016	20	14967.0	 26.0	 30.0	3.000	 3.0	 2.0
1	2016	21	18146.0	 26.0	 31.0	3.000	 2.0	 1.0
1	2016	22	21123.0	 25.0	 33.0	3.000	 2.0	 0.0
1	2016	23	19905.0	 25.0	 32.0	3.000	 2.0	 0.0
1	2016	24	20530.0	 26.0	 33.0	3.000	 2.0	 0.0
1	2016	25	15154.0	 25.0	 31.0	3.000	 1.0	 0.0
1	2016	26	22214.0	 24.0	 33.0	2.000	 1.0	 0.0
1	2016	27	23775.0	 23.0	 34.0	2.000	 2.0	 0.0
1	2016	28	23594.0	 22.0	 33.0	2.000	 1.0	 0.0
1	2016	29	23253.0	 23.0	 34.0	2.000	 2.0	 0.0
1	2016	30	23862.0	 22.0	 34.0	2.000	 1.0	 0.0
1	2016	31	23624.0	 23.0	 33.0	2.000	 2.0	 0.0
1	2016	32	23929.0	 23.0	 35.0	2.000	 2.0	 0.0
1	2016	33	23614.0	 23.0	 34.0	3.000	 2.0	 0.0
1	2016	34	23352.0	 24.0	 33.0	3.000	 3.0	 0.0
1	2016	35	23137.0	 24.0	 33.0	3.000	 3.0	 0.0
1	2016	36	23175.0	 24.0	 35.0	3.000	 2.0	 0.0
1	2016	37	23797.0	 24.0	 34.0	3.000	 2.0	 0.0
1	2016	38	22055.0	 25.0	 33.0	3.000	 3.0	 0.0
1	2016	39	21194.0	 25.0	 34.0	3.000	 2.0	 0.0
1	2016	40	22078.0	 25.0	 35.0	3.000	 2.0	 0.0
1	2016	41	24078.0	 24.0	 34.0	3.000	 1.0	 0.0
1	2016	42	24275.0	 23.0	 34.0	3.000	 2.0	 0.0
1	2016	43	23155.0	 25.0	 35.0	3.000	 3.0	 0.0
1	2016	44	21376.0	 26.0	 33.0	3.000	 3.0	 0.0
1	2016	45	21734.0	 26.0	 34.0	3.000	 4.0	 0.0
1	2016	46	21492.0	 26.0	 34.0	3.000	 4.0	 0.0
1	2016	47	18091.0	 26.0	 34.0	3.000	 3.0	 1.0
1	2016	48	19910.0	 26.0	 33.0	3.000	 3.0	 0.0
1	2016	49	18129.0	 26.0	 33.0	3.000	 3.0	 1.0
1	2016	50	21451.0	 26.0	 33.0	3.000	 4.0	 0.0
1	2016	51	21623.0	 26.0	 35.0	3.000	 4.0	 0.0
1	2016	52	18544.0	 27.0	 33.0	3.000	 4.0	 0.0
1	2016	53	19693.0	 27.0	 33.0	3.000	 3.0	 0.0
1	2016	54	21032.0	 27.0	 33.0	3.000	 3.0	 1.0
1	2016	55	21376.0	 27.0	 33.0	3.000	 3.0	 0.0
1	2016	56	21049.0	 27.0	 33.0	3.000	 3.0	 1.0
1	2016	57	20607.0	 26.0	 34.0	3.000	 4.0	 1.0
1	2016	58	16632.0	 26.0	 32.0	3.000	 4.0	 2.0
1	2016	59	20136.0	 26.0	 33.0	3.000	 4.0	 1.0
1	2016	60	20174.0	 26.0	 34.0	3.000	 3.0	 1.0
1	2016	61	16735.0	 27.0	 32.0	3.000	 3.0	 1.0
1	2016	62	20759.0	 26.0	 35.0	3.000	 3.0	 0.0
1	2016	63	21612.0	 27.0	 33.0	3.000	 4.0	 0.0
1	2016	64	23068.0	 27.0	 35.0	3.000	 4.0	 0.0
1	2016	65	21678.0	 27.0	 35.0	3.000	 4.0	 1.0
1	2016	66	17522.0	 27.0	 34.0	3.000	 4.0	 0.0
1	2016	67	21961.0	 27.0	 34.0	3.000	 3.0	 0.0
1	2016	68	21221.0	 27.0	 33.0	3.000	 2.0	 4.0
1	2016	69	21685.0	 27.0	 34.0	3.000	 4.0	 1.0
1	2016	70	18869.0	 27.0	 33.0	3.000	 4.0	 1.0
1	2016	71	16858.0	 26.0	 32.0	3.000	 4.0	 3.0
1	2016	72	20272.0	 26.0	 33.0	3.000	 3.0	 0.0
1	2016	73	20266.0	 26.0	 34.0	3.000	 3.0	 3.0
1	2016	74	14652.0	 25.0	 30.0	3.000	 1.0	 3.0
1	2016	75	23152.0	 25.0	 33.0	3.000	 2.0	 0.0
1	2016	76	21262.0	 26.0	 33.0	3.000	 3.0	 1.0
1	2016	77	20746.0	 26.0	 34.0	3.000	 3.0	11.0
1	2016	78	13733.0	 26.0	 30.0	3.000	 2.0	 5.0
1	2016	79	18610.0	 26.0	 31.0	3.000	 3.0	 1.0
1	2016	80	22762.0	 26.0	 32.0	3.000	 3.0	 1.0
1	2016	81	20416.0	 26.0	 32.0	3.000	 2.0	 0.0
1	2016	82	18675.0	 26.0	 32.0	3.000	 2.0	 3.0
1	2016	83	22221.0	 26.0	 33.0	3.000	 4.0	 4.0
1	2016	84	10700.0	 25.0	 31.0	3.000	 3.0	 1.0
1	2016	85	20402.0	 26.0	 32.0	3.000	 3.0	 0.0
1	2016	86	22141.0	 26.0	 33.0	3.000	 3.0	 0.0
1	2016	87	20129.0	 27.0	 32.0	3.000	 3.0	 1.0
1	2016	88	18521.0	 27.0	 32.0	3.000	 4.0	 2.0
1	2016	89	19358.0	 27.0	 32.0	3.000	 3.0	 2.0
1	2016	90	15444.0	 27.0	 31.0	3.000	 4.0	 1.0
1	2016	91	20454.0	 26.0	 32.0	3.000	 4.0	 7.0
1	2016	92	21324.0	 26.0	 32.0	3.000	 5.0	 2.0
1	2016	93	16262.0	 24.0	 31.0	3.000	 3.0	 0.0
1	2016	94	22209.0	 26.0	 32.0	3.000	 3.0	 0.0
1	2016	95	22776.0	 26.0	 33.0	3.000	 4.0	 0.0
1	2016	96	20452.0	 26.0	 33.0	3.000	 4.0	 1.0
1	2016	97	17672.0	 26.0	 32.0	3.000	 4.0	 8.0
1	2016	98	16740.0	 26.0	 30.0	3.000	 3.0	 1.0
1	2016	99	19164.0	 26.0	 32.0	3.000	 3.0	 5.0
1	2016	100	19950.0	 26.0	 32.0	3.000	 3.0	 6.0
1	2016	101	21885.0	 25.0	 33.0	3.000	 2.0	 0.0
1	2016	102	23072.0	 26.0	 33.0	3.000	 3.0	 0.0
1	2016	103	22420.0	 26.0	 33.0	3.000	 2.0	 0.0
1	2016	104	21864.0	 26.0	 33.0	3.000	 3.0	 0.0
1	2016	105	24876.0	 27.0	 33.0	3.000	 3.0	 0.0
1	2016	106	16621.0	 27.0	 31.0	3.000	 3.0	 1.0
1	2016	107	20805.0	 26.0	 33.0	3.000	 3.0	 0.0
1	2016	108	20157.0	 25.0	 33.0	3.000	 2.0	 0.0
1	2016	109	22918.0	 26.0	 33.0	3.000	 3.0	 1.0
1	2016	110	24996.0	 26.0	 34.0	3.000	 2.0	 0.0
1	2016	111	22520.0	 27.0	 34.0	3.000	 3.0	 1.0
1	2016	112	22824.0	 27.0	 34.0	3.000	 3.0	 0.0
1	2016	113	23545.0	 26.0	 34.0	3.000	 3.0	 0.0
1	2016	114	21290.0	 27.0	 34.0	3.000	 3.0	 0.0
1	2016	115	21207.0	 27.0	 34.0	3.000	 4.0	 1.0
1	2016	116	20769.0	 27.0	 34.0	3.000	 4.0	 1.0
1	2016	117	21074.0	 27.0	 33.0	3.000	 4.0	 1.0
1	2016	118	18439.0	 26.0	 32.0	3.000	 4.0	 1.0
1	2016	119	19770.0	 27.0	 33.0	3.000	 3.0	 1.0
1	2016	120	20247.0	 26.0	 33.0	3.000	 3.0	 1.0
1	2016	121	20774.0	 26.0	 33.0	3.000	 3.0	 0.0
1	2016	122	20523.0	 27.0	 34.0	3.000	 4.0	 1.0
1	2016	123	18809.0	 27.0	 32.0	3.000	 4.0	 4.0
1	2016	124	19015.0	 26.0	 35.0	3.000	 3.0	 8.0
1	2016	125	20192.0	 26.0	 32.0	3.000	 3.0	 1.0
1	2016	126	21943.0	 26.0	 34.0	3.000	 3.0	 1.0
1	2016	127	18845.0	 26.0	 33.0	3.000	 4.0	18.0
1	2016	128	19159.0	 26.0	 33.0	3.000	 4.0	 1.0
1	2016	129	21967.0	 26.0	 33.0	3.000	 3.0	 0.0
1	2016	130	22763.0	 26.0	 33.0	3.000	 3.0	 1.0
1	2016	131	23864.0	 26.0	 33.0	3.000	 2.0	 1.0
1	2016	132	24981.0	 26.0	 34.0	3.000	 3.0	 0.0
1	2016	133	16518.0	 27.0	 32.0	3.000	 3.0	 2.0
1	2016	134	20302.0	 26.0	 32.0	3.000	 3.0	 1.0
1	2016	135	19305.0	 25.0	 32.0	3.000	 4.0	 2.0
1	2016	136	20088.0	 25.0	 32.0	3.000	 3.0	 5.0
1	2016	137	12125.0	 25.0	 30.0	3.000	 3.0	 2.0
1	2016	138	11941.0	 25.0	 29.0	3.000	 3.0	11.0
1	2016	139	12917.0	 25.0	 29.0	3.000	 2.0	 5.0
1	2016	140	18867.0	 25.0	 30.0	3.000	 2.0	 2.0
1	2016	141	21313.0	 25.0	 32.0	3.000	 3.0	 0.0
1	2016	142	18147.0	 26.0	 30.0	3.000	 4.0	 4.0
1	2016	143	14500.0	 26.0	 30.0	3.000	 4.0	 5.0
1	2016	144	9744.0	 24.0	 28.0	3.000	 3.0	22.0
1	2016	145	11757.0	 25.0	 28.0	3.000	 2.0	 4.0
1	2016	146	14026.0	 25.0	 29.0	3.000	 2.0	 3.0
1	2016	147	18791.0	 25.0	 30.0	3.000	 2.0	 0.0
1	2016	148	19793.0	 25.0	 30.0	3.000	 3.0	 0.0
1	2016	149	16093.0	 25.0	 30.0	3.000	 3.0	 1.0
1	2016	150	15967.0	 25.0	 30.0	3.000	 4.0	 3.0
1	2016	151	16688.0	 25.0	 28.0	3.000	 2.0	 2.0
1	2016	152	18829.0	 24.0	 30.0	3.000	 2.0	 1.0
1	2016	153	20391.0	 25.0	 30.0	3.000	 2.0	 1.0
1	2016	154	18609.0	 25.0	 30.0	3.000	 2.0	 1.0
1	2016	155	14988.0	 25.0	 29.0	3.000	 2.0	 6.0
1	2016	156	17501.0	 24.0	 30.0	3.000	 2.0	 0.0
1	2016	157	18011.0	 25.0	 30.0	3.000	 3.0	 1.0
1	2016	158	16711.0	 25.0	 30.0	3.000	 3.0	 2.0
1	2016	159	17582.0	 25.0	 29.0	3.000	 2.0	 2.0
1	2016	160	10535.0	 24.0	 29.0	3.000	 2.0	 1.0
1	2016	161	17135.0	 25.0	 29.0	3.000	 3.0	12.0
1	2016	162	4512.0	 24.0	 26.0	3.000	 3.0	73.0
1	2016	163	15955.0	 24.0	 29.0	3.000	 4.0	 8.0
1	2016	164	11183.0	 24.0	 29.0	3.000	 4.0	39.0
1	2016	165	9119.0	 24.0	 27.0	3.000	 4.0	 8.0
1	2016	166	14128.0	 24.0	 28.0	3.000	 4.0	 2.0
1	2016	167	16543.0	 24.0	 29.0	3.000	 4.0	11.0
1	2016	168	7180.0	 23.0	 26.0	3.000	 3.0	52.0
1	2016	169	20256.0	 24.0	 29.0	3.000	 3.0	 1.0
1	2016	170	12469.0	 24.0	 29.0	3.000	 3.0	 0.0
1	2016	171	15829.0	 25.0	 29.0	3.000	 4.0	 4.0
1	2016	172	14276.0	 24.0	 27.0	3.000	 4.0	 6.0
1	2016	173	19606.0	 23.0	 28.0	3.000	 3.0	 1.0
1	2016	174	19120.0	 24.0	 28.0	3.000	 3.0	 1.0
1	2016	175	18371.0	 23.0	 28.0	3.000	 3.0	 0.0
1	2016	176	16088.0	 23.0	 28.0	3.000	 4.0	 1.0
1	2016	177	18641.0	 24.0	 28.0	3.000	 4.0	 1.0
1	2016	178	18765.0	 23.0	 29.0	3.000	 3.0	 0.0
1	2016	179	14349.0	 24.0	 29.0	3.000	 4.0	 2.0
1	2016	180	14016.0	 24.0	 28.0	3.000	 4.0	 2.0
1	2016	181	14107.0	 24.0	 28.0	3.000	 4.0	 1.0
1	2016	182	17557.0	 24.0	 29.0	3.000	 4.0	 1.0
1	2016	183	17998.0	 24.0	 29.0	3.000	 3.0	 1.0
1	2016	184	19199.0	 24.0	 28.0	3.000	 3.0	 1.0
1	2016	185	17720.0	 24.0	 28.0	3.000	 3.0	 1.0
1	2016	186	18791.0	 24.0	 28.0	3.000	 4.0	 1.0
1	2016	187	17595.0	 24.0	 29.0	3.000	 3.0	 1.0
1	2016	188	19116.0	 24.0	 28.0	3.000	 3.0	 1.0
1	2016	189	17565.0	 24.0	 28.0	3.000	 4.0	 1.0
1	2016	190	16493.0	 24.0	 28.0	3.000	 4.0	 1.0
1	2016	191	15424.0	 24.0	 28.0	3.000	 4.0	 1.0
1	2016	192	18382.0	 24.0	 28.0	3.000	 5.0	 1.0
1	2016	193	18846.0	 24.0	 28.0	3.000	 4.0	 1.0
1	2016	194	21083.0	 23.0	 29.0	3.000	 4.0	 0.0
1	2016	195	16749.0	 23.0	 29.0	3.000	 4.0	 0.0
1	2016	196	11823.0	 23.0	 27.0	3.000	 4.0	 1.0
1	2016	197	19213.0	 23.0	 28.0	3.000	 4.0	 1.0
1	2016	198	17329.0	 23.0	 28.0	3.000	 4.0	 2.0
1	2016	199	15405.0	 23.0	 27.0	3.000	 4.0	 1.0
1	2016	200	18694.0	 23.0	 27.0	3.000	 3.0	 1.0
1	2016	201	19275.0	 23.0	 28.0	3.000	 3.0	 0.0
1	2016	202	14231.0	 24.0	 27.0	3.000	 4.0	 1.0
1	2016	203	20625.0	 23.0	 29.0	3.000	 4.0	 1.0
1	2016	204	15586.0	 23.0	 28.0	3.000	 4.0	 1.0
1	2016	205	11108.0	 23.0	 27.0	3.000	 4.0	 1.0
1	2016	206	6305.0	 23.0	 26.0	3.000	 3.0	16.0
1	2016	207	17009.0	 22.0	 27.0	3.000	 4.0	 7.0
1	2016	208	12996.0	 23.0	 27.0	3.000	 3.0	 1.0
1	2016	209	18310.0	 23.0	 27.0	3.000	 3.0	 0.0
1	2016	210	17322.0	 23.0	 27.0	3.000	 3.0	 1.0
1	2016	211	19120.0	 23.0	 27.0	3.000	 3.0	 1.0
1	2016	212	18525.0	 23.0	 27.0	3.000	 3.0	 1.0
1	2016	213	13723.0	 23.0	 26.0	3.000	 4.0	 4.0
1	2016	214	13853.0	 23.0	 27.0	3.000	 4.0	 1.0
1	2016	215	11605.0	 23.0	 26.0	3.000	 4.0	 0.0
1	2016	216	14454.0	 23.0	 27.0	3.000	 4.0	 2.0
1	2016	217	15409.0	 23.0	 27.0	3.000	 4.0	 0.0
1	2016	218	18917.0	 23.0	 28.0	3.000	 4.0	 0.0
1	2016	219	11954.0	 23.0	 27.0	3.000	 3.0	 6.0
1	2016	220	19266.0	 23.0	 28.0	3.000	 4.0	 1.0
1	2016	221	16138.0	 23.0	 27.0	3.000	 4.0	 2.0
1	2016	222	18226.0	 23.0	 27.0	3.000	 4.0	 2.0
1	2016	223	18812.0	 23.0	 28.0	3.000	 3.0	 0.0
1	2016	224	18303.0	 23.0	 28.0	3.000	 3.0	 1.0
1	2016	225	18230.0	 23.0	 28.0	3.000	 3.0	 2.0
1	2016	226	20009.0	 23.0	 28.0	3.000	 4.0	 1.0
1	2016	227	13296.0	 23.0	 27.0	3.000	 4.0	 1.0
1	2016	228	13638.0	 23.0	 27.0	3.000	 4.0	 3.0
1	2016	229	8155.0	 23.0	 26.0	3.000	 4.0	 1.0
1	2016	230	18172.0	 22.0	 28.0	3.000	 3.0	 1.0
1	2016	231	17741.0	 23.0	 28.0	3.000	 3.0	 0.0
1	2016	232	16713.0	 23.0	 28.0	3.000	 3.0	 1.0
1	2016	233	14313.0	 23.0	 28.0	3.000	 3.0	 1.0
1	2016	234	19121.0	 23.0	 28.0	3.000	 4.0	 3.0
1	2016	235	18532.0	 24.0	 28.0	3.000	 4.0	 0.0
1	2016	236	15283.0	 24.0	 29.0	3.000	 3.0	 1.0
1	2016	237	18186.0	 24.0	 28.0	3.000	 4.0	 1.0
1	2016	238	17635.0	 24.0	 29.0	3.000	 4.0	 1.0
1	2016	239	18763.0	 24.0	 30.0	3.000	 4.0	 1.0
1	2016	240	14952.0	 24.0	 28.0	3.000	 4.0	 1.0
1	2016	241	13485.0	 24.0	 27.0	3.000	 4.0	 0.0
1	2016	242	15507.0	 23.0	 27.0	3.000	 2.0	 2.0
1	2016	243	11029.0	 23.0	 26.0	3.000	 1.0	 6.0
1	2016	244	20909.0	 23.0	 28.0	3.000	 3.0	 1.0
1	2016	245	17917.0	 23.0	 28.0	3.000	 3.0	 0.0
1	2016	246	15482.0	 23.0	 28.0	3.000	 3.0	 2.0
1	2016	247	17111.0	 24.0	 28.0	3.000	 3.0	 0.0
1	2016	248	20561.0	 24.0	 29.0	3.000	 3.0	 1.0
1	2016	249	18014.0	 24.0	 28.0	3.000	 4.0	 2.0
1	2016	250	14436.0	 24.0	 28.0	3.000	 2.0	 1.0
1	2016	251	16060.0	 24.0	 29.0	3.000	 3.0	 1.0
1	2016	252	20652.0	 24.0	 29.0	3.000	 3.0	 1.0
1	2016	253	17216.0	 24.0	 29.0	3.000	 3.0	 1.0
1	2016	254	11844.0	 24.0	 28.0	3.000	 3.0	 2.0
1	2016	255	12827.0	 23.0	 28.0	3.000	 3.0	 7.0
1	2016	256	18063.0	 23.0	 30.0	3.000	 3.0	 3.0
1	2016	257	17730.0	 24.0	 29.0	3.000	 3.0	 2.0
1	2016	258	7351.0	 24.0	 26.0	3.000	 4.0	 7.0
1	2016	259	17502.0	 24.0	 28.0	3.000	 3.0	 3.0
1	2016	260	20732.0	 23.0	 29.0	3.000	 2.0	 1.0
1	2016	261	17656.0	 23.0	 30.0	3.000	 2.0	 1.0
1	2016	262	20792.0	 24.0	 28.0	3.000	 3.0	 1.0
1	2016	263	22592.0	 24.0	 30.0	3.000	 3.0	 0.0
1	2016	264	12583.0	 24.0	 28.0	3.000	 2.0	16.0
1	2016	265	12509.0	 23.0	 27.0	3.000	 2.0	15.0
1	2016	266	17954.0	 24.0	 28.0	3.000	 3.0	 1.0
1	2016	267	20017.0	 24.0	 30.0	3.000	 2.0	 2.0
1	2016	268	14751.0	 24.0	 29.0	3.000	 3.0	 4.0
1	2016	269	7912.0	 24.0	 27.0	3.000	 3.0	 5.0
1	2016	270	10797.0	 24.0	 27.0	3.000	 2.0	 5.0
1	2016	271	19688.0	 23.0	 30.0	3.000	 2.0	 2.0
1	2016	272	19541.0	 24.0	 29.0	3.000	 2.0	 1.0
1	2016	273	18772.0	 24.0	 29.0	3.000	 2.0	 4.0
1	2016	274	15640.0	 24.0	 29.0	3.000	 2.0	 6.0
1	2016	275	15843.0	 24.0	 30.0	3.000	 2.0	10.0
1	2016	276	4750.0	 23.0	 25.0	3.000	 2.0	49.0
1	2016	277	16232.0	 23.0	 29.0	3.000	 3.0	 4.0
1	2016	278	21619.0	 24.0	 30.0	3.000	 2.0	 1.0
1	2016	279	20629.0	 25.0	 29.0	3.000	 3.0	 1.0
1	2016	280	19255.0	 25.0	 29.0	3.000	 2.0	 0.0
1	2016	281	20463.0	 25.0	 29.0	3.000	 3.0	 3.0
1	2016	282	15471.0	 24.0	 28.0	3.000	 2.0	 9.0
1	2016	283	13037.0	 24.0	 28.0	3.000	 2.0	 2.0
1	2016	284	11904.0	 24.0	 29.0	3.000	 2.0	 2.0
1	2016	285	17398.0	 24.0	 29.0	3.000	 2.0	 5.0
1	2016	286	18179.0	 24.0	 28.0	3.000	 2.0	 3.0
1	2016	287	20865.0	 24.0	 30.0	3.000	 2.0	 1.0
1	2016	288	19897.0	 25.0	 30.0	3.000	 3.0	 2.0
1	2016	289	16274.0	 24.0	 29.0	3.000	 2.0	 6.0
1	2016	290	22047.0	 25.0	 31.0	3.000	 1.0	 6.0
1	2016	291	19963.0	 25.0	 30.0	3.000	 2.0	 1.0
1	2016	292	18723.0	 25.0	 29.0	3.000	 3.0	 1.0
1	2016	293	18724.0	 24.0	 29.0	3.000	 2.0	 1.0
1	2016	294	20188.0	 25.0	 30.0	3.000	 1.0	 0.0
1	2016	295	20242.0	 25.0	 30.0	3.000	 2.0	 3.0
1	2016	296	17043.0	 24.0	 29.0	3.000	 2.0	 5.0
1	2016	297	21493.0	 24.0	 30.0	3.000	 1.0	 0.0
1	2016	298	21582.0	 25.0	 30.0	3.000	 2.0	 0.0
1	2016	299	21804.0	 25.0	 31.0	3.000	 2.0	 0.0
1	2016	300	19127.0	 25.0	 30.0	3.000	 3.0	 2.0
1	2016	301	23042.0	 25.0	 31.0	3.000	 2.0	 0.0
1	2016	302	19209.0	 26.0	 30.0	3.000	 3.0	 1.0
1	2016	303	17280.0	 25.0	 29.0	3.000	 3.0	 2.0
1	2016	304	19651.0	 23.0	 30.0	3.000	 2.0	 5.0
1	2016	305	19946.0	 24.0	 30.0	3.000	 1.0	 1.0
1	2016	306	21461.0	 25.0	 31.0	3.000	 1.0	 3.0
1	2016	307	18277.0	 25.0	 30.0	3.000	 3.0	 1.0
1	2016	308	21631.0	 25.0	 31.0	3.000	 2.0	 2.0
1	2016	309	19437.0	 24.0	 30.0	3.000	 1.0	 1.0
1	2016	310	19250.0	 25.0	 30.0	3.000	 1.0	 4.0
1	2016	311	18478.0	 25.0	 30.0	3.000	 2.0	 1.0
1	2016	312	17507.0	 25.0	 30.0	3.000	 2.0	 1.0
1	2016	313	16715.0	 25.0	 30.0	3.000	 1.0	 1.0
1	2016	314	21136.0	 25.0	 32.0	3.000	 1.0	 0.0
1	2016	315	21225.0	 26.0	 32.0	3.000	 3.0	 0.0
1	2016	316	20922.0	 26.0	 31.0	3.000	 4.0	 0.0
1	2016	317	18555.0	 25.0	 30.0	3.000	 2.0	 1.0
1	2016	318	21069.0	 25.0	 32.0	3.000	 1.0	 0.0
1	2016	319	20412.0	 25.0	 32.0	3.000	 2.0	 0.0
1	2016	320	20841.0	 25.0	 32.0	3.000	 2.0	 0.0
1	2016	321	20531.0	 26.0	 31.0	3.000	 2.0	 2.0
1	2016	322	20602.0	 26.0	 32.0	3.000	 2.0	 0.0
1	2016	323	17649.0	 26.0	 31.0	3.000	 2.0	 1.0
1	2016	324	17508.0	 25.0	 32.0	3.000	 2.0	 1.0
1	2016	325	19866.0	 25.0	 32.0	3.000	 2.0	 1.0
1	2016	326	19468.0	 26.0	 32.0	3.000	 3.0	 5.0
1	2016	327	17728.0	 25.0	 32.0	3.000	 3.0	 1.0
1	2016	328	16268.0	 25.0	 30.0	3.000	 2.0	 3.0
1	2016	329	19083.0	 25.0	 31.0	3.000	 2.0	 1.0
1	2016	330	19693.0	 26.0	 32.0	3.000	 2.0	 2.0
1	2016	331	16897.0	 26.0	 31.0	3.000	 3.0	 1.0
1	2016	332	17069.0	 26.0	 31.0	3.000	 3.0	 1.0
1	2016	333	18196.0	 25.0	 31.0	3.000	 3.0	 1.0
1	2016	334	17997.0	 25.0	 32.0	3.000	 3.0	 0.0
1	2016	335	19201.0	 26.0	 32.0	3.000	 3.0	 1.0
1	2016	336	17865.0	 26.0	 31.0	3.000	 3.0	 1.0
1	2016	337	18821.0	 25.0	 32.0	3.000	 2.0	 2.0
1	2016	338	17465.0	 26.0	 31.0	3.000	 2.0	 1.0
1	2016	339	19883.0	 25.0	 32.0	3.000	 2.0	 0.0
1	2016	340	18839.0	 26.0	 31.0	3.000	 2.0	 1.0
1	2016	341	19385.0	 25.0	 31.0	3.000	 2.0	 0.0
1	2016	342	19164.0	 26.0	 32.0	3.000	 2.0	 0.0
1	2016	343	18959.0	 26.0	 32.0	3.000	 2.0	 1.0
1	2016	344	18168.0	 26.0	 32.0	3.000	 2.0	 0.0
1	2016	345	17944.0	 26.0	 32.0	3.000	 2.0	 1.0
1	2016	346	15395.0	 26.0	 31.0	3.000	 2.0	 6.0
1	2016	347	18338.0	 25.0	 31.0	3.000	 2.0	 1.0
1	2016	348	20132.0	 25.0	 32.0	3.000	 2.0	 0.0
1	2016	349	17960.0	 26.0	 32.0	3.000	 3.0	 1.0
1	2016	350	16072.0	 25.0	 31.0	3.000	 2.0	 2.0
1	2016	351	19165.0	 24.0	 31.0	3.000	 2.0	 0.0
1	2016	352	19189.0	 25.0	 32.0	3.000	 2.0	 0.0
1	2016	353	18634.0	 26.0	 32.0	3.000	 2.0	 1.0
1	2016	354	18080.0	 25.0	 31.0	3.000	 3.0	 1.0
1	2016	355	19356.0	 25.0	 32.0	3.000	 2.0	 0.0
1	2016	356	18760.0	 26.0	 32.0	3.000	 2.0	 0.0
1	2016	357	20450.0	 25.0	 34.0	3.000	 2.0	 0.0
1	2016	358	21036.0	 25.0	 34.0	3.000	 3.0	 0.0
1	2016	359	19666.0	 26.0	 33.0	3.000	 3.0	 0.0
1	2016	360	19568.0	 26.0	 33.0	3.000	 2.0	 0.0
1	2016	361	18824.0	 26.0	 33.0	3.000	 2.0	 0.0
1	2016	362	19105.0	 25.0	 32.0	2.000	 1.0	 0.0
1	2016	363	20441.0	 25.0	 33.0	2.000	 1.0	 0.0
1	2016	364	21757.0	 24.0	 33.0	2.000	 1.0	 0.0
1	2016	365	22008.0	 23.0	 33.0	3.000	 1.0	 0.0
1	2016	366	22012.0	 24.0	 33.0	3.000	 1.0	 0.0
