*---------------------------------------------------
* Station: Greater_Accra
* Year: 2015
* Origin: ERA5-Reanalysis
* Columns & units
* ===================
* 1. station number
* 2. year
* 3. Day of Year
* 4. Irradiance   (kJ路m-2路d-1)
* 5. Daily minimum temperature (degC)
* 6. Daily maximum temperature (degC)
* 7. Vapour pressure (kPa)
* 8. Mean wind speed (m路s-1)
* 9. Precipitation (mm路d-1)
** WCCDESCRIPTION=Greater_Accra
** WCCFORMAT=2
** WCCYEARNR=2015
*------------------------------------------------------------*
0.05  5.81  23.00 -0.18  -0.55
1	2015	1	20393.0	 24.0	 34.0	2.000	 1.0	 0.0
1	2015	2	22247.0	 23.0	 33.0	2.000	 2.0	 0.0
1	2015	3	17899.0	 24.0	 31.0	3.000	 2.0	 0.0
1	2015	4	20593.0	 24.0	 32.0	3.000	 1.0	 0.0
1	2015	5	21139.0	 22.0	 32.0	2.000	 1.0	 0.0
1	2015	6	22704.0	 20.0	 32.0	2.000	 1.0	 0.0
1	2015	7	22451.0	 22.0	 32.0	2.000	 1.0	 0.0
1	2015	8	22280.0	 23.0	 32.0	2.000	 1.0	 0.0
1	2015	9	22509.0	 22.0	 32.0	2.000	 1.0	 0.0
1	2015	10	23045.0	 21.0	 32.0	2.000	 1.0	 0.0
1	2015	11	23354.0	 20.0	 32.0	2.000	 2.0	 0.0
1	2015	12	23261.0	 21.0	 33.0	2.000	 1.0	 0.0
1	2015	13	23668.0	 20.0	 32.0	2.000	 1.0	 0.0
1	2015	14	23246.0	 20.0	 31.0	2.000	 1.0	 0.0
1	2015	15	22924.0	 20.0	 32.0	2.000	 1.0	 0.0
1	2015	16	21799.0	 22.0	 33.0	2.000	 2.0	 0.0
1	2015	17	21248.0	 24.0	 32.0	3.000	 2.0	 0.0
1	2015	18	20699.0	 24.0	 32.0	3.000	 3.0	 0.0
1	2015	19	20555.0	 25.0	 33.0	3.000	 3.0	 1.0
1	2015	20	18751.0	 25.0	 32.0	3.000	 3.0	 1.0
1	2015	21	19759.0	 25.0	 32.0	3.000	 3.0	 1.0
1	2015	22	20413.0	 25.0	 32.0	3.000	 2.0	 0.0
1	2015	23	20329.0	 25.0	 34.0	3.000	 3.0	 0.0
1	2015	24	18675.0	 26.0	 31.0	3.000	 4.0	 1.0
1	2015	25	17071.0	 26.0	 31.0	3.000	 4.0	 2.0
1	2015	26	18063.0	 25.0	 31.0	3.000	 3.0	 3.0
1	2015	27	21113.0	 25.0	 33.0	3.000	 3.0	 0.0
1	2015	28	20319.0	 26.0	 33.0	3.000	 3.0	 0.0
1	2015	29	19910.0	 26.0	 32.0	3.000	 4.0	 0.0
1	2015	30	19373.0	 26.0	 32.0	3.000	 3.0	 3.0
1	2015	31	18353.0	 26.0	 32.0	3.000	 3.0	 7.0
1	2015	32	19204.0	 25.0	 32.0	3.000	 3.0	 4.0
1	2015	33	20097.0	 25.0	 32.0	3.000	 4.0	 2.0
1	2015	34	17346.0	 26.0	 31.0	3.000	 4.0	 1.0
1	2015	35	18308.0	 26.0	 31.0	3.000	 4.0	 0.0
1	2015	36	19114.0	 26.0	 32.0	3.000	 4.0	 1.0
1	2015	37	18875.0	 26.0	 31.0	3.000	 4.0	 0.0
1	2015	38	16415.0	 25.0	 31.0	3.000	 4.0	 1.0
1	2015	39	19198.0	 26.0	 32.0	3.000	 4.0	 0.0
1	2015	40	21349.0	 26.0	 33.0	3.000	 4.0	 0.0
1	2015	41	20586.0	 26.0	 32.0	3.000	 3.0	 0.0
1	2015	42	19184.0	 26.0	 33.0	3.000	 3.0	 1.0
1	2015	43	14974.0	 25.0	 31.0	3.000	 4.0	 1.0
1	2015	44	19434.0	 25.0	 32.0	3.000	 4.0	 0.0
1	2015	45	17859.0	 26.0	 31.0	3.000	 4.0	 0.0
1	2015	46	17778.0	 26.0	 31.0	3.000	 4.0	 1.0
1	2015	47	19881.0	 25.0	 32.0	3.000	 4.0	 1.0
1	2015	48	19987.0	 25.0	 33.0	3.000	 4.0	 2.0
1	2015	49	15331.0	 26.0	 30.0	3.000	 4.0	 1.0
1	2015	50	15331.0	 25.0	 30.0	3.000	 3.0	 3.0
1	2015	51	18475.0	 25.0	 31.0	3.000	 3.0	 1.0
1	2015	52	21220.0	 25.0	 32.0	3.000	 3.0	 0.0
1	2015	53	15505.0	 25.0	 31.0	3.000	 2.0	 4.0
1	2015	54	11750.0	 25.0	 30.0	3.000	 2.0	 0.0
1	2015	55	21310.0	 25.0	 32.0	3.000	 2.0	 1.0
1	2015	56	22719.0	 25.0	 33.0	3.000	 3.0	 1.0
1	2015	57	22097.0	 26.0	 33.0	3.000	 4.0	 0.0
1	2015	58	17986.0	 26.0	 31.0	3.000	 2.0	 1.0
1	2015	59	20146.0	 26.0	 31.0	3.000	 2.0	 1.0
1	2015	60	23312.0	 26.0	 34.0	3.000	 2.0	 0.0
1	2015	61	22646.0	 26.0	 34.0	3.000	 3.0	 0.0
1	2015	62	21682.0	 26.0	 33.0	3.000	 3.0	 1.0
1	2015	63	19051.0	 26.0	 31.0	3.000	 3.0	 1.0
1	2015	64	21621.0	 26.0	 32.0	3.000	 2.0	 0.0
1	2015	65	20997.0	 26.0	 33.0	3.000	 3.0	 0.0
1	2015	66	19665.0	 26.0	 32.0	3.000	 3.0	 0.0
1	2015	67	20354.0	 26.0	 32.0	3.000	 4.0	 0.0
1	2015	68	20640.0	 26.0	 33.0	3.000	 4.0	 1.0
1	2015	69	21306.0	 27.0	 33.0	3.000	 4.0	 1.0
1	2015	70	20756.0	 27.0	 33.0	3.000	 3.0	 1.0
1	2015	71	20202.0	 27.0	 33.0	3.000	 3.0	 0.0
1	2015	72	19737.0	 26.0	 32.0	3.000	 3.0	 1.0
1	2015	73	19417.0	 26.0	 33.0	3.000	 3.0	 1.0
1	2015	74	19571.0	 26.0	 33.0	3.000	 4.0	 1.0
1	2015	75	17817.0	 27.0	 32.0	3.000	 3.0	 2.0
1	2015	76	17359.0	 26.0	 32.0	3.000	 3.0	 9.0
1	2015	77	21727.0	 25.0	 33.0	3.000	 2.0	 2.0
1	2015	78	21319.0	 27.0	 32.0	3.000	 3.0	 0.0
1	2015	79	18487.0	 26.0	 31.0	3.000	 4.0	 2.0
1	2015	80	20591.0	 26.0	 32.0	3.000	 3.0	 2.0
1	2015	81	16632.0	 25.0	 31.0	3.000	 3.0	 0.0
1	2015	82	24527.0	 26.0	 34.0	3.000	 3.0	 0.0
1	2015	83	22009.0	 26.0	 33.0	3.000	 4.0	 1.0
1	2015	84	12661.0	 26.0	 31.0	3.000	 3.0	 5.0
1	2015	85	18675.0	 26.0	 31.0	3.000	 2.0	 3.0
1	2015	86	20860.0	 26.0	 33.0	3.000	 3.0	 3.0
1	2015	87	13913.0	 26.0	 31.0	3.000	 4.0	 1.0
1	2015	88	22532.0	 26.0	 33.0	3.000	 4.0	 0.0
1	2015	89	18168.0	 25.0	 31.0	3.000	 4.0	 1.0
1	2015	90	19792.0	 25.0	 31.0	3.000	 2.0	15.0
1	2015	91	14772.0	 25.0	 29.0	3.000	 1.0	 1.0
1	2015	92	20037.0	 25.0	 31.0	3.000	 1.0	 0.0
1	2015	93	17171.0	 25.0	 31.0	3.000	 3.0	 1.0
1	2015	94	21766.0	 26.0	 31.0	3.000	 4.0	 0.0
1	2015	95	19495.0	 25.0	 30.0	3.000	 4.0	 2.0
1	2015	96	21807.0	 25.0	 31.0	3.000	 3.0	 0.0
1	2015	97	22314.0	 25.0	 32.0	3.000	 3.0	 0.0
1	2015	98	20546.0	 26.0	 32.0	3.000	 3.0	 6.0
1	2015	99	18553.0	 25.0	 31.0	3.000	 3.0	 1.0
1	2015	100	20002.0	 26.0	 32.0	3.000	 3.0	 6.0
1	2015	101	18587.0	 26.0	 31.0	3.000	 3.0	 7.0
1	2015	102	6575.0	 25.0	 28.0	3.000	 1.0	 8.0
1	2015	103	22378.0	 24.0	 31.0	3.000	 1.0	 0.0
1	2015	104	22057.0	 25.0	 32.0	3.000	 2.0	 1.0
1	2015	105	23088.0	 26.0	 32.0	3.000	 3.0	 2.0
1	2015	106	23393.0	 26.0	 32.0	3.000	 3.0	 0.0
1	2015	107	22176.0	 26.0	 32.0	3.000	 3.0	 1.0
1	2015	108	21402.0	 26.0	 32.0	3.000	 3.0	 0.0
1	2015	109	22128.0	 26.0	 31.0	3.000	 3.0	 1.0
1	2015	110	22339.0	 26.0	 32.0	3.000	 3.0	 1.0
1	2015	111	21490.0	 26.0	 32.0	3.000	 3.0	 1.0
1	2015	112	21806.0	 26.0	 32.0	3.000	 3.0	 1.0
1	2015	113	24973.0	 25.0	 33.0	3.000	 4.0	 0.0
1	2015	114	18901.0	 26.0	 32.0	3.000	 4.0	 2.0
1	2015	115	16878.0	 25.0	 32.0	3.000	 3.0	 2.0
1	2015	116	22542.0	 26.0	 32.0	3.000	 3.0	 0.0
1	2015	117	24235.0	 26.0	 33.0	3.000	 2.0	 0.0
1	2015	118	19358.0	 26.0	 33.0	3.000	 4.0	 0.0
1	2015	119	20729.0	 26.0	 33.0	3.000	 4.0	 0.0
1	2015	120	22726.0	 26.0	 33.0	3.000	 3.0	 0.0
1	2015	121	20451.0	 26.0	 32.0	3.000	 3.0	 1.0
1	2015	122	20356.0	 26.0	 33.0	3.000	 3.0	 1.0
1	2015	123	21081.0	 26.0	 32.0	3.000	 3.0	 8.0
1	2015	124	16146.0	 25.0	 32.0	3.000	 2.0	 6.0
1	2015	125	12691.0	 25.0	 29.0	3.000	 2.0	 6.0
1	2015	126	19869.0	 25.0	 31.0	3.000	 3.0	 1.0
1	2015	127	22350.0	 25.0	 32.0	3.000	 4.0	 0.0
1	2015	128	20651.0	 26.0	 31.0	3.000	 4.0	 1.0
1	2015	129	21414.0	 26.0	 31.0	3.000	 3.0	 1.0
1	2015	130	21930.0	 26.0	 32.0	3.000	 3.0	 0.0
1	2015	131	20244.0	 26.0	 32.0	3.000	 3.0	 1.0
1	2015	132	20220.0	 26.0	 31.0	3.000	 3.0	 3.0
1	2015	133	20971.0	 26.0	 33.0	3.000	 3.0	 0.0
1	2015	134	17152.0	 26.0	 32.0	3.000	 3.0	 2.0
1	2015	135	13720.0	 25.0	 30.0	3.000	 1.0	 6.0
1	2015	136	23644.0	 25.0	 33.0	3.000	 2.0	 0.0
1	2015	137	20378.0	 26.0	 32.0	3.000	 3.0	 1.0
1	2015	138	20767.0	 26.0	 32.0	3.000	 3.0	 0.0
1	2015	139	16248.0	 26.0	 31.0	3.000	 3.0	 1.0
1	2015	140	20081.0	 25.0	 31.0	3.000	 2.0	 1.0
1	2015	141	22209.0	 26.0	 32.0	3.000	 3.0	 1.0
1	2015	142	15120.0	 26.0	 31.0	3.000	 3.0	 7.0
1	2015	143	9134.0	 25.0	 29.0	3.000	 3.0	22.0
1	2015	144	18275.0	 24.0	 30.0	3.000	 2.0	 7.0
1	2015	145	19792.0	 25.0	 30.0	3.000	 3.0	 0.0
1	2015	146	19750.0	 26.0	 30.0	3.000	 3.0	 3.0
1	2015	147	14418.0	 25.0	 29.0	3.000	 3.0	 6.0
1	2015	148	11768.0	 24.0	 28.0	3.000	 2.0	 5.0
1	2015	149	13512.0	 24.0	 29.0	3.000	 2.0	 8.0
1	2015	150	19045.0	 25.0	 30.0	3.000	 3.0	 1.0
1	2015	151	5006.0	 25.0	 27.0	3.000	 3.0	35.0
1	2015	152	16110.0	 25.0	 29.0	3.000	 3.0	 5.0
1	2015	153	15235.0	 24.0	 28.0	3.000	 2.0	 4.0
1	2015	154	13794.0	 24.0	 28.0	3.000	 2.0	12.0
1	2015	155	8994.0	 24.0	 28.0	3.000	 3.0	15.0
1	2015	156	13244.0	 24.0	 29.0	3.000	 3.0	 4.0
1	2015	157	10327.0	 24.0	 27.0	3.000	 2.0	 3.0
1	2015	158	10399.0	 24.0	 28.0	3.000	 3.0	 2.0
1	2015	159	12832.0	 24.0	 28.0	3.000	 3.0	 6.0
1	2015	160	7550.0	 24.0	 27.0	3.000	 3.0	 5.0
1	2015	161	18098.0	 24.0	 28.0	3.000	 3.0	23.0
1	2015	162	18425.0	 24.0	 29.0	3.000	 3.0	 0.0
1	2015	163	15950.0	 24.0	 29.0	3.000	 3.0	 1.0
1	2015	164	15590.0	 24.0	 28.0	3.000	 4.0	 1.0
1	2015	165	13416.0	 24.0	 27.0	3.000	 2.0	12.0
1	2015	166	12699.0	 24.0	 28.0	3.000	 3.0	 3.0
1	2015	167	14858.0	 24.0	 28.0	3.000	 4.0	 1.0
1	2015	168	15130.0	 24.0	 28.0	3.000	 4.0	 0.0
1	2015	169	15238.0	 24.0	 28.0	3.000	 4.0	 1.0
1	2015	170	18978.0	 24.0	 29.0	3.000	 4.0	 1.0
1	2015	171	17266.0	 24.0	 28.0	3.000	 4.0	 1.0
1	2015	172	6978.0	 24.0	 26.0	3.000	 4.0	 2.0
1	2015	173	8284.0	 24.0	 26.0	3.000	 4.0	 2.0
1	2015	174	16888.0	 24.0	 28.0	3.000	 4.0	 1.0
1	2015	175	18564.0	 24.0	 28.0	3.000	 4.0	 1.0
1	2015	176	17341.0	 24.0	 28.0	3.000	 4.0	 0.0
1	2015	177	9366.0	 24.0	 27.0	3.000	 4.0	 1.0
1	2015	178	16039.0	 24.0	 28.0	3.000	 4.0	 1.0
1	2015	179	6970.0	 24.0	 26.0	3.000	 3.0	14.0
1	2015	180	8610.0	 24.0	 27.0	3.000	 3.0	 3.0
1	2015	181	13677.0	 24.0	 27.0	3.000	 3.0	 3.0
1	2015	182	17728.0	 24.0	 28.0	3.000	 3.0	 1.0
1	2015	183	16347.0	 24.0	 28.0	3.000	 4.0	 2.0
1	2015	184	3471.0	 24.0	 25.0	3.000	 3.0	83.0
1	2015	185	14626.0	 24.0	 27.0	3.000	 3.0	 1.0
1	2015	186	19219.0	 24.0	 29.0	3.000	 3.0	 0.0
1	2015	187	19061.0	 24.0	 28.0	3.000	 3.0	 0.0
1	2015	188	20233.0	 23.0	 28.0	3.000	 2.0	 1.0
1	2015	189	19901.0	 24.0	 28.0	3.000	 3.0	 1.0
1	2015	190	18340.0	 24.0	 28.0	3.000	 3.0	 1.0
1	2015	191	14675.0	 24.0	 29.0	3.000	 2.0	15.0
1	2015	192	18627.0	 23.0	 30.0	3.000	 2.0	 0.0
1	2015	193	16423.0	 24.0	 28.0	3.000	 3.0	 4.0
1	2015	194	17499.0	 23.0	 28.0	3.000	 3.0	 1.0
1	2015	195	16821.0	 23.0	 28.0	3.000	 3.0	 1.0
1	2015	196	16568.0	 24.0	 28.0	3.000	 4.0	 3.0
1	2015	197	3423.0	 23.0	 25.0	3.000	 3.0	28.0
1	2015	198	16813.0	 22.0	 28.0	3.000	 2.0	 1.0
1	2015	199	15309.0	 24.0	 28.0	3.000	 4.0	 1.0
1	2015	200	17089.0	 24.0	 28.0	3.000	 4.0	 1.0
1	2015	201	16100.0	 24.0	 27.0	3.000	 5.0	 1.0
1	2015	202	12232.0	 23.0	 26.0	3.000	 4.0	 1.0
1	2015	203	18695.0	 23.0	 27.0	3.000	 4.0	 1.0
1	2015	204	18390.0	 23.0	 27.0	3.000	 4.0	 1.0
1	2015	205	12245.0	 23.0	 26.0	3.000	 4.0	 1.0
1	2015	206	17657.0	 23.0	 26.0	3.000	 4.0	 0.0
1	2015	207	16300.0	 23.0	 27.0	3.000	 4.0	 0.0
1	2015	208	15069.0	 23.0	 27.0	3.000	 4.0	 1.0
1	2015	209	17114.0	 23.0	 26.0	3.000	 5.0	 0.0
1	2015	210	16687.0	 22.0	 26.0	3.000	 4.0	 1.0
1	2015	211	11048.0	 22.0	 26.0	3.000	 4.0	 0.0
1	2015	212	17597.0	 22.0	 27.0	3.000	 4.0	 0.0
1	2015	213	18859.0	 23.0	 27.0	3.000	 4.0	 0.0
1	2015	214	17909.0	 23.0	 27.0	3.000	 3.0	 1.0
1	2015	215	20108.0	 23.0	 27.0	3.000	 4.0	 1.0
1	2015	216	14727.0	 23.0	 26.0	3.000	 4.0	 2.0
1	2015	217	9721.0	 23.0	 27.0	3.000	 3.0	 0.0
1	2015	218	17563.0	 23.0	 28.0	3.000	 3.0	 0.0
1	2015	219	17334.0	 23.0	 28.0	3.000	 4.0	 2.0
1	2015	220	17764.0	 23.0	 27.0	3.000	 3.0	 1.0
1	2015	221	17602.0	 23.0	 28.0	3.000	 3.0	 0.0
1	2015	222	7947.0	 23.0	 26.0	3.000	 4.0	 5.0
1	2015	223	18468.0	 23.0	 27.0	3.000	 4.0	 1.0
1	2015	224	19631.0	 23.0	 29.0	3.000	 3.0	 1.0
1	2015	225	17685.0	 23.0	 29.0	3.000	 3.0	 1.0
1	2015	226	10903.0	 24.0	 27.0	3.000	 4.0	 0.0
1	2015	227	16684.0	 24.0	 27.0	3.000	 4.0	 1.0
1	2015	228	15283.0	 23.0	 28.0	3.000	 3.0	 1.0
1	2015	229	16453.0	 23.0	 28.0	3.000	 4.0	 0.0
1	2015	230	15630.0	 24.0	 27.0	3.000	 4.0	 1.0
1	2015	231	14624.0	 23.0	 27.0	3.000	 3.0	 2.0
1	2015	232	14551.0	 23.0	 28.0	3.000	 3.0	 3.0
1	2015	233	12591.0	 24.0	 27.0	3.000	 4.0	 1.0
1	2015	234	13065.0	 23.0	 27.0	3.000	 4.0	 0.0
1	2015	235	14922.0	 23.0	 29.0	3.000	 2.0	 0.0
1	2015	236	15536.0	 23.0	 28.0	3.000	 4.0	 4.0
1	2015	237	16573.0	 24.0	 28.0	3.000	 4.0	 1.0
1	2015	238	20309.0	 23.0	 29.0	3.000	 3.0	 0.0
1	2015	239	14840.0	 23.0	 27.0	3.000	 4.0	 1.0
1	2015	240	20886.0	 24.0	 28.0	3.000	 4.0	 1.0
1	2015	241	19880.0	 23.0	 27.0	3.000	 4.0	 1.0
1	2015	242	19594.0	 23.0	 28.0	3.000	 3.0	 1.0
1	2015	243	19335.0	 23.0	 28.0	3.000	 4.0	 1.0
1	2015	244	7342.0	 23.0	 25.0	3.000	 4.0	 4.0
1	2015	245	16669.0	 23.0	 27.0	3.000	 4.0	 1.0
1	2015	246	15388.0	 23.0	 27.0	3.000	 3.0	 1.0
1	2015	247	18095.0	 23.0	 28.0	3.000	 3.0	 0.0
1	2015	248	14316.0	 24.0	 28.0	3.000	 4.0	 0.0
1	2015	249	14101.0	 23.0	 27.0	3.000	 4.0	 1.0
1	2015	250	17514.0	 23.0	 28.0	3.000	 3.0	 0.0
1	2015	251	15428.0	 23.0	 28.0	3.000	 4.0	 1.0
1	2015	252	18098.0	 24.0	 28.0	3.000	 3.0	 1.0
1	2015	253	16563.0	 23.0	 28.0	3.000	 3.0	 0.0
1	2015	254	18551.0	 23.0	 29.0	3.000	 2.0	 1.0
1	2015	255	20250.0	 23.0	 29.0	3.000	 3.0	 0.0
1	2015	256	17360.0	 23.0	 28.0	3.000	 4.0	 0.0
1	2015	257	16390.0	 23.0	 28.0	3.000	 4.0	 0.0
1	2015	258	14992.0	 24.0	 28.0	3.000	 4.0	 2.0
1	2015	259	18799.0	 23.0	 29.0	3.000	 4.0	 1.0
1	2015	260	15486.0	 24.0	 29.0	3.000	 3.0	 0.0
1	2015	261	19168.0	 23.0	 29.0	3.000	 4.0	 1.0
1	2015	262	16302.0	 24.0	 29.0	3.000	 3.0	 1.0
1	2015	263	17765.0	 23.0	 29.0	3.000	 3.0	 1.0
1	2015	264	16253.0	 23.0	 28.0	3.000	 2.0	 2.0
1	2015	265	17366.0	 23.0	 29.0	3.000	 3.0	 0.0
1	2015	266	20976.0	 24.0	 29.0	3.000	 3.0	 1.0
1	2015	267	17486.0	 24.0	 29.0	3.000	 3.0	 1.0
1	2015	268	13436.0	 24.0	 29.0	3.000	 3.0	 5.0
1	2015	269	18245.0	 24.0	 29.0	3.000	 3.0	 0.0
1	2015	270	19575.0	 24.0	 30.0	3.000	 3.0	 1.0
1	2015	271	17689.0	 24.0	 29.0	3.000	 3.0	 1.0
1	2015	272	18623.0	 24.0	 29.0	3.000	 4.0	 1.0
1	2015	273	14347.0	 24.0	 28.0	3.000	 3.0	 3.0
1	2015	274	14242.0	 24.0	 28.0	3.000	 3.0	 1.0
1	2015	275	19979.0	 24.0	 29.0	3.000	 3.0	 1.0
1	2015	276	16114.0	 24.0	 28.0	3.000	 4.0	 2.0
1	2015	277	18858.0	 24.0	 30.0	3.000	 3.0	 1.0
1	2015	278	18050.0	 24.0	 29.0	3.000	 3.0	 1.0
1	2015	279	17249.0	 24.0	 29.0	3.000	 3.0	 1.0
1	2015	280	15990.0	 24.0	 30.0	3.000	 2.0	17.0
1	2015	281	17077.0	 24.0	 29.0	3.000	 2.0	 2.0
1	2015	282	13000.0	 24.0	 28.0	3.000	 3.0	 3.0
1	2015	283	17734.0	 24.0	 29.0	3.000	 2.0	 1.0
1	2015	284	20597.0	 24.0	 29.0	3.000	 2.0	 1.0
1	2015	285	22367.0	 24.0	 30.0	3.000	 2.0	 0.0
1	2015	286	21324.0	 24.0	 30.0	3.000	 3.0	 1.0
1	2015	287	16769.0	 25.0	 29.0	3.000	 3.0	 2.0
1	2015	288	18927.0	 25.0	 29.0	3.000	 2.0	 1.0
1	2015	289	21423.0	 25.0	 31.0	3.000	 3.0	 1.0
1	2015	290	18652.0	 25.0	 29.0	3.000	 3.0	 2.0
1	2015	291	18352.0	 25.0	 30.0	3.000	 3.0	 1.0
1	2015	292	21532.0	 25.0	 30.0	3.000	 3.0	 1.0
1	2015	293	19355.0	 25.0	 30.0	3.000	 3.0	 2.0
1	2015	294	16052.0	 25.0	 29.0	3.000	 2.0	13.0
1	2015	295	16887.0	 24.0	 30.0	3.000	 2.0	 6.0
1	2015	296	19573.0	 25.0	 29.0	3.000	 3.0	 1.0
1	2015	297	20105.0	 25.0	 30.0	3.000	 3.0	 0.0
1	2015	298	17639.0	 25.0	 30.0	3.000	 3.0	 3.0
1	2015	299	21751.0	 24.0	 31.0	3.000	 2.0	 0.0
1	2015	300	19073.0	 25.0	 31.0	3.000	 2.0	 2.0
1	2015	301	18487.0	 24.0	 30.0	3.000	 2.0	 1.0
1	2015	302	19496.0	 24.0	 30.0	3.000	 3.0	 1.0
1	2015	303	19734.0	 25.0	 30.0	3.000	 2.0	 1.0
1	2015	304	15744.0	 24.0	 29.0	3.000	 2.0	14.0
1	2015	305	14092.0	 24.0	 28.0	3.000	 2.0	 2.0
1	2015	306	13993.0	 24.0	 30.0	3.000	 1.0	 1.0
1	2015	307	19729.0	 24.0	 30.0	3.000	 1.0	 0.0
1	2015	308	19667.0	 25.0	 30.0	3.000	 2.0	 0.0
1	2015	309	21084.0	 25.0	 30.0	3.000	 2.0	 2.0
1	2015	310	20571.0	 24.0	 30.0	3.000	 2.0	 2.0
1	2015	311	17535.0	 24.0	 29.0	3.000	 2.0	 4.0
1	2015	312	18168.0	 24.0	 30.0	3.000	 2.0	 1.0
1	2015	313	17306.0	 23.0	 29.0	3.000	 2.0	 2.0
1	2015	314	19138.0	 24.0	 30.0	3.000	 2.0	 0.0
1	2015	315	19869.0	 24.0	 31.0	3.000	 2.0	 3.0
1	2015	316	20455.0	 25.0	 31.0	3.000	 2.0	 1.0
1	2015	317	20031.0	 25.0	 31.0	3.000	 2.0	 1.0
1	2015	318	21184.0	 25.0	 32.0	3.000	 3.0	 0.0
1	2015	319	18645.0	 25.0	 31.0	3.000	 3.0	 0.0
1	2015	320	20554.0	 25.0	 31.0	3.000	 2.0	 1.0
1	2015	321	15601.0	 25.0	 30.0	3.000	 2.0	 3.0
1	2015	322	18738.0	 23.0	 30.0	3.000	 2.0	 0.0
1	2015	323	19990.0	 25.0	 30.0	3.000	 2.0	 1.0
1	2015	324	20030.0	 26.0	 31.0	3.000	 2.0	 1.0
1	2015	325	19667.0	 26.0	 31.0	3.000	 2.0	 2.0
1	2015	326	18382.0	 25.0	 31.0	3.000	 2.0	 3.0
1	2015	327	17855.0	 25.0	 31.0	3.000	 3.0	 3.0
1	2015	328	19187.0	 25.0	 31.0	3.000	 2.0	 1.0
1	2015	329	17303.0	 26.0	 31.0	3.000	 2.0	 2.0
1	2015	330	17666.0	 26.0	 31.0	3.000	 3.0	 2.0
1	2015	331	18892.0	 25.0	 31.0	3.000	 3.0	 1.0
1	2015	332	17502.0	 25.0	 31.0	3.000	 3.0	 0.0
1	2015	333	19557.0	 25.0	 32.0	3.000	 2.0	 0.0
1	2015	334	18585.0	 26.0	 32.0	3.000	 2.0	 1.0
1	2015	335	18737.0	 26.0	 32.0	3.000	 3.0	 1.0
1	2015	336	17977.0	 25.0	 31.0	3.000	 2.0	 2.0
1	2015	337	15336.0	 25.0	 30.0	3.000	 1.0	 3.0
1	2015	338	12974.0	 25.0	 31.0	3.000	 1.0	 0.0
1	2015	339	22176.0	 24.0	 32.0	3.000	 1.0	 0.0
1	2015	340	20492.0	 24.0	 33.0	3.000	 1.0	 0.0
1	2015	341	19208.0	 25.0	 32.0	3.000	 1.0	 0.0
1	2015	342	21466.0	 24.0	 33.0	3.000	 1.0	 0.0
1	2015	343	21619.0	 23.0	 31.0	3.000	 1.0	 0.0
1	2015	344	21753.0	 23.0	 33.0	3.000	 1.0	 0.0
1	2015	345	21844.0	 24.0	 34.0	3.000	 2.0	 0.0
1	2015	346	20607.0	 24.0	 32.0	3.000	 2.0	 0.0
1	2015	347	20117.0	 25.0	 33.0	3.000	 1.0	 0.0
1	2015	348	20243.0	 24.0	 32.0	3.000	 1.0	 0.0
1	2015	349	22142.0	 24.0	 33.0	3.000	 1.0	 0.0
1	2015	350	21809.0	 23.0	 33.0	2.000	 1.0	 0.0
1	2015	351	22200.0	 22.0	 33.0	2.000	 1.0	 0.0
1	2015	352	22026.0	 23.0	 33.0	2.000	 0.0	 0.0
1	2015	353	21777.0	 23.0	 33.0	2.000	 1.0	 0.0
1	2015	354	20939.0	 24.0	 33.0	2.000	 1.0	 0.0
1	2015	355	21916.0	 24.0	 34.0	2.000	 1.0	 0.0
1	2015	356	21445.0	 24.0	 34.0	2.000	 1.0	 0.0
1	2015	357	21989.0	 24.0	 33.0	2.000	 1.0	 0.0
1	2015	358	21770.0	 23.0	 33.0	2.000	 1.0	 0.0
1	2015	359	19723.0	 25.0	 34.0	2.000	 2.0	 0.0
1	2015	360	22400.0	 22.0	 33.0	2.000	 1.0	 0.0
1	2015	361	22330.0	 22.0	 33.0	2.000	 1.0	 0.0
1	2015	362	22325.0	 23.0	 34.0	2.000	 1.0	 0.0
1	2015	363	22379.0	 23.0	 34.0	2.000	 1.0	 0.0
1	2015	364	21592.0	 24.0	 33.0	3.000	 2.0	 0.0
1	2015	365	19025.0	 25.0	 32.0	3.000	 2.0	 0.0
