*---------------------------------------------------
* Station: Greater_Accra
* Year: 2011
* Origin: ERA5-Reanalysis
* Columns & units
* ===================
* 1. station number
* 2. year
* 3. Day of Year
* 4. Irradiance   (kJ路m-2路d-1)
* 5. Daily minimum temperature (degC)
* 6. Daily maximum temperature (degC)
* 7. Vapour pressure (kPa)
* 8. Mean wind speed (m路s-1)
* 9. Precipitation (mm路d-1)
** WCCDESCRIPTION=Greater_Accra
** WCCFORMAT=2
** WCCYEARNR=2011
*------------------------------------------------------------*
0.05  5.81  23.00 -0.18  -0.55
1	2011	1	21783.0	 23.0	 33.0	2.000	 1.0	 0.0
1	2011	2	22246.0	 22.0	 33.0	2.000	 1.0	 0.0
1	2011	3	22118.0	 23.0	 33.0	3.000	 2.0	 0.0
1	2011	4	20642.0	 25.0	 33.0	3.000	 2.0	 0.0
1	2011	5	19809.0	 26.0	 32.0	3.000	 3.0	 1.0
1	2011	6	17924.0	 26.0	 32.0	3.000	 3.0	 1.0
1	2011	7	14991.0	 26.0	 31.0	3.000	 2.0	 1.0
1	2011	8	19099.0	 25.0	 32.0	3.000	 1.0	 0.0
1	2011	9	22277.0	 23.0	 33.0	2.000	 1.0	 0.0
1	2011	10	22463.0	 23.0	 32.0	2.000	 1.0	 0.0
1	2011	11	22593.0	 23.0	 32.0	2.000	 1.0	 0.0
1	2011	12	22703.0	 23.0	 33.0	2.000	 1.0	 0.0
1	2011	13	22837.0	 24.0	 34.0	2.000	 2.0	 0.0
1	2011	14	22464.0	 24.0	 33.0	3.000	 2.0	 0.0
1	2011	15	18792.0	 25.0	 32.0	3.000	 1.0	 0.0
1	2011	16	17825.0	 25.0	 31.0	3.000	 1.0	 1.0
1	2011	17	22313.0	 24.0	 32.0	2.000	 1.0	 0.0
1	2011	18	23216.0	 22.0	 34.0	2.000	 1.0	 0.0
1	2011	19	22814.0	 23.0	 33.0	2.000	 2.0	 0.0
1	2011	20	21083.0	 24.0	 32.0	3.000	 2.0	 0.0
1	2011	21	21226.0	 24.0	 32.0	3.000	 2.0	 0.0
1	2011	22	21787.0	 24.0	 33.0	3.000	 2.0	 0.0
1	2011	23	20259.0	 25.0	 32.0	3.000	 3.0	 1.0
1	2011	24	18818.0	 25.0	 32.0	3.000	 3.0	 0.0
1	2011	25	20999.0	 26.0	 32.0	3.000	 4.0	 0.0
1	2011	26	18470.0	 25.0	 31.0	3.000	 4.0	 1.0
1	2011	27	19496.0	 25.0	 32.0	3.000	 3.0	 0.0
1	2011	28	20693.0	 25.0	 33.0	3.000	 3.0	 0.0
1	2011	29	19932.0	 26.0	 32.0	3.000	 3.0	 0.0
1	2011	30	19860.0	 26.0	 32.0	3.000	 3.0	 0.0
1	2011	31	19698.0	 25.0	 33.0	3.000	 3.0	 1.0
1	2011	32	19933.0	 25.0	 33.0	3.000	 4.0	 1.0
1	2011	33	18911.0	 25.0	 33.0	3.000	 4.0	 0.0
1	2011	34	18866.0	 26.0	 32.0	3.000	 3.0	 1.0
1	2011	35	17592.0	 24.0	 33.0	3.000	 1.0	15.0
1	2011	36	9718.0	 24.0	 28.0	3.000	 1.0	 0.0
1	2011	37	21814.0	 25.0	 31.0	3.000	 2.0	 0.0
1	2011	38	23162.0	 25.0	 33.0	3.000	 2.0	 0.0
1	2011	39	19124.0	 25.0	 32.0	3.000	 3.0	 0.0
1	2011	40	21019.0	 26.0	 32.0	3.000	 3.0	 0.0
1	2011	41	12567.0	 26.0	 29.0	3.000	 4.0	 1.0
1	2011	42	18666.0	 25.0	 32.0	3.000	 2.0	 0.0
1	2011	43	18952.0	 26.0	 32.0	3.000	 3.0	 0.0
1	2011	44	20074.0	 26.0	 32.0	3.000	 4.0	 1.0
1	2011	45	21936.0	 25.0	 32.0	3.000	 3.0	 0.0
1	2011	46	20614.0	 25.0	 33.0	3.000	 2.0	 1.0
1	2011	47	20918.0	 26.0	 33.0	3.000	 3.0	 0.0
1	2011	48	20048.0	 26.0	 33.0	3.000	 4.0	 1.0
1	2011	49	17693.0	 26.0	 32.0	3.000	 4.0	 1.0
1	2011	50	12869.0	 24.0	 32.0	3.000	 2.0	 0.0
1	2011	51	21920.0	 26.0	 33.0	3.000	 3.0	 0.0
1	2011	52	20409.0	 26.0	 33.0	3.000	 4.0	 0.0
1	2011	53	19075.0	 26.0	 32.0	3.000	 4.0	 5.0
1	2011	54	14283.0	 25.0	 30.0	3.000	 2.0	 1.0
1	2011	55	18634.0	 25.0	 32.0	3.000	 1.0	 1.0
1	2011	56	21642.0	 25.0	 33.0	3.000	 3.0	 1.0
1	2011	57	18978.0	 25.0	 32.0	3.000	 3.0	 5.0
1	2011	58	17323.0	 25.0	 30.0	3.000	 2.0	13.0
1	2011	59	20867.0	 25.0	 32.0	3.000	 1.0	 3.0
1	2011	60	20541.0	 25.0	 32.0	3.000	 3.0	 2.0
1	2011	61	15571.0	 26.0	 31.0	3.000	 4.0	 0.0
1	2011	62	18865.0	 25.0	 32.0	3.000	 3.0	 0.0
1	2011	63	17528.0	 25.0	 32.0	3.000	 3.0	 0.0
1	2011	64	20140.0	 26.0	 32.0	3.000	 3.0	 0.0
1	2011	65	20994.0	 26.0	 32.0	3.000	 3.0	 1.0
1	2011	66	22118.0	 26.0	 33.0	3.000	 4.0	 0.0
1	2011	67	22220.0	 26.0	 33.0	3.000	 4.0	 0.0
1	2011	68	22033.0	 26.0	 33.0	3.000	 4.0	 1.0
1	2011	69	21538.0	 26.0	 33.0	3.000	 3.0	 1.0
1	2011	70	22597.0	 26.0	 33.0	3.000	 4.0	 1.0
1	2011	71	22488.0	 26.0	 33.0	3.000	 4.0	 1.0
1	2011	72	23405.0	 26.0	 33.0	3.000	 4.0	 0.0
1	2011	73	20525.0	 26.0	 32.0	3.000	 4.0	 1.0
1	2011	74	22370.0	 26.0	 33.0	3.000	 4.0	 0.0
1	2011	75	23890.0	 26.0	 34.0	3.000	 4.0	 0.0
1	2011	76	22464.0	 26.0	 34.0	3.000	 4.0	 2.0
1	2011	77	20129.0	 26.0	 32.0	3.000	 4.0	 0.0
1	2011	78	22948.0	 25.0	 33.0	3.000	 4.0	 2.0
1	2011	79	24157.0	 25.0	 33.0	3.000	 4.0	 0.0
1	2011	80	23910.0	 26.0	 33.0	3.000	 3.0	 0.0
1	2011	81	23642.0	 26.0	 32.0	3.000	 3.0	 0.0
1	2011	82	21530.0	 25.0	 32.0	3.000	 3.0	 0.0
1	2011	83	24270.0	 26.0	 33.0	3.000	 4.0	 0.0
1	2011	84	21007.0	 26.0	 33.0	3.000	 4.0	 1.0
1	2011	85	23454.0	 26.0	 33.0	3.000	 3.0	 0.0
1	2011	86	24004.0	 26.0	 33.0	3.000	 3.0	 0.0
1	2011	87	23136.0	 26.0	 33.0	3.000	 3.0	 0.0
1	2011	88	23066.0	 26.0	 33.0	3.000	 3.0	 0.0
1	2011	89	22081.0	 26.0	 33.0	3.000	 4.0	 1.0
1	2011	90	22955.0	 26.0	 34.0	3.000	 3.0	 0.0
1	2011	91	22515.0	 27.0	 33.0	3.000	 4.0	 1.0
1	2011	92	21739.0	 26.0	 33.0	3.000	 4.0	 1.0
1	2011	93	22637.0	 26.0	 33.0	3.000	 4.0	 0.0
1	2011	94	14590.0	 25.0	 32.0	3.000	 1.0	 1.0
1	2011	95	23502.0	 25.0	 33.0	3.000	 2.0	 0.0
1	2011	96	23969.0	 26.0	 33.0	3.000	 2.0	 1.0
1	2011	97	23913.0	 26.0	 34.0	3.000	 3.0	 0.0
1	2011	98	21975.0	 27.0	 33.0	3.000	 4.0	 1.0
1	2011	99	22041.0	 26.0	 33.0	3.000	 3.0	 1.0
1	2011	100	22777.0	 25.0	 33.0	3.000	 2.0	 1.0
1	2011	101	21876.0	 26.0	 34.0	3.000	 3.0	 0.0
1	2011	102	21224.0	 26.0	 33.0	3.000	 4.0	 0.0
1	2011	103	22164.0	 26.0	 33.0	3.000	 4.0	 1.0
1	2011	104	22987.0	 26.0	 34.0	3.000	 3.0	 1.0
1	2011	105	21025.0	 26.0	 33.0	3.000	 4.0	 1.0
1	2011	106	23107.0	 26.0	 33.0	3.000	 4.0	 0.0
1	2011	107	23409.0	 25.0	 34.0	3.000	 3.0	 4.0
1	2011	108	12633.0	 25.0	 30.0	3.000	 2.0	 4.0
1	2011	109	25150.0	 26.0	 32.0	3.000	 3.0	 0.0
1	2011	110	21734.0	 26.0	 33.0	3.000	 4.0	 4.0
1	2011	111	20561.0	 26.0	 31.0	3.000	 4.0	 2.0
1	2011	112	24949.0	 26.0	 33.0	3.000	 4.0	 0.0
1	2011	113	20070.0	 26.0	 32.0	3.000	 4.0	 3.0
1	2011	114	18397.0	 25.0	 31.0	3.000	 3.0	 6.0
1	2011	115	20782.0	 25.0	 33.0	3.000	 1.0	 0.0
1	2011	116	21614.0	 26.0	 33.0	3.000	 3.0	 1.0
1	2011	117	22481.0	 26.0	 32.0	3.000	 4.0	 0.0
1	2011	118	22274.0	 25.0	 32.0	3.000	 4.0	 2.0
1	2011	119	16605.0	 25.0	 31.0	3.000	 3.0	 0.0
1	2011	120	11533.0	 25.0	 30.0	3.000	 2.0	 1.0
1	2011	121	20511.0	 25.0	 32.0	3.000	 2.0	 1.0
1	2011	122	18719.0	 26.0	 32.0	3.000	 3.0	 3.0
1	2011	123	16385.0	 26.0	 31.0	3.000	 3.0	 6.0
1	2011	124	22089.0	 25.0	 33.0	3.000	 2.0	 0.0
1	2011	125	23697.0	 26.0	 33.0	3.000	 3.0	 0.0
1	2011	126	19715.0	 26.0	 32.0	3.000	 3.0	 1.0
1	2011	127	22055.0	 26.0	 32.0	3.000	 3.0	 1.0
1	2011	128	18622.0	 25.0	 32.0	3.000	 3.0	 1.0
1	2011	129	17194.0	 25.0	 31.0	3.000	 2.0	 3.0
1	2011	130	19187.0	 25.0	 31.0	3.000	 2.0	 3.0
1	2011	131	17945.0	 25.0	 31.0	3.000	 2.0	 3.0
1	2011	132	19349.0	 25.0	 32.0	3.000	 3.0	 1.0
1	2011	133	20362.0	 25.0	 31.0	3.000	 2.0	 1.0
1	2011	134	20460.0	 26.0	 32.0	3.000	 2.0	 0.0
1	2011	135	18312.0	 26.0	 33.0	3.000	 3.0	 1.0
1	2011	136	15721.0	 26.0	 31.0	3.000	 3.0	 2.0
1	2011	137	18669.0	 26.0	 31.0	3.000	 3.0	 1.0
1	2011	138	19849.0	 26.0	 31.0	3.000	 3.0	 3.0
1	2011	139	14217.0	 25.0	 30.0	3.000	 2.0	 3.0
1	2011	140	20914.0	 25.0	 31.0	3.000	 3.0	 1.0
1	2011	141	16344.0	 25.0	 30.0	3.000	 3.0	 9.0
1	2011	142	14214.0	 24.0	 29.0	3.000	 3.0	 2.0
1	2011	143	17566.0	 25.0	 30.0	3.000	 3.0	 2.0
1	2011	144	19685.0	 25.0	 29.0	3.000	 3.0	 1.0
1	2011	145	16693.0	 25.0	 29.0	3.000	 3.0	 1.0
1	2011	146	10479.0	 25.0	 28.0	3.000	 4.0	 9.0
1	2011	147	16229.0	 26.0	 29.0	3.000	 3.0	 1.0
1	2011	148	5774.0	 24.0	 26.0	3.000	 2.0	40.0
1	2011	149	18198.0	 24.0	 29.0	3.000	 3.0	 1.0
1	2011	150	15454.0	 24.0	 29.0	3.000	 2.0	 2.0
1	2011	151	14991.0	 25.0	 28.0	3.000	 3.0	 1.0
1	2011	152	16724.0	 24.0	 29.0	3.000	 2.0	 4.0
1	2011	153	13466.0	 25.0	 29.0	3.000	 2.0	 1.0
1	2011	154	15770.0	 25.0	 29.0	3.000	 3.0	 5.0
1	2011	155	14582.0	 25.0	 30.0	3.000	 3.0	11.0
1	2011	156	17007.0	 24.0	 29.0	3.000	 2.0	 8.0
1	2011	157	17916.0	 24.0	 30.0	3.000	 3.0	 0.0
1	2011	158	19395.0	 25.0	 30.0	3.000	 3.0	 1.0
1	2011	159	15026.0	 25.0	 29.0	3.000	 3.0	 8.0
1	2011	160	15782.0	 24.0	 29.0	3.000	 2.0	 3.0
1	2011	161	16452.0	 24.0	 29.0	3.000	 2.0	 1.0
1	2011	162	15612.0	 24.0	 29.0	3.000	 4.0	 4.0
1	2011	163	13316.0	 24.0	 28.0	3.000	 3.0	 6.0
1	2011	164	18439.0	 24.0	 29.0	3.000	 2.0	 2.0
1	2011	165	18002.0	 24.0	 29.0	3.000	 3.0	 1.0
1	2011	166	19482.0	 24.0	 29.0	3.000	 3.0	 0.0
1	2011	167	15877.0	 24.0	 28.0	3.000	 4.0	 5.0
1	2011	168	16195.0	 24.0	 28.0	3.000	 3.0	 2.0
1	2011	169	7440.0	 24.0	 28.0	3.000	 3.0	 1.0
1	2011	170	14181.0	 24.0	 29.0	3.000	 3.0	 1.0
1	2011	171	15594.0	 24.0	 29.0	3.000	 3.0	 1.0
1	2011	172	14893.0	 24.0	 28.0	3.000	 4.0	 2.0
1	2011	173	15195.0	 24.0	 29.0	3.000	 3.0	 4.0
1	2011	174	16321.0	 24.0	 29.0	3.000	 3.0	 3.0
1	2011	175	11464.0	 24.0	 27.0	3.000	 3.0	 4.0
1	2011	176	16434.0	 23.0	 28.0	3.000	 2.0	 2.0
1	2011	177	14102.0	 24.0	 27.0	3.000	 3.0	 1.0
1	2011	178	18656.0	 24.0	 28.0	3.000	 4.0	 1.0
1	2011	179	18056.0	 24.0	 28.0	3.000	 4.0	 1.0
1	2011	180	14602.0	 24.0	 28.0	3.000	 3.0	 1.0
1	2011	181	9405.0	 24.0	 27.0	3.000	 3.0	 3.0
1	2011	182	15344.0	 23.0	 28.0	3.000	 3.0	 3.0
1	2011	183	16629.0	 24.0	 29.0	3.000	 3.0	 0.0
1	2011	184	13213.0	 24.0	 28.0	3.000	 3.0	 3.0
1	2011	185	9799.0	 23.0	 27.0	3.000	 3.0	13.0
1	2011	186	18452.0	 23.0	 28.0	3.000	 3.0	 0.0
1	2011	187	13371.0	 24.0	 28.0	3.000	 4.0	 2.0
1	2011	188	15039.0	 24.0	 27.0	3.000	 4.0	 2.0
1	2011	189	18315.0	 24.0	 28.0	3.000	 4.0	 1.0
1	2011	190	16588.0	 24.0	 29.0	3.000	 4.0	 7.0
1	2011	191	12811.0	 24.0	 28.0	3.000	 4.0	 3.0
1	2011	192	12047.0	 23.0	 27.0	3.000	 4.0	 3.0
1	2011	193	16890.0	 23.0	 28.0	3.000	 3.0	 0.0
1	2011	194	17426.0	 23.0	 28.0	3.000	 4.0	 1.0
1	2011	195	14321.0	 23.0	 27.0	3.000	 3.0	 0.0
1	2011	196	18025.0	 23.0	 28.0	3.000	 2.0	 1.0
1	2011	197	15357.0	 23.0	 28.0	3.000	 2.0	 2.0
1	2011	198	16500.0	 23.0	 27.0	3.000	 3.0	 1.0
1	2011	199	13355.0	 23.0	 27.0	3.000	 3.0	 3.0
1	2011	200	20280.0	 24.0	 29.0	3.000	 3.0	 0.0
1	2011	201	15939.0	 24.0	 29.0	3.000	 4.0	 1.0
1	2011	202	12711.0	 23.0	 27.0	3.000	 4.0	 1.0
1	2011	203	16274.0	 24.0	 28.0	3.000	 4.0	 0.0
1	2011	204	19036.0	 23.0	 28.0	3.000	 4.0	 0.0
1	2011	205	17947.0	 23.0	 28.0	3.000	 4.0	 0.0
1	2011	206	11042.0	 23.0	 26.0	3.000	 4.0	 1.0
1	2011	207	14864.0	 22.0	 27.0	2.000	 4.0	 0.0
1	2011	208	13614.0	 23.0	 27.0	3.000	 4.0	 1.0
1	2011	209	16460.0	 23.0	 28.0	3.000	 4.0	 0.0
1	2011	210	9318.0	 23.0	 26.0	3.000	 4.0	 1.0
1	2011	211	15312.0	 23.0	 27.0	3.000	 4.0	 1.0
1	2011	212	12040.0	 23.0	 27.0	3.000	 3.0	 1.0
1	2011	213	13608.0	 23.0	 28.0	3.000	 3.0	 0.0
1	2011	214	10446.0	 23.0	 27.0	3.000	 4.0	 1.0
1	2011	215	13628.0	 23.0	 28.0	3.000	 3.0	 1.0
1	2011	216	8434.0	 23.0	 27.0	3.000	 4.0	 2.0
1	2011	217	7774.0	 23.0	 27.0	3.000	 4.0	 1.0
1	2011	218	11179.0	 23.0	 27.0	3.000	 4.0	 2.0
1	2011	219	11423.0	 23.0	 26.0	3.000	 4.0	 2.0
1	2011	220	15076.0	 23.0	 28.0	3.000	 3.0	 2.0
1	2011	221	13625.0	 23.0	 27.0	3.000	 3.0	 1.0
1	2011	222	14542.0	 23.0	 27.0	3.000	 3.0	 0.0
1	2011	223	19310.0	 23.0	 29.0	3.000	 3.0	 0.0
1	2011	224	17889.0	 23.0	 29.0	3.000	 4.0	 3.0
1	2011	225	14182.0	 23.0	 28.0	3.000	 4.0	 0.0
1	2011	226	17490.0	 23.0	 28.0	3.000	 4.0	 1.0
1	2011	227	16881.0	 23.0	 28.0	3.000	 4.0	 1.0
1	2011	228	15755.0	 23.0	 27.0	3.000	 4.0	 2.0
1	2011	229	14620.0	 23.0	 27.0	3.000	 4.0	 1.0
1	2011	230	19986.0	 23.0	 28.0	3.000	 4.0	 1.0
1	2011	231	19037.0	 23.0	 28.0	3.000	 4.0	 1.0
1	2011	232	16314.0	 22.0	 28.0	3.000	 3.0	 0.0
1	2011	233	19446.0	 22.0	 29.0	3.000	 4.0	 0.0
1	2011	234	16481.0	 23.0	 29.0	3.000	 5.0	 0.0
1	2011	235	18091.0	 23.0	 28.0	3.000	 3.0	 1.0
1	2011	236	14723.0	 23.0	 28.0	3.000	 3.0	 1.0
1	2011	237	15101.0	 23.0	 29.0	3.000	 4.0	 2.0
1	2011	238	14025.0	 23.0	 28.0	3.000	 4.0	 2.0
1	2011	239	12673.0	 23.0	 27.0	3.000	 4.0	 1.0
1	2011	240	16506.0	 23.0	 28.0	3.000	 4.0	 1.0
1	2011	241	19194.0	 23.0	 29.0	3.000	 3.0	 2.0
1	2011	242	19020.0	 23.0	 29.0	3.000	 3.0	 1.0
1	2011	243	17589.0	 24.0	 29.0	3.000	 4.0	 1.0
1	2011	244	15718.0	 24.0	 29.0	3.000	 3.0	 1.0
1	2011	245	17798.0	 23.0	 30.0	3.000	 3.0	 1.0
1	2011	246	19055.0	 23.0	 29.0	3.000	 4.0	 1.0
1	2011	247	20646.0	 23.0	 29.0	3.000	 4.0	 0.0
1	2011	248	18817.0	 23.0	 30.0	3.000	 3.0	 0.0
1	2011	249	16979.0	 24.0	 30.0	3.000	 3.0	 1.0
1	2011	250	19699.0	 24.0	 29.0	3.000	 4.0	 1.0
1	2011	251	16297.0	 24.0	 29.0	3.000	 4.0	 1.0
1	2011	252	15081.0	 24.0	 30.0	3.000	 4.0	 3.0
1	2011	253	16785.0	 24.0	 28.0	3.000	 3.0	 1.0
1	2011	254	17373.0	 23.0	 29.0	3.000	 3.0	 0.0
1	2011	255	15534.0	 24.0	 28.0	3.000	 3.0	 1.0
1	2011	256	17104.0	 24.0	 29.0	3.000	 4.0	 2.0
1	2011	257	17189.0	 24.0	 29.0	3.000	 4.0	 0.0
1	2011	258	18273.0	 24.0	 30.0	3.000	 3.0	 0.0
1	2011	259	19976.0	 24.0	 30.0	3.000	 4.0	 0.0
1	2011	260	18700.0	 24.0	 29.0	3.000	 4.0	 1.0
1	2011	261	18601.0	 24.0	 28.0	3.000	 4.0	 1.0
1	2011	262	19067.0	 24.0	 29.0	3.000	 2.0	 1.0
1	2011	263	10952.0	 24.0	 28.0	3.000	 2.0	 4.0
1	2011	264	18043.0	 24.0	 28.0	3.000	 3.0	 7.0
1	2011	265	21166.0	 23.0	 29.0	3.000	 2.0	 0.0
1	2011	266	18258.0	 23.0	 30.0	3.000	 3.0	 2.0
1	2011	267	18153.0	 23.0	 30.0	3.000	 2.0	 1.0
1	2011	268	18297.0	 24.0	 29.0	3.000	 3.0	 1.0
1	2011	269	19997.0	 24.0	 30.0	3.000	 2.0	 1.0
1	2011	270	17777.0	 24.0	 30.0	3.000	 3.0	 6.0
1	2011	271	18824.0	 23.0	 29.0	3.000	 3.0	 3.0
1	2011	272	16379.0	 24.0	 29.0	3.000	 3.0	 6.0
1	2011	273	20219.0	 24.0	 31.0	3.000	 3.0	 7.0
1	2011	274	10051.0	 23.0	 27.0	3.000	 2.0	 7.0
1	2011	275	14962.0	 23.0	 28.0	3.000	 2.0	 2.0
1	2011	276	21069.0	 24.0	 30.0	3.000	 2.0	 0.0
1	2011	277	20581.0	 24.0	 29.0	3.000	 2.0	 0.0
1	2011	278	21206.0	 24.0	 30.0	3.000	 3.0	 1.0
1	2011	279	21810.0	 24.0	 31.0	3.000	 3.0	 0.0
1	2011	280	17948.0	 24.0	 29.0	3.000	 3.0	 1.0
1	2011	281	15987.0	 24.0	 29.0	3.000	 3.0	 2.0
1	2011	282	16916.0	 24.0	 30.0	3.000	 3.0	 5.0
1	2011	283	16409.0	 24.0	 28.0	3.000	 3.0	 5.0
1	2011	284	17093.0	 24.0	 29.0	3.000	 3.0	 2.0
1	2011	285	19923.0	 24.0	 30.0	3.000	 3.0	 2.0
1	2011	286	17025.0	 24.0	 29.0	3.000	 3.0	 2.0
1	2011	287	20229.0	 24.0	 30.0	3.000	 2.0	 1.0
1	2011	288	20312.0	 24.0	 30.0	3.000	 2.0	 3.0
1	2011	289	17295.0	 24.0	 29.0	3.000	 2.0	 1.0
1	2011	290	21925.0	 24.0	 32.0	3.000	 2.0	 0.0
1	2011	291	20721.0	 24.0	 30.0	3.000	 2.0	 1.0
1	2011	292	18033.0	 24.0	 30.0	3.000	 2.0	 1.0
1	2011	293	20822.0	 25.0	 30.0	3.000	 3.0	 0.0
1	2011	294	19789.0	 24.0	 31.0	3.000	 3.0	 2.0
1	2011	295	4987.0	 24.0	 26.0	3.000	 3.0	22.0
1	2011	296	14197.0	 23.0	 29.0	3.000	 1.0	16.0
1	2011	297	21241.0	 23.0	 30.0	3.000	 1.0	 6.0
1	2011	298	10808.0	 24.0	 28.0	3.000	 2.0	21.0
1	2011	299	10112.0	 23.0	 28.0	3.000	 1.0	14.0
1	2011	300	19804.0	 23.0	 29.0	3.000	 2.0	 0.0
1	2011	301	17581.0	 24.0	 28.0	3.000	 2.0	 0.0
1	2011	302	21521.0	 23.0	 30.0	3.000	 2.0	 0.0
1	2011	303	20832.0	 24.0	 30.0	3.000	 2.0	 1.0
1	2011	304	20282.0	 25.0	 30.0	3.000	 3.0	 2.0
1	2011	305	19379.0	 24.0	 29.0	3.000	 3.0	 2.0
1	2011	306	18477.0	 24.0	 30.0	3.000	 3.0	 4.0
1	2011	307	17590.0	 24.0	 30.0	3.000	 3.0	 1.0
1	2011	308	19619.0	 24.0	 30.0	3.000	 4.0	 2.0
1	2011	309	18689.0	 24.0	 30.0	3.000	 3.0	 1.0
1	2011	310	20460.0	 24.0	 29.0	3.000	 2.0	 1.0
1	2011	311	19827.0	 24.0	 31.0	3.000	 2.0	 1.0
1	2011	312	18916.0	 25.0	 30.0	3.000	 3.0	 0.0
1	2011	313	20322.0	 25.0	 30.0	3.000	 2.0	 1.0
1	2011	314	20590.0	 25.0	 31.0	3.000	 3.0	 0.0
1	2011	315	18522.0	 25.0	 30.0	3.000	 3.0	 0.0
1	2011	316	20402.0	 24.0	 31.0	3.000	 3.0	 1.0
1	2011	317	18403.0	 25.0	 31.0	3.000	 3.0	 1.0
1	2011	318	19528.0	 25.0	 31.0	3.000	 3.0	 1.0
1	2011	319	19903.0	 25.0	 31.0	3.000	 3.0	 1.0
1	2011	320	19199.0	 25.0	 31.0	3.000	 2.0	 1.0
1	2011	321	18042.0	 25.0	 30.0	3.000	 2.0	 4.0
1	2011	322	19409.0	 25.0	 31.0	3.000	 2.0	 1.0
1	2011	323	18698.0	 25.0	 31.0	3.000	 2.0	 1.0
1	2011	324	19325.0	 26.0	 31.0	3.000	 2.0	 1.0
1	2011	325	19576.0	 25.0	 31.0	3.000	 3.0	 0.0
1	2011	326	20462.0	 25.0	 32.0	3.000	 3.0	 1.0
1	2011	327	17446.0	 25.0	 30.0	3.000	 3.0	 2.0
1	2011	328	18534.0	 25.0	 31.0	3.000	 2.0	 2.0
1	2011	329	18930.0	 25.0	 31.0	3.000	 2.0	 1.0
1	2011	330	19014.0	 24.0	 31.0	3.000	 2.0	 1.0
1	2011	331	18302.0	 25.0	 31.0	3.000	 2.0	 0.0
1	2011	332	19627.0	 25.0	 31.0	3.000	 3.0	 1.0
1	2011	333	18912.0	 25.0	 31.0	3.000	 2.0	 1.0
1	2011	334	17496.0	 24.0	 30.0	3.000	 2.0	 1.0
1	2011	335	20326.0	 24.0	 31.0	3.000	 1.0	 0.0
1	2011	336	21720.0	 24.0	 33.0	3.000	 2.0	 0.0
1	2011	337	21340.0	 25.0	 33.0	3.000	 2.0	 0.0
1	2011	338	21075.0	 25.0	 33.0	3.000	 3.0	 0.0
1	2011	339	18358.0	 25.0	 32.0	3.000	 2.0	 0.0
1	2011	340	17877.0	 25.0	 31.0	3.000	 2.0	 0.0
1	2011	341	18811.0	 25.0	 31.0	3.000	 2.0	 1.0
1	2011	342	20485.0	 25.0	 32.0	3.000	 2.0	 1.0
1	2011	343	20581.0	 25.0	 32.0	3.000	 2.0	 0.0
1	2011	344	18074.0	 25.0	 32.0	3.000	 2.0	 0.0
1	2011	345	19726.0	 25.0	 33.0	3.000	 1.0	 0.0
1	2011	346	21209.0	 25.0	 33.0	3.000	 1.0	 0.0
1	2011	347	21945.0	 24.0	 33.0	2.000	 1.0	 0.0
1	2011	348	20562.0	 24.0	 32.0	2.000	 2.0	 0.0
1	2011	349	21350.0	 23.0	 33.0	2.000	 1.0	 0.0
1	2011	350	21706.0	 24.0	 33.0	2.000	 1.0	 0.0
1	2011	351	19660.0	 25.0	 32.0	3.000	 2.0	 0.0
1	2011	352	19290.0	 25.0	 32.0	3.000	 2.0	 0.0
1	2011	353	19247.0	 25.0	 32.0	3.000	 3.0	 1.0
1	2011	354	18937.0	 25.0	 32.0	3.000	 3.0	 1.0
1	2011	355	19755.0	 25.0	 32.0	3.000	 3.0	 2.0
1	2011	356	17651.0	 25.0	 31.0	3.000	 2.0	 1.0
1	2011	357	18521.0	 26.0	 31.0	3.000	 2.0	 1.0
1	2011	358	17800.0	 25.0	 31.0	3.000	 2.0	 1.0
1	2011	359	17684.0	 25.0	 31.0	3.000	 3.0	 2.0
1	2011	360	16295.0	 25.0	 31.0	3.000	 2.0	 0.0
1	2011	361	17574.0	 26.0	 31.0	3.000	 3.0	 2.0
1	2011	362	17478.0	 25.0	 31.0	3.000	 3.0	 2.0
1	2011	363	16979.0	 25.0	 32.0	3.000	 3.0	 3.0
1	2011	364	20720.0	 25.0	 33.0	3.000	 2.0	 0.0
1	2011	365	20996.0	 24.0	 33.0	3.000	 2.0	 0.0
