*---------------------------------------------------
* Station: Greater_Accra
* Year: 2017
* Origin: ERA5-Reanalysis
* Columns & units
* ===================
* 1. station number
* 2. year
* 3. Day of Year
* 4. Irradiance   (kJ路m-2路d-1)
* 5. Daily minimum temperature (degC)
* 6. Daily maximum temperature (degC)
* 7. Vapour pressure (kPa)
* 8. Mean wind speed (m路s-1)
* 9. Precipitation (mm路d-1)
** WCCDESCRIPTION=Greater_Accra
** WCCFORMAT=2
** WCCYEARNR=2017
*------------------------------------------------------------*
0.05  5.81  23.00 -0.18  -0.55
1	2017	1	21676.0	 24.0	 33.0	3.000	 2.0	 0.0
1	2017	2	20377.0	 25.0	 33.0	3.000	 2.0	 0.0
1	2017	3	19613.0	 25.0	 33.0	3.000	 1.0	 0.0
1	2017	4	20405.0	 25.0	 34.0	3.000	 2.0	 0.0
1	2017	5	19994.0	 26.0	 34.0	3.000	 2.0	 0.0
1	2017	6	21434.0	 25.0	 35.0	3.000	 2.0	 0.0
1	2017	7	20090.0	 26.0	 33.0	3.000	 2.0	 0.0
1	2017	8	19396.0	 25.0	 31.0	3.000	 2.0	 0.0
1	2017	9	19165.0	 25.0	 32.0	3.000	 2.0	 0.0
1	2017	10	20230.0	 25.0	 33.0	3.000	 2.0	 0.0
1	2017	11	20437.0	 26.0	 33.0	3.000	 3.0	 0.0
1	2017	12	19082.0	 25.0	 32.0	3.000	 3.0	 0.0
1	2017	13	18529.0	 26.0	 32.0	3.000	 2.0	 1.0
1	2017	14	17249.0	 25.0	 31.0	3.000	 1.0	 0.0
1	2017	15	21494.0	 25.0	 33.0	2.000	 2.0	 0.0
1	2017	16	20846.0	 24.0	 33.0	3.000	 3.0	 0.0
1	2017	17	20986.0	 25.0	 33.0	3.000	 3.0	 0.0
1	2017	18	19956.0	 25.0	 33.0	3.000	 4.0	 0.0
1	2017	19	20405.0	 25.0	 33.0	3.000	 3.0	 1.0
1	2017	20	19512.0	 25.0	 33.0	3.000	 3.0	 1.0
1	2017	21	18988.0	 26.0	 33.0	3.000	 3.0	 2.0
1	2017	22	16512.0	 26.0	 32.0	3.000	 4.0	 8.0
1	2017	23	18588.0	 25.0	 32.0	3.000	 3.0	 3.0
1	2017	24	18361.0	 25.0	 32.0	3.000	 3.0	 0.0
1	2017	25	21039.0	 25.0	 32.0	3.000	 2.0	 1.0
1	2017	26	21910.0	 25.0	 32.0	3.000	 2.0	 0.0
1	2017	27	22506.0	 25.0	 32.0	3.000	 3.0	 0.0
1	2017	28	21084.0	 25.0	 33.0	3.000	 3.0	 0.0
1	2017	29	20388.0	 26.0	 32.0	3.000	 3.0	 0.0
1	2017	30	19974.0	 26.0	 32.0	3.000	 3.0	 1.0
1	2017	31	17648.0	 26.0	 31.0	3.000	 3.0	 1.0
1	2017	32	12630.0	 26.0	 31.0	3.000	 3.0	 1.0
1	2017	33	21568.0	 25.0	 33.0	3.000	 2.0	 0.0
1	2017	34	19075.0	 25.0	 32.0	3.000	 3.0	 0.0
1	2017	35	19871.0	 26.0	 32.0	3.000	 2.0	 0.0
1	2017	36	21051.0	 26.0	 32.0	3.000	 3.0	 0.0
1	2017	37	19653.0	 26.0	 32.0	3.000	 3.0	 1.0
1	2017	38	17996.0	 26.0	 31.0	3.000	 3.0	 2.0
1	2017	39	19883.0	 26.0	 32.0	3.000	 3.0	 1.0
1	2017	40	18593.0	 26.0	 32.0	3.000	 3.0	 0.0
1	2017	41	18580.0	 26.0	 32.0	3.000	 4.0	 2.0
1	2017	42	19398.0	 26.0	 32.0	3.000	 3.0	 1.0
1	2017	43	20239.0	 26.0	 32.0	3.000	 3.0	 0.0
1	2017	44	19285.0	 26.0	 33.0	3.000	 3.0	 2.0
1	2017	45	21990.0	 25.0	 34.0	3.000	 3.0	 0.0
1	2017	46	21971.0	 26.0	 34.0	3.000	 3.0	 0.0
1	2017	47	19535.0	 26.0	 32.0	3.000	 2.0	 1.0
1	2017	48	18869.0	 26.0	 32.0	3.000	 2.0	 1.0
1	2017	49	21651.0	 26.0	 33.0	3.000	 2.0	 0.0
1	2017	50	23502.0	 25.0	 34.0	3.000	 2.0	 0.0
1	2017	51	21294.0	 26.0	 33.0	3.000	 2.0	 0.0
1	2017	52	21774.0	 26.0	 34.0	3.000	 2.0	 0.0
1	2017	53	22763.0	 26.0	 33.0	3.000	 3.0	 0.0
1	2017	54	20954.0	 26.0	 32.0	3.000	 4.0	 1.0
1	2017	55	21362.0	 26.0	 34.0	3.000	 4.0	 1.0
1	2017	56	19581.0	 27.0	 32.0	3.000	 4.0	 3.0
1	2017	57	14913.0	 26.0	 30.0	3.000	 3.0	 1.0
1	2017	58	20308.0	 25.0	 33.0	3.000	 3.0	 1.0
1	2017	59	21635.0	 26.0	 34.0	3.000	 4.0	 1.0
1	2017	60	17604.0	 27.0	 32.0	3.000	 4.0	 1.0
1	2017	61	20392.0	 26.0	 33.0	3.000	 3.0	 0.0
1	2017	62	21687.0	 26.0	 34.0	3.000	 4.0	 1.0
1	2017	63	18623.0	 27.0	 32.0	3.000	 3.0	 2.0
1	2017	64	18411.0	 26.0	 32.0	3.000	 3.0	 1.0
1	2017	65	17223.0	 26.0	 32.0	3.000	 3.0	 1.0
1	2017	66	18460.0	 26.0	 32.0	3.000	 3.0	 0.0
1	2017	67	22999.0	 26.0	 34.0	3.000	 3.0	 1.0
1	2017	68	19963.0	 27.0	 33.0	3.000	 4.0	 1.0
1	2017	69	20031.0	 27.0	 32.0	3.000	 3.0	 1.0
1	2017	70	20477.0	 26.0	 32.0	3.000	 3.0	 1.0
1	2017	71	20380.0	 26.0	 32.0	3.000	 3.0	 1.0
1	2017	72	21569.0	 26.0	 32.0	3.000	 3.0	 0.0
1	2017	73	19693.0	 26.0	 32.0	3.000	 3.0	 2.0
1	2017	74	21413.0	 26.0	 33.0	3.000	 2.0	 0.0
1	2017	75	21570.0	 26.0	 33.0	3.000	 3.0	 0.0
1	2017	76	22700.0	 26.0	 34.0	3.000	 4.0	 0.0
1	2017	77	23394.0	 26.0	 33.0	3.000	 4.0	 0.0
1	2017	78	23021.0	 26.0	 33.0	3.000	 4.0	 0.0
1	2017	79	14819.0	 26.0	 31.0	3.000	 4.0	 4.0
1	2017	80	21828.0	 26.0	 33.0	3.000	 4.0	 2.0
1	2017	81	18231.0	 26.0	 31.0	3.000	 4.0	 1.0
1	2017	82	20043.0	 26.0	 32.0	3.000	 4.0	 0.0
1	2017	83	22294.0	 25.0	 32.0	3.000	 3.0	 0.0
1	2017	84	18826.0	 26.0	 32.0	3.000	 3.0	 0.0
1	2017	85	22254.0	 26.0	 33.0	3.000	 3.0	 0.0
1	2017	86	18790.0	 26.0	 32.0	3.000	 3.0	 0.0
1	2017	87	25138.0	 26.0	 33.0	3.000	 3.0	 0.0
1	2017	88	22594.0	 26.0	 34.0	3.000	 3.0	 1.0
1	2017	89	20379.0	 27.0	 32.0	3.000	 3.0	 1.0
1	2017	90	18808.0	 26.0	 34.0	3.000	 4.0	 0.0
1	2017	91	24421.0	 26.0	 33.0	3.000	 3.0	 0.0
1	2017	92	20514.0	 26.0	 33.0	3.000	 3.0	 0.0
1	2017	93	19801.0	 25.0	 34.0	3.000	 2.0	19.0
1	2017	94	20966.0	 25.0	 31.0	3.000	 3.0	 0.0
1	2017	95	20762.0	 26.0	 31.0	3.000	 3.0	 0.0
1	2017	96	21690.0	 26.0	 32.0	3.000	 3.0	 3.0
1	2017	97	21804.0	 26.0	 32.0	3.000	 2.0	 1.0
1	2017	98	21042.0	 26.0	 33.0	3.000	 2.0	 4.0
1	2017	99	20042.0	 25.0	 31.0	3.000	 2.0	 1.0
1	2017	100	18732.0	 26.0	 31.0	3.000	 3.0	 2.0
1	2017	101	21104.0	 26.0	 32.0	3.000	 3.0	 1.0
1	2017	102	20099.0	 27.0	 32.0	3.000	 4.0	 7.0
1	2017	103	20315.0	 26.0	 32.0	3.000	 4.0	 1.0
1	2017	104	10787.0	 26.0	 29.0	3.000	 3.0	 5.0
1	2017	105	19524.0	 26.0	 32.0	3.000	 2.0	 1.0
1	2017	106	17652.0	 25.0	 31.0	3.000	 1.0	 3.0
1	2017	107	23409.0	 25.0	 32.0	3.000	 2.0	 0.0
1	2017	108	19879.0	 26.0	 32.0	3.000	 2.0	 0.0
1	2017	109	21562.0	 26.0	 33.0	3.000	 3.0	 1.0
1	2017	110	19830.0	 26.0	 32.0	3.000	 3.0	 1.0
1	2017	111	12725.0	 25.0	 30.0	3.000	 2.0	 5.0
1	2017	112	24386.0	 25.0	 32.0	3.000	 3.0	 0.0
1	2017	113	24093.0	 26.0	 33.0	3.000	 3.0	 0.0
1	2017	114	23961.0	 26.0	 33.0	3.000	 3.0	 1.0
1	2017	115	18382.0	 26.0	 31.0	3.000	 3.0	 6.0
1	2017	116	19798.0	 26.0	 31.0	3.000	 2.0	 2.0
1	2017	117	21128.0	 25.0	 31.0	3.000	 2.0	 1.0
1	2017	118	21278.0	 26.0	 31.0	3.000	 3.0	 1.0
1	2017	119	21140.0	 26.0	 31.0	3.000	 3.0	 1.0
1	2017	120	23259.0	 26.0	 32.0	3.000	 3.0	 0.0
1	2017	121	19823.0	 26.0	 31.0	3.000	 3.0	 1.0
1	2017	122	21490.0	 25.0	 31.0	3.000	 3.0	 1.0
1	2017	123	19376.0	 26.0	 32.0	3.000	 3.0	 4.0
1	2017	124	13989.0	 25.0	 31.0	3.000	 2.0	10.0
1	2017	125	14236.0	 25.0	 31.0	3.000	 2.0	 1.0
1	2017	126	24590.0	 25.0	 32.0	3.000	 2.0	 0.0
1	2017	127	19218.0	 26.0	 31.0	3.000	 2.0	 1.0
1	2017	128	19274.0	 25.0	 30.0	3.000	 2.0	 2.0
1	2017	129	21751.0	 25.0	 31.0	3.000	 3.0	 1.0
1	2017	130	18762.0	 25.0	 31.0	3.000	 3.0	 2.0
1	2017	131	17778.0	 25.0	 31.0	3.000	 2.0	11.0
1	2017	132	18098.0	 26.0	 30.0	3.000	 2.0	 1.0
1	2017	133	20369.0	 26.0	 32.0	3.000	 2.0	 0.0
1	2017	134	19017.0	 27.0	 31.0	3.000	 4.0	 3.0
1	2017	135	19265.0	 26.0	 31.0	3.000	 4.0	 1.0
1	2017	136	13436.0	 26.0	 31.0	3.000	 4.0	10.0
1	2017	137	15961.0	 25.0	 31.0	3.000	 3.0	 6.0
1	2017	138	17776.0	 26.0	 31.0	3.000	 3.0	 8.0
1	2017	139	21692.0	 25.0	 31.0	3.000	 2.0	 1.0
1	2017	140	20187.0	 26.0	 31.0	3.000	 2.0	11.0
1	2017	141	19612.0	 25.0	 31.0	3.000	 1.0	 1.0
1	2017	142	19985.0	 26.0	 32.0	3.000	 3.0	 2.0
1	2017	143	18731.0	 26.0	 32.0	3.000	 3.0	 1.0
1	2017	144	19553.0	 26.0	 31.0	3.000	 4.0	 1.0
1	2017	145	16552.0	 25.0	 29.0	3.000	 2.0	 8.0
1	2017	146	13509.0	 24.0	 30.0	3.000	 1.0	 4.0
1	2017	147	13545.0	 24.0	 30.0	3.000	 2.0	 3.0
1	2017	148	18868.0	 25.0	 30.0	3.000	 2.0	 1.0
1	2017	149	22417.0	 26.0	 31.0	3.000	 3.0	 0.0
1	2017	150	17984.0	 26.0	 29.0	3.000	 3.0	 1.0
1	2017	151	16017.0	 24.0	 30.0	3.000	 3.0	 1.0
1	2017	152	19352.0	 25.0	 31.0	3.000	 2.0	 0.0
1	2017	153	19710.0	 26.0	 32.0	3.000	 3.0	 1.0
1	2017	154	13541.0	 25.0	 29.0	3.000	 2.0	10.0
1	2017	155	14644.0	 25.0	 29.0	3.000	 2.0	 8.0
1	2017	156	11903.0	 25.0	 28.0	3.000	 3.0	10.0
1	2017	157	16645.0	 25.0	 29.0	3.000	 3.0	 2.0
1	2017	158	15236.0	 24.0	 29.0	3.000	 1.0	 2.0
1	2017	159	19187.0	 24.0	 30.0	3.000	 2.0	 1.0
1	2017	160	19855.0	 25.0	 31.0	3.000	 2.0	 5.0
1	2017	161	11019.0	 25.0	 29.0	3.000	 3.0	 4.0
1	2017	162	13234.0	 25.0	 29.0	3.000	 3.0	 7.0
1	2017	163	9018.0	 25.0	 28.0	3.000	 4.0	 8.0
1	2017	164	11071.0	 24.0	 28.0	3.000	 3.0	15.0
1	2017	165	14789.0	 25.0	 29.0	3.000	 3.0	 2.0
1	2017	166	14501.0	 25.0	 28.0	3.000	 3.0	 1.0
1	2017	167	12089.0	 24.0	 28.0	3.000	 4.0	 8.0
1	2017	168	12902.0	 23.0	 29.0	3.000	 2.0	 0.0
1	2017	169	16105.0	 24.0	 29.0	3.000	 2.0	 2.0
1	2017	170	16057.0	 24.0	 28.0	3.000	 4.0	 2.0
1	2017	171	3521.0	 24.0	 25.0	3.000	 3.0	41.0
1	2017	172	8247.0	 23.0	 28.0	3.000	 2.0	 2.0
1	2017	173	18717.0	 24.0	 30.0	3.000	 2.0	 0.0
1	2017	174	14146.0	 25.0	 29.0	3.000	 4.0	 0.0
1	2017	175	9743.0	 24.0	 27.0	3.000	 3.0	 9.0
1	2017	176	17501.0	 23.0	 29.0	3.000	 2.0	 1.0
1	2017	177	13341.0	 24.0	 28.0	3.000	 1.0	 3.0
1	2017	178	18328.0	 24.0	 29.0	3.000	 2.0	 2.0
1	2017	179	17466.0	 24.0	 28.0	3.000	 3.0	 1.0
1	2017	180	15423.0	 23.0	 28.0	3.000	 3.0	 4.0
1	2017	181	18369.0	 23.0	 28.0	3.000	 3.0	 1.0
1	2017	182	14449.0	 24.0	 28.0	3.000	 3.0	 4.0
1	2017	183	13446.0	 24.0	 28.0	3.000	 3.0	10.0
1	2017	184	13489.0	 24.0	 28.0	3.000	 4.0	 2.0
1	2017	185	15269.0	 24.0	 28.0	3.000	 3.0	 1.0
1	2017	186	12049.0	 24.0	 27.0	3.000	 3.0	 6.0
1	2017	187	1483.0	 23.0	 24.0	3.000	 3.0	175.0
1	2017	188	9834.0	 23.0	 26.0	3.000	 3.0	 1.0
1	2017	189	9488.0	 24.0	 26.0	3.000	 3.0	 9.0
1	2017	190	19750.0	 24.0	 27.0	3.000	 4.0	 2.0
1	2017	191	19954.0	 23.0	 27.0	3.000	 4.0	 1.0
1	2017	192	23884.0	 22.0	 28.0	3.000	 3.0	 0.0
1	2017	193	21443.0	 22.0	 28.0	3.000	 3.0	 0.0
1	2017	194	18809.0	 23.0	 28.0	3.000	 3.0	 0.0
1	2017	195	20014.0	 23.0	 28.0	3.000	 3.0	 0.0
1	2017	196	19083.0	 23.0	 28.0	3.000	 4.0	 1.0
1	2017	197	16683.0	 23.0	 28.0	3.000	 4.0	 1.0
1	2017	198	15613.0	 24.0	 28.0	3.000	 3.0	 1.0
1	2017	199	12791.0	 24.0	 28.0	3.000	 3.0	 3.0
1	2017	200	17696.0	 24.0	 27.0	3.000	 3.0	 1.0
1	2017	201	15598.0	 24.0	 28.0	3.000	 3.0	 1.0
1	2017	202	17239.0	 24.0	 28.0	3.000	 4.0	 0.0
1	2017	203	13786.0	 24.0	 28.0	3.000	 4.0	 4.0
1	2017	204	10220.0	 24.0	 26.0	3.000	 4.0	 4.0
1	2017	205	13402.0	 23.0	 26.0	3.000	 4.0	 2.0
1	2017	206	14608.0	 23.0	 27.0	3.000	 4.0	 1.0
1	2017	207	12316.0	 24.0	 26.0	3.000	 3.0	 1.0
1	2017	208	19880.0	 23.0	 27.0	3.000	 3.0	 1.0
1	2017	209	17763.0	 23.0	 28.0	3.000	 3.0	 1.0
1	2017	210	17417.0	 23.0	 27.0	3.000	 4.0	 1.0
1	2017	211	13926.0	 23.0	 28.0	3.000	 4.0	 1.0
1	2017	212	16135.0	 23.0	 28.0	3.000	 4.0	 1.0
1	2017	213	17454.0	 24.0	 28.0	3.000	 4.0	 6.0
1	2017	214	9235.0	 23.0	 25.0	3.000	 3.0	 4.0
1	2017	215	18060.0	 23.0	 27.0	3.000	 4.0	 1.0
1	2017	216	14804.0	 23.0	 27.0	3.000	 4.0	 1.0
1	2017	217	8632.0	 23.0	 26.0	3.000	 4.0	 2.0
1	2017	218	15296.0	 23.0	 27.0	3.000	 4.0	 1.0
1	2017	219	19001.0	 23.0	 28.0	3.000	 3.0	 0.0
1	2017	220	17163.0	 23.0	 27.0	3.000	 4.0	 1.0
1	2017	221	20444.0	 23.0	 28.0	3.000	 3.0	 0.0
1	2017	222	17447.0	 23.0	 27.0	3.000	 3.0	 0.0
1	2017	223	18302.0	 23.0	 28.0	3.000	 3.0	 1.0
1	2017	224	17446.0	 23.0	 28.0	3.000	 3.0	 1.0
1	2017	225	14605.0	 24.0	 28.0	3.000	 4.0	 1.0
1	2017	226	17264.0	 24.0	 28.0	3.000	 4.0	 2.0
1	2017	227	12197.0	 23.0	 26.0	3.000	 4.0	 3.0
1	2017	228	14523.0	 23.0	 28.0	3.000	 4.0	 0.0
1	2017	229	11085.0	 23.0	 27.0	3.000	 4.0	 1.0
1	2017	230	11758.0	 23.0	 26.0	3.000	 5.0	 1.0
1	2017	231	18570.0	 23.0	 27.0	3.000	 3.0	 1.0
1	2017	232	16512.0	 22.0	 27.0	3.000	 3.0	 0.0
1	2017	233	15589.0	 23.0	 27.0	3.000	 4.0	 0.0
1	2017	234	17490.0	 23.0	 26.0	3.000	 4.0	 0.0
1	2017	235	17903.0	 23.0	 28.0	3.000	 3.0	 0.0
1	2017	236	20105.0	 23.0	 29.0	3.000	 3.0	 0.0
1	2017	237	11292.0	 23.0	 27.0	3.000	 3.0	11.0
1	2017	238	6462.0	 23.0	 25.0	3.000	 2.0	13.0
1	2017	239	18896.0	 23.0	 28.0	3.000	 3.0	 2.0
1	2017	240	12235.0	 23.0	 28.0	3.000	 3.0	 0.0
1	2017	241	9644.0	 23.0	 26.0	3.000	 4.0	 1.0
1	2017	242	13599.0	 23.0	 27.0	3.000	 4.0	 4.0
1	2017	243	14395.0	 23.0	 27.0	3.000	 4.0	 1.0
1	2017	244	18245.0	 23.0	 28.0	3.000	 3.0	 1.0
1	2017	245	16114.0	 23.0	 27.0	3.000	 3.0	 1.0
1	2017	246	16263.0	 23.0	 27.0	3.000	 3.0	 1.0
1	2017	247	16494.0	 23.0	 27.0	3.000	 4.0	 1.0
1	2017	248	20112.0	 23.0	 29.0	3.000	 3.0	 0.0
1	2017	249	13915.0	 23.0	 27.0	3.000	 4.0	 2.0
1	2017	250	13815.0	 23.0	 27.0	3.000	 4.0	 9.0
1	2017	251	16914.0	 23.0	 28.0	3.000	 3.0	 0.0
1	2017	252	16525.0	 23.0	 27.0	3.000	 3.0	 1.0
1	2017	253	17999.0	 23.0	 29.0	3.000	 3.0	 1.0
1	2017	254	11650.0	 23.0	 27.0	3.000	 3.0	 2.0
1	2017	255	8251.0	 23.0	 26.0	3.000	 3.0	15.0
1	2017	256	19436.0	 23.0	 28.0	3.000	 3.0	 2.0
1	2017	257	18419.0	 23.0	 28.0	3.000	 3.0	 0.0
1	2017	258	15060.0	 24.0	 27.0	3.000	 4.0	 1.0
1	2017	259	17935.0	 24.0	 28.0	3.000	 4.0	 1.0
1	2017	260	19622.0	 24.0	 27.0	3.000	 3.0	 2.0
1	2017	261	17614.0	 23.0	 29.0	3.000	 3.0	 0.0
1	2017	262	15479.0	 24.0	 29.0	3.000	 4.0	 0.0
1	2017	263	16685.0	 24.0	 28.0	3.000	 4.0	 1.0
1	2017	264	21193.0	 24.0	 29.0	3.000	 4.0	 1.0
1	2017	265	15956.0	 24.0	 27.0	3.000	 4.0	 1.0
1	2017	266	16821.0	 23.0	 28.0	3.000	 3.0	 1.0
1	2017	267	19833.0	 24.0	 30.0	3.000	 1.0	 1.0
1	2017	268	21427.0	 23.0	 29.0	3.000	 2.0	 0.0
1	2017	269	21325.0	 24.0	 30.0	3.000	 2.0	 7.0
1	2017	270	19532.0	 24.0	 29.0	3.000	 2.0	 3.0
1	2017	271	18764.0	 24.0	 30.0	3.000	 3.0	 0.0
1	2017	272	4737.0	 24.0	 25.0	3.000	 2.0	62.0
1	2017	273	19123.0	 23.0	 29.0	3.000	 2.0	 1.0
1	2017	274	20219.0	 24.0	 29.0	3.000	 2.0	 1.0
1	2017	275	21542.0	 24.0	 30.0	3.000	 2.0	 0.0
1	2017	276	20993.0	 24.0	 30.0	3.000	 3.0	 2.0
1	2017	277	19891.0	 25.0	 29.0	3.000	 4.0	 2.0
1	2017	278	19864.0	 24.0	 30.0	3.000	 3.0	 3.0
1	2017	279	16499.0	 23.0	 28.0	3.000	 2.0	 9.0
1	2017	280	15375.0	 24.0	 28.0	3.000	 3.0	 2.0
1	2017	281	9374.0	 23.0	 27.0	3.000	 3.0	34.0
1	2017	282	17030.0	 23.0	 29.0	3.000	 2.0	 0.0
1	2017	283	21621.0	 24.0	 30.0	3.000	 3.0	 0.0
1	2017	284	16481.0	 25.0	 28.0	3.000	 3.0	 1.0
1	2017	285	21921.0	 24.0	 30.0	3.000	 3.0	 1.0
1	2017	286	20608.0	 24.0	 30.0	3.000	 3.0	 6.0
1	2017	287	19596.0	 25.0	 29.0	3.000	 3.0	 2.0
1	2017	288	21249.0	 24.0	 29.0	3.000	 3.0	 1.0
1	2017	289	21785.0	 24.0	 31.0	3.000	 2.0	 0.0
1	2017	290	20536.0	 24.0	 30.0	3.000	 3.0	 2.0
1	2017	291	20861.0	 24.0	 30.0	3.000	 3.0	 1.0
1	2017	292	19104.0	 24.0	 30.0	3.000	 2.0	 1.0
1	2017	293	21191.0	 24.0	 30.0	3.000	 2.0	 2.0
1	2017	294	19928.0	 25.0	 30.0	3.000	 3.0	 0.0
1	2017	295	18905.0	 25.0	 29.0	3.000	 3.0	 0.0
1	2017	296	18632.0	 25.0	 29.0	3.000	 3.0	 3.0
1	2017	297	21108.0	 25.0	 30.0	3.000	 2.0	 1.0
1	2017	298	17065.0	 25.0	 29.0	3.000	 2.0	 1.0
1	2017	299	18582.0	 25.0	 30.0	3.000	 2.0	 1.0
1	2017	300	19587.0	 25.0	 30.0	3.000	 2.0	 2.0
1	2017	301	17264.0	 25.0	 30.0	3.000	 3.0	 3.0
1	2017	302	18660.0	 24.0	 30.0	3.000	 2.0	 1.0
1	2017	303	21020.0	 24.0	 30.0	3.000	 2.0	 0.0
1	2017	304	13838.0	 25.0	 29.0	3.000	 2.0	 4.0
1	2017	305	19158.0	 24.0	 30.0	3.000	 2.0	 1.0
1	2017	306	15863.0	 25.0	 30.0	3.000	 2.0	 1.0
1	2017	307	18522.0	 25.0	 30.0	3.000	 2.0	 1.0
1	2017	308	16724.0	 25.0	 30.0	3.000	 3.0	 6.0
1	2017	309	18853.0	 24.0	 30.0	3.000	 2.0	 5.0
1	2017	310	17177.0	 24.0	 30.0	3.000	 3.0	 2.0
1	2017	311	21553.0	 24.0	 30.0	3.000	 1.0	 0.0
1	2017	312	21229.0	 25.0	 31.0	3.000	 2.0	 0.0
1	2017	313	18539.0	 25.0	 30.0	3.000	 2.0	 1.0
1	2017	314	20892.0	 25.0	 31.0	3.000	 2.0	 1.0
1	2017	315	16879.0	 25.0	 29.0	3.000	 3.0	 0.0
1	2017	316	19917.0	 26.0	 31.0	3.000	 2.0	 0.0
1	2017	317	17865.0	 26.0	 30.0	3.000	 2.0	 0.0
1	2017	318	18354.0	 25.0	 31.0	3.000	 2.0	 3.0
1	2017	319	16872.0	 25.0	 30.0	3.000	 3.0	 4.0
1	2017	320	16066.0	 25.0	 30.0	3.000	 3.0	 1.0
1	2017	321	17125.0	 25.0	 30.0	3.000	 3.0	 2.0
1	2017	322	18998.0	 25.0	 30.0	3.000	 3.0	 0.0
1	2017	323	16869.0	 25.0	 30.0	3.000	 3.0	 1.0
1	2017	324	15795.0	 24.0	 29.0	3.000	 2.0	 2.0
1	2017	325	20058.0	 25.0	 31.0	3.000	 2.0	 2.0
1	2017	326	13509.0	 25.0	 29.0	3.000	 2.0	 2.0
1	2017	327	14152.0	 25.0	 30.0	3.000	 2.0	 8.0
1	2017	328	18848.0	 24.0	 30.0	3.000	 2.0	 0.0
1	2017	329	16969.0	 24.0	 29.0	3.000	 2.0	 6.0
1	2017	330	18923.0	 24.0	 30.0	3.000	 2.0	 1.0
1	2017	331	19084.0	 25.0	 30.0	3.000	 2.0	 1.0
1	2017	332	21135.0	 24.0	 31.0	3.000	 2.0	 0.0
1	2017	333	20192.0	 25.0	 31.0	3.000	 2.0	 1.0
1	2017	334	20491.0	 25.0	 31.0	3.000	 1.0	 0.0
1	2017	335	20263.0	 25.0	 31.0	3.000	 2.0	 0.0
1	2017	336	18128.0	 25.0	 31.0	3.000	 2.0	 1.0
1	2017	337	18565.0	 25.0	 31.0	3.000	 2.0	 1.0
1	2017	338	18552.0	 26.0	 31.0	3.000	 3.0	 1.0
1	2017	339	17896.0	 26.0	 32.0	3.000	 3.0	 1.0
1	2017	340	18427.0	 26.0	 31.0	3.000	 3.0	 2.0
1	2017	341	16623.0	 26.0	 31.0	3.000	 2.0	 1.0
1	2017	342	14834.0	 25.0	 30.0	3.000	 2.0	 4.0
1	2017	343	14578.0	 25.0	 30.0	3.000	 2.0	 1.0
1	2017	344	19328.0	 25.0	 31.0	3.000	 1.0	 0.0
1	2017	345	20635.0	 24.0	 32.0	3.000	 1.0	 0.0
1	2017	346	17095.0	 25.0	 30.0	3.000	 1.0	 0.0
1	2017	347	20509.0	 24.0	 31.0	3.000	 1.0	 0.0
1	2017	348	19670.0	 25.0	 31.0	3.000	 2.0	 0.0
1	2017	349	19408.0	 25.0	 31.0	3.000	 3.0	 0.0
1	2017	350	16908.0	 26.0	 31.0	3.000	 3.0	 1.0
1	2017	351	17512.0	 25.0	 32.0	3.000	 4.0	 0.0
1	2017	352	18281.0	 25.0	 31.0	3.000	 4.0	 1.0
1	2017	353	15647.0	 24.0	 30.0	3.000	 3.0	 0.0
1	2017	354	15630.0	 24.0	 31.0	3.000	 3.0	 0.0
1	2017	355	17299.0	 24.0	 31.0	3.000	 2.0	 0.0
1	2017	356	18593.0	 25.0	 31.0	3.000	 3.0	 0.0
1	2017	357	21227.0	 23.0	 33.0	2.000	 1.0	 0.0
1	2017	358	22056.0	 23.0	 33.0	2.000	 2.0	 0.0
1	2017	359	21497.0	 23.0	 32.0	3.000	 1.0	 0.0
1	2017	360	21005.0	 23.0	 32.0	3.000	 1.0	 0.0
1	2017	361	21394.0	 23.0	 32.0	3.000	 1.0	 0.0
1	2017	362	21518.0	 23.0	 32.0	3.000	 2.0	 0.0
1	2017	363	20471.0	 24.0	 32.0	3.000	 2.0	 0.0
1	2017	364	20127.0	 25.0	 32.0	3.000	 2.0	 0.0
1	2017	365	18760.0	 25.0	 32.0	3.000	 1.0	 0.0
