*---------------------------------------------------
* Station: Greater_Accra
* Year: 2018
* Origin: ERA5-Reanalysis
* Columns & units
* ===================
* 1. station number
* 2. year
* 3. Day of Year
* 4. Irradiance   (kJ路m-2路d-1)
* 5. Daily minimum temperature (degC)
* 6. Daily maximum temperature (degC)
* 7. Vapour pressure (kPa)
* 8. Mean wind speed (m路s-1)
* 9. Precipitation (mm路d-1)
** WCCDESCRIPTION=Greater_Accra
** WCCFORMAT=2
** WCCYEARNR=2018
*------------------------------------------------------------*
0.05  5.81  23.00 -0.18  -0.55
1	2018	1	20781.0	 25.0	 32.0	3.000	 1.0	 0.0
1	2018	2	20524.0	 24.0	 33.0	2.000	 1.0	 0.0
1	2018	3	22314.0	 23.0	 33.0	2.000	 1.0	 0.0
1	2018	4	22464.0	 23.0	 33.0	2.000	 1.0	 0.0
1	2018	5	22308.0	 22.0	 32.0	2.000	 1.0	 0.0
1	2018	6	20796.0	 23.0	 32.0	3.000	 2.0	 0.0
1	2018	7	17837.0	 25.0	 31.0	3.000	 3.0	 0.0
1	2018	8	17126.0	 25.0	 32.0	3.000	 2.0	 0.0
1	2018	9	18606.0	 25.0	 31.0	3.000	 2.0	 0.0
1	2018	10	19634.0	 25.0	 31.0	3.000	 3.0	 0.0
1	2018	11	20149.0	 25.0	 31.0	3.000	 3.0	 1.0
1	2018	12	20671.0	 25.0	 33.0	3.000	 3.0	 0.0
1	2018	13	22520.0	 24.0	 34.0	3.000	 2.0	 0.0
1	2018	14	21457.0	 24.0	 33.0	3.000	 2.0	 0.0
1	2018	15	18293.0	 25.0	 31.0	3.000	 3.0	 1.0
1	2018	16	19486.0	 25.0	 31.0	3.000	 3.0	 0.0
1	2018	17	19537.0	 25.0	 32.0	3.000	 3.0	 1.0
1	2018	18	21740.0	 25.0	 33.0	3.000	 3.0	 0.0
1	2018	19	20026.0	 25.0	 33.0	3.000	 3.0	 0.0
1	2018	20	19541.0	 25.0	 32.0	3.000	 3.0	 1.0
1	2018	21	19823.0	 25.0	 32.0	3.000	 3.0	 0.0
1	2018	22	20442.0	 25.0	 32.0	3.000	 2.0	 0.0
1	2018	23	19273.0	 25.0	 31.0	3.000	 2.0	 1.0
1	2018	24	19569.0	 25.0	 32.0	3.000	 2.0	 0.0
1	2018	25	18621.0	 25.0	 31.0	3.000	 2.0	 1.0
1	2018	26	21631.0	 24.0	 32.0	3.000	 2.0	 0.0
1	2018	27	21701.0	 24.0	 32.0	3.000	 2.0	 0.0
1	2018	28	19720.0	 25.0	 32.0	3.000	 2.0	 0.0
1	2018	29	20538.0	 25.0	 33.0	3.000	 3.0	 0.0
1	2018	30	19617.0	 25.0	 32.0	3.000	 2.0	 0.0
1	2018	31	21210.0	 26.0	 32.0	3.000	 2.0	 0.0
1	2018	32	21937.0	 25.0	 34.0	3.000	 3.0	 0.0
1	2018	33	20194.0	 26.0	 33.0	3.000	 3.0	 0.0
1	2018	34	21453.0	 25.0	 33.0	3.000	 3.0	 1.0
1	2018	35	21439.0	 26.0	 34.0	3.000	 3.0	 1.0
1	2018	36	21345.0	 26.0	 34.0	3.000	 3.0	 0.0
1	2018	37	20103.0	 27.0	 33.0	3.000	 4.0	 1.0
1	2018	38	18894.0	 26.0	 33.0	3.000	 4.0	 0.0
1	2018	39	17663.0	 26.0	 33.0	3.000	 4.0	 1.0
1	2018	40	15702.0	 27.0	 32.0	3.000	 4.0	 0.0
1	2018	41	21363.0	 26.0	 34.0	3.000	 4.0	 1.0
1	2018	42	17917.0	 26.0	 33.0	3.000	 4.0	 3.0
1	2018	43	19467.0	 26.0	 33.0	3.000	 2.0	 2.0
1	2018	44	16696.0	 27.0	 31.0	3.000	 2.0	 1.0
1	2018	45	22366.0	 26.0	 33.0	3.000	 3.0	 0.0
1	2018	46	22253.0	 26.0	 33.0	3.000	 3.0	 0.0
1	2018	47	21494.0	 26.0	 33.0	3.000	 4.0	 0.0
1	2018	48	21493.0	 27.0	 34.0	3.000	 4.0	 1.0
1	2018	49	19844.0	 26.0	 32.0	3.000	 4.0	 0.0
1	2018	50	16424.0	 26.0	 31.0	3.000	 3.0	 0.0
1	2018	51	21362.0	 26.0	 33.0	3.000	 3.0	 0.0
1	2018	52	20709.0	 25.0	 33.0	3.000	 4.0	 0.0
1	2018	53	23440.0	 25.0	 33.0	3.000	 4.0	 0.0
1	2018	54	22042.0	 26.0	 33.0	3.000	 4.0	 0.0
1	2018	55	16081.0	 25.0	 31.0	3.000	 3.0	 0.0
1	2018	56	21641.0	 25.0	 34.0	3.000	 3.0	 2.0
1	2018	57	12928.0	 24.0	 31.0	3.000	 2.0	 0.0
1	2018	58	22585.0	 25.0	 33.0	3.000	 3.0	 1.0
1	2018	59	21480.0	 25.0	 33.0	3.000	 3.0	 0.0
1	2018	60	20312.0	 26.0	 32.0	3.000	 3.0	 0.0
1	2018	61	19336.0	 26.0	 32.0	3.000	 3.0	 1.0
1	2018	62	22576.0	 25.0	 33.0	3.000	 4.0	 0.0
1	2018	63	19973.0	 26.0	 32.0	3.000	 4.0	 2.0
1	2018	64	19794.0	 26.0	 32.0	3.000	 4.0	 1.0
1	2018	65	23027.0	 25.0	 32.0	3.000	 3.0	 0.0
1	2018	66	22577.0	 25.0	 33.0	3.000	 3.0	 0.0
1	2018	67	21602.0	 25.0	 33.0	3.000	 3.0	 0.0
1	2018	68	20575.0	 26.0	 32.0	3.000	 4.0	 0.0
1	2018	69	17118.0	 26.0	 32.0	3.000	 4.0	 1.0
1	2018	70	20335.0	 26.0	 33.0	3.000	 4.0	 0.0
1	2018	71	19654.0	 26.0	 32.0	3.000	 4.0	 2.0
1	2018	72	20020.0	 26.0	 33.0	3.000	 4.0	 1.0
1	2018	73	24406.0	 25.0	 34.0	3.000	 4.0	 0.0
1	2018	74	22825.0	 26.0	 33.0	3.000	 4.0	 2.0
1	2018	75	19365.0	 26.0	 33.0	3.000	 4.0	 1.0
1	2018	76	23846.0	 26.0	 35.0	3.000	 4.0	 1.0
1	2018	77	19397.0	 26.0	 33.0	3.000	 4.0	 1.0
1	2018	78	22147.0	 26.0	 33.0	3.000	 4.0	 0.0
1	2018	79	21573.0	 26.0	 33.0	3.000	 4.0	 0.0
1	2018	80	19821.0	 26.0	 33.0	3.000	 4.0	 2.0
1	2018	81	20388.0	 26.0	 33.0	3.000	 3.0	 0.0
1	2018	82	19893.0	 26.0	 33.0	3.000	 3.0	 4.0
1	2018	83	14564.0	 24.0	 30.0	3.000	 1.0	 7.0
1	2018	84	20723.0	 26.0	 32.0	3.000	 2.0	 1.0
1	2018	85	24803.0	 26.0	 32.0	3.000	 3.0	 1.0
1	2018	86	23931.0	 26.0	 32.0	3.000	 4.0	 0.0
1	2018	87	20146.0	 26.0	 31.0	3.000	 4.0	 0.0
1	2018	88	20261.0	 26.0	 31.0	3.000	 4.0	 1.0
1	2018	89	19244.0	 26.0	 31.0	3.000	 2.0	 1.0
1	2018	90	22920.0	 26.0	 32.0	3.000	 3.0	 0.0
1	2018	91	21265.0	 26.0	 33.0	3.000	 3.0	 2.0
1	2018	92	16724.0	 26.0	 32.0	3.000	 4.0	 4.0
1	2018	93	19309.0	 25.0	 31.0	3.000	 4.0	 0.0
1	2018	94	22700.0	 25.0	 32.0	3.000	 3.0	 0.0
1	2018	95	23605.0	 26.0	 32.0	3.000	 4.0	 0.0
1	2018	96	23672.0	 25.0	 33.0	3.000	 3.0	 1.0
1	2018	97	18431.0	 26.0	 31.0	3.000	 4.0	 1.0
1	2018	98	17878.0	 25.0	 31.0	3.000	 3.0	 1.0
1	2018	99	20671.0	 25.0	 32.0	3.000	 4.0	 1.0
1	2018	100	8696.0	 24.0	 28.0	3.000	 2.0	 2.0
1	2018	101	18559.0	 24.0	 30.0	3.000	 2.0	 1.0
1	2018	102	21335.0	 26.0	 32.0	3.000	 3.0	 1.0
1	2018	103	21079.0	 26.0	 31.0	3.000	 4.0	 1.0
1	2018	104	22424.0	 26.0	 32.0	3.000	 4.0	 0.0
1	2018	105	21949.0	 25.0	 34.0	3.000	 2.0	12.0
1	2018	106	22787.0	 25.0	 32.0	3.000	 3.0	 7.0
1	2018	107	20313.0	 26.0	 31.0	3.000	 3.0	 0.0
1	2018	108	20460.0	 26.0	 31.0	3.000	 4.0	 2.0
1	2018	109	21854.0	 25.0	 31.0	3.000	 4.0	 0.0
1	2018	110	21791.0	 26.0	 32.0	3.000	 3.0	 3.0
1	2018	111	18317.0	 26.0	 30.0	3.000	 3.0	 3.0
1	2018	112	19310.0	 25.0	 30.0	3.000	 3.0	 1.0
1	2018	113	18639.0	 25.0	 31.0	3.000	 4.0	 0.0
1	2018	114	19484.0	 26.0	 32.0	3.000	 4.0	 0.0
1	2018	115	21991.0	 26.0	 31.0	3.000	 4.0	 0.0
1	2018	116	18997.0	 25.0	 32.0	3.000	 3.0	 1.0
1	2018	117	23729.0	 25.0	 33.0	3.000	 3.0	 1.0
1	2018	118	21806.0	 26.0	 33.0	3.000	 3.0	 0.0
1	2018	119	15133.0	 26.0	 31.0	3.000	 4.0	 8.0
1	2018	120	19549.0	 26.0	 31.0	3.000	 3.0	 2.0
1	2018	121	22518.0	 26.0	 32.0	3.000	 3.0	 1.0
1	2018	122	19614.0	 25.0	 32.0	3.000	 4.0	 2.0
1	2018	123	18387.0	 25.0	 31.0	3.000	 4.0	 1.0
1	2018	124	20393.0	 25.0	 32.0	3.000	 3.0	 0.0
1	2018	125	21208.0	 25.0	 32.0	3.000	 3.0	 9.0
1	2018	126	8773.0	 25.0	 29.0	3.000	 3.0	14.0
1	2018	127	20970.0	 24.0	 31.0	3.000	 3.0	 0.0
1	2018	128	20821.0	 26.0	 31.0	3.000	 3.0	 1.0
1	2018	129	15798.0	 26.0	 31.0	3.000	 4.0	 1.0
1	2018	130	18355.0	 26.0	 30.0	3.000	 3.0	 5.0
1	2018	131	4017.0	 24.0	 26.0	3.000	 1.0	64.0
1	2018	132	12483.0	 24.0	 30.0	3.000	 2.0	17.0
1	2018	133	8153.0	 24.0	 27.0	3.000	 3.0	17.0
1	2018	134	22688.0	 25.0	 31.0	3.000	 3.0	 0.0
1	2018	135	18735.0	 25.0	 29.0	3.000	 3.0	 2.0
1	2018	136	18982.0	 25.0	 29.0	3.000	 3.0	 1.0
1	2018	137	20083.0	 24.0	 29.0	3.000	 2.0	 8.0
1	2018	138	18385.0	 24.0	 29.0	3.000	 2.0	 1.0
1	2018	139	19975.0	 25.0	 30.0	3.000	 3.0	 7.0
1	2018	140	22173.0	 24.0	 31.0	3.000	 4.0	 0.0
1	2018	141	17435.0	 25.0	 29.0	3.000	 3.0	 0.0
1	2018	142	20502.0	 25.0	 29.0	3.000	 3.0	 1.0
1	2018	143	17821.0	 25.0	 29.0	3.000	 3.0	 7.0
1	2018	144	18712.0	 25.0	 29.0	3.000	 3.0	 1.0
1	2018	145	20556.0	 25.0	 30.0	3.000	 3.0	 1.0
1	2018	146	16830.0	 25.0	 29.0	3.000	 4.0	 2.0
1	2018	147	13324.0	 24.0	 28.0	3.000	 3.0	 4.0
1	2018	148	20737.0	 24.0	 30.0	3.000	 3.0	 1.0
1	2018	149	17677.0	 25.0	 29.0	3.000	 3.0	 2.0
1	2018	150	11628.0	 24.0	 28.0	3.000	 3.0	 5.0
1	2018	151	18373.0	 24.0	 29.0	3.000	 3.0	 1.0
1	2018	152	19389.0	 24.0	 29.0	3.000	 3.0	 1.0
1	2018	153	19458.0	 24.0	 29.0	3.000	 3.0	 5.0
1	2018	154	13994.0	 25.0	 30.0	3.000	 2.0	13.0
1	2018	155	14729.0	 25.0	 29.0	3.000	 3.0	 2.0
1	2018	156	18932.0	 25.0	 30.0	3.000	 3.0	 4.0
1	2018	157	19473.0	 25.0	 30.0	3.000	 3.0	 1.0
1	2018	158	17740.0	 25.0	 29.0	3.000	 3.0	 3.0
1	2018	159	18185.0	 24.0	 30.0	3.000	 3.0	 1.0
1	2018	160	15442.0	 25.0	 29.0	3.000	 4.0	 8.0
1	2018	161	10812.0	 24.0	 28.0	3.000	 2.0	10.0
1	2018	162	11399.0	 24.0	 27.0	3.000	 2.0	 5.0
1	2018	163	20399.0	 24.0	 29.0	3.000	 2.0	 1.0
1	2018	164	16064.0	 25.0	 28.0	3.000	 3.0	 1.0
1	2018	165	19555.0	 25.0	 29.0	3.000	 3.0	 1.0
1	2018	166	13778.0	 24.0	 29.0	3.000	 3.0	 4.0
1	2018	167	13398.0	 24.0	 29.0	3.000	 3.0	 4.0
1	2018	168	9776.0	 24.0	 27.0	3.000	 4.0	 5.0
1	2018	169	14315.0	 24.0	 29.0	3.000	 5.0	 9.0
1	2018	170	19017.0	 23.0	 29.0	3.000	 4.0	48.0
1	2018	171	17093.0	 24.0	 28.0	3.000	 4.0	 0.0
1	2018	172	11555.0	 24.0	 27.0	3.000	 4.0	 3.0
1	2018	173	16810.0	 23.0	 27.0	3.000	 3.0	 2.0
1	2018	174	15290.0	 23.0	 27.0	3.000	 3.0	 3.0
1	2018	175	15864.0	 24.0	 28.0	3.000	 3.0	 1.0
1	2018	176	19757.0	 24.0	 29.0	3.000	 2.0	 1.0
1	2018	177	16793.0	 23.0	 28.0	3.000	 3.0	 0.0
1	2018	178	19098.0	 24.0	 28.0	3.000	 4.0	 1.0
1	2018	179	12772.0	 23.0	 27.0	3.000	 3.0	 1.0
1	2018	180	15458.0	 23.0	 28.0	3.000	 3.0	 3.0
1	2018	181	11673.0	 23.0	 27.0	3.000	 4.0	 7.0
1	2018	182	8951.0	 23.0	 26.0	3.000	 3.0	22.0
1	2018	183	18405.0	 23.0	 29.0	3.000	 3.0	 1.0
1	2018	184	18363.0	 23.0	 27.0	3.000	 3.0	 1.0
1	2018	185	17483.0	 24.0	 28.0	3.000	 3.0	 1.0
1	2018	186	16668.0	 23.0	 29.0	3.000	 2.0	11.0
1	2018	187	14598.0	 23.0	 27.0	3.000	 2.0	 5.0
1	2018	188	15031.0	 23.0	 27.0	3.000	 3.0	 1.0
1	2018	189	11919.0	 23.0	 28.0	3.000	 3.0	 0.0
1	2018	190	14062.0	 24.0	 27.0	3.000	 2.0	 1.0
1	2018	191	19283.0	 23.0	 28.0	3.000	 2.0	 1.0
1	2018	192	16801.0	 24.0	 29.0	3.000	 3.0	 1.0
1	2018	193	14301.0	 24.0	 27.0	3.000	 3.0	 5.0
1	2018	194	15303.0	 23.0	 28.0	3.000	 3.0	 7.0
1	2018	195	15071.0	 23.0	 27.0	3.000	 3.0	 2.0
1	2018	196	18402.0	 24.0	 27.0	3.000	 4.0	 1.0
1	2018	197	13288.0	 24.0	 27.0	3.000	 3.0	 6.0
1	2018	198	11836.0	 24.0	 27.0	3.000	 3.0	 3.0
1	2018	199	17202.0	 24.0	 28.0	3.000	 3.0	 2.0
1	2018	200	17972.0	 23.0	 28.0	3.000	 3.0	 1.0
1	2018	201	14787.0	 24.0	 27.0	3.000	 4.0	 1.0
1	2018	202	14060.0	 23.0	 27.0	3.000	 3.0	 1.0
1	2018	203	17757.0	 24.0	 28.0	3.000	 2.0	 1.0
1	2018	204	18229.0	 24.0	 29.0	3.000	 3.0	 1.0
1	2018	205	17038.0	 24.0	 28.0	3.000	 4.0	 2.0
1	2018	206	9709.0	 24.0	 26.0	3.000	 5.0	 1.0
1	2018	207	16011.0	 24.0	 28.0	3.000	 4.0	 1.0
1	2018	208	16572.0	 24.0	 29.0	3.000	 3.0	 0.0
1	2018	209	18177.0	 24.0	 28.0	3.000	 4.0	 1.0
1	2018	210	16654.0	 24.0	 27.0	3.000	 4.0	 2.0
1	2018	211	18920.0	 23.0	 27.0	3.000	 4.0	 1.0
1	2018	212	19295.0	 22.0	 28.0	3.000	 4.0	 1.0
1	2018	213	17336.0	 23.0	 28.0	3.000	 4.0	 0.0
1	2018	214	18309.0	 24.0	 28.0	3.000	 3.0	 0.0
1	2018	215	16921.0	 23.0	 27.0	3.000	 4.0	 2.0
1	2018	216	18163.0	 23.0	 27.0	3.000	 4.0	 2.0
1	2018	217	18599.0	 23.0	 28.0	2.000	 4.0	 0.0
1	2018	218	18433.0	 22.0	 28.0	3.000	 4.0	 0.0
1	2018	219	14431.0	 23.0	 28.0	3.000	 4.0	 1.0
1	2018	220	21162.0	 23.0	 29.0	3.000	 3.0	 0.0
1	2018	221	19132.0	 23.0	 28.0	3.000	 4.0	 0.0
1	2018	222	19162.0	 23.0	 28.0	3.000	 4.0	 0.0
1	2018	223	19150.0	 23.0	 29.0	3.000	 3.0	 0.0
1	2018	224	19253.0	 24.0	 29.0	3.000	 4.0	 0.0
1	2018	225	12529.0	 23.0	 28.0	3.000	 4.0	19.0
1	2018	226	18012.0	 23.0	 28.0	3.000	 3.0	 2.0
1	2018	227	20927.0	 23.0	 29.0	3.000	 4.0	 0.0
1	2018	228	20076.0	 23.0	 29.0	3.000	 4.0	 0.0
1	2018	229	10316.0	 24.0	 26.0	3.000	 4.0	 2.0
1	2018	230	18016.0	 24.0	 29.0	3.000	 4.0	 1.0
1	2018	231	17612.0	 23.0	 29.0	3.000	 4.0	 4.0
1	2018	232	17939.0	 23.0	 29.0	3.000	 4.0	 4.0
1	2018	233	17553.0	 24.0	 30.0	3.000	 4.0	 3.0
1	2018	234	14899.0	 24.0	 27.0	3.000	 4.0	 2.0
1	2018	235	9572.0	 23.0	 26.0	3.000	 3.0	 5.0
1	2018	236	9425.0	 23.0	 26.0	3.000	 3.0	 2.0
1	2018	237	13315.0	 23.0	 27.0	3.000	 4.0	 3.0
1	2018	238	19338.0	 23.0	 27.0	3.000	 3.0	 3.0
1	2018	239	18206.0	 23.0	 28.0	3.000	 2.0	 0.0
1	2018	240	20643.0	 23.0	 28.0	3.000	 3.0	 1.0
1	2018	241	17569.0	 23.0	 28.0	3.000	 3.0	 1.0
1	2018	242	14995.0	 23.0	 28.0	3.000	 3.0	 0.0
1	2018	243	12101.0	 23.0	 28.0	3.000	 4.0	 1.0
1	2018	244	16323.0	 24.0	 28.0	3.000	 4.0	 1.0
1	2018	245	17315.0	 24.0	 28.0	3.000	 3.0	 1.0
1	2018	246	18739.0	 23.0	 29.0	3.000	 3.0	 1.0
1	2018	247	13954.0	 24.0	 28.0	3.000	 3.0	 4.0
1	2018	248	18108.0	 24.0	 28.0	3.000	 3.0	 0.0
1	2018	249	14147.0	 23.0	 28.0	3.000	 3.0	 4.0
1	2018	250	12613.0	 24.0	 28.0	3.000	 4.0	 8.0
1	2018	251	11268.0	 23.0	 27.0	3.000	 3.0	 5.0
1	2018	252	13650.0	 23.0	 27.0	3.000	 3.0	 1.0
1	2018	253	15290.0	 24.0	 29.0	3.000	 2.0	 3.0
1	2018	254	15051.0	 24.0	 28.0	3.000	 2.0	 3.0
1	2018	255	20012.0	 23.0	 30.0	3.000	 2.0	28.0
1	2018	256	20872.0	 23.0	 29.0	3.000	 2.0	 1.0
1	2018	257	21909.0	 24.0	 29.0	3.000	 3.0	 0.0
1	2018	258	20215.0	 24.0	 28.0	3.000	 3.0	 1.0
1	2018	259	15681.0	 24.0	 29.0	3.000	 2.0	 1.0
1	2018	260	19149.0	 24.0	 29.0	3.000	 3.0	 1.0
1	2018	261	18050.0	 24.0	 29.0	3.000	 3.0	 1.0
1	2018	262	13460.0	 24.0	 28.0	3.000	 2.0	 4.0
1	2018	263	20903.0	 24.0	 30.0	3.000	 2.0	 0.0
1	2018	264	18431.0	 25.0	 30.0	3.000	 3.0	 7.0
1	2018	265	15233.0	 24.0	 30.0	3.000	 3.0	 4.0
1	2018	266	11702.0	 24.0	 28.0	3.000	 2.0	 7.0
1	2018	267	16625.0	 24.0	 29.0	3.000	 2.0	 1.0
1	2018	268	15793.0	 24.0	 30.0	3.000	 3.0	 6.0
1	2018	269	19698.0	 24.0	 29.0	3.000	 3.0	 1.0
1	2018	270	18431.0	 24.0	 29.0	3.000	 3.0	 1.0
1	2018	271	16999.0	 24.0	 29.0	3.000	 3.0	 8.0
1	2018	272	19201.0	 23.0	 30.0	3.000	 2.0	 1.0
1	2018	273	19601.0	 24.0	 30.0	3.000	 3.0	 2.0
1	2018	274	21615.0	 24.0	 31.0	3.000	 2.0	 2.0
1	2018	275	18625.0	 24.0	 29.0	3.000	 2.0	 0.0
1	2018	276	19832.0	 24.0	 30.0	3.000	 2.0	 2.0
1	2018	277	20256.0	 24.0	 30.0	3.000	 3.0	 0.0
1	2018	278	19101.0	 25.0	 29.0	3.000	 3.0	 2.0
1	2018	279	18327.0	 24.0	 29.0	3.000	 2.0	 1.0
1	2018	280	19814.0	 24.0	 30.0	3.000	 2.0	 1.0
1	2018	281	10572.0	 24.0	 28.0	3.000	 2.0	 9.0
1	2018	282	18293.0	 23.0	 29.0	3.000	 3.0	 4.0
1	2018	283	17143.0	 24.0	 30.0	3.000	 2.0	 1.0
1	2018	284	19455.0	 24.0	 30.0	3.000	 2.0	 5.0
1	2018	285	13195.0	 23.0	 29.0	3.000	 2.0	11.0
1	2018	286	13569.0	 24.0	 28.0	3.000	 3.0	 2.0
1	2018	287	19992.0	 24.0	 30.0	3.000	 2.0	 0.0
1	2018	288	17979.0	 24.0	 29.0	3.000	 2.0	 2.0
1	2018	289	19790.0	 24.0	 30.0	3.000	 1.0	 2.0
1	2018	290	19772.0	 24.0	 30.0	3.000	 2.0	 3.0
1	2018	291	19481.0	 24.0	 29.0	3.000	 3.0	 2.0
1	2018	292	21567.0	 25.0	 30.0	3.000	 2.0	 4.0
1	2018	293	22381.0	 24.0	 31.0	3.000	 2.0	 0.0
1	2018	294	17688.0	 25.0	 29.0	3.000	 2.0	 4.0
1	2018	295	17411.0	 25.0	 30.0	3.000	 2.0	 8.0
1	2018	296	15258.0	 24.0	 29.0	3.000	 3.0	 1.0
1	2018	297	19951.0	 24.0	 31.0	3.000	 2.0	 1.0
1	2018	298	18284.0	 24.0	 30.0	3.000	 1.0	 0.0
1	2018	299	19308.0	 24.0	 30.0	3.000	 1.0	 9.0
1	2018	300	20091.0	 24.0	 30.0	3.000	 2.0	 2.0
1	2018	301	19799.0	 25.0	 31.0	3.000	 2.0	 6.0
1	2018	302	7216.0	 24.0	 27.0	3.000	 1.0	 8.0
1	2018	303	18940.0	 24.0	 30.0	3.000	 1.0	 3.0
1	2018	304	21645.0	 25.0	 32.0	3.000	 3.0	 2.0
1	2018	305	19793.0	 25.0	 31.0	3.000	 3.0	 5.0
1	2018	306	18645.0	 25.0	 30.0	3.000	 3.0	 8.0
1	2018	307	18948.0	 24.0	 30.0	3.000	 3.0	 2.0
1	2018	308	14667.0	 23.0	 28.0	3.000	 2.0	 1.0
1	2018	309	18929.0	 24.0	 29.0	3.000	 2.0	 2.0
1	2018	310	17367.0	 24.0	 30.0	3.000	 2.0	 3.0
1	2018	311	18398.0	 24.0	 30.0	3.000	 1.0	 1.0
1	2018	312	19796.0	 24.0	 30.0	3.000	 1.0	 1.0
1	2018	313	18248.0	 25.0	 30.0	3.000	 2.0	 0.0
1	2018	314	21354.0	 25.0	 31.0	3.000	 2.0	 0.0
1	2018	315	17728.0	 25.0	 30.0	3.000	 2.0	 1.0
1	2018	316	21279.0	 25.0	 31.0	3.000	 2.0	 0.0
1	2018	317	21228.0	 25.0	 32.0	3.000	 2.0	 0.0
1	2018	318	19043.0	 26.0	 32.0	3.000	 4.0	 1.0
1	2018	319	17650.0	 25.0	 30.0	3.000	 3.0	 1.0
1	2018	320	19309.0	 25.0	 31.0	3.000	 2.0	 0.0
1	2018	321	20514.0	 25.0	 32.0	3.000	 2.0	 1.0
1	2018	322	20387.0	 25.0	 31.0	3.000	 2.0	 0.0
1	2018	323	19074.0	 24.0	 31.0	3.000	 1.0	 2.0
1	2018	324	14592.0	 24.0	 31.0	3.000	 1.0	 1.0
1	2018	325	19806.0	 25.0	 31.0	3.000	 2.0	 0.0
1	2018	326	20341.0	 25.0	 31.0	3.000	 2.0	 0.0
1	2018	327	17752.0	 26.0	 31.0	3.000	 3.0	 1.0
1	2018	328	18957.0	 25.0	 32.0	3.000	 2.0	 0.0
1	2018	329	20036.0	 26.0	 32.0	3.000	 3.0	 1.0
1	2018	330	18226.0	 26.0	 31.0	3.000	 3.0	 1.0
1	2018	331	19014.0	 25.0	 31.0	3.000	 1.0	 2.0
1	2018	332	17519.0	 26.0	 31.0	3.000	 2.0	 0.0
1	2018	333	20036.0	 26.0	 32.0	3.000	 2.0	 1.0
1	2018	334	19677.0	 26.0	 32.0	3.000	 3.0	 1.0
1	2018	335	17096.0	 26.0	 31.0	3.000	 3.0	 2.0
1	2018	336	19096.0	 25.0	 32.0	3.000	 2.0	 4.0
1	2018	337	17236.0	 25.0	 31.0	3.000	 2.0	 0.0
1	2018	338	18409.0	 26.0	 31.0	3.000	 1.0	 1.0
1	2018	339	18351.0	 25.0	 32.0	3.000	 1.0	 0.0
1	2018	340	20711.0	 25.0	 32.0	3.000	 1.0	 0.0
1	2018	341	18653.0	 25.0	 32.0	3.000	 2.0	 1.0
1	2018	342	19217.0	 25.0	 33.0	3.000	 3.0	 1.0
1	2018	343	19161.0	 26.0	 33.0	3.000	 2.0	 1.0
1	2018	344	18624.0	 25.0	 33.0	3.000	 2.0	 0.0
1	2018	345	18278.0	 26.0	 33.0	3.000	 2.0	 0.0
1	2018	346	17043.0	 25.0	 32.0	3.000	 2.0	 6.0
1	2018	347	17147.0	 25.0	 31.0	3.000	 1.0	 1.0
1	2018	348	19546.0	 26.0	 32.0	3.000	 2.0	 1.0
1	2018	349	20543.0	 26.0	 33.0	3.000	 2.0	 0.0
1	2018	350	18562.0	 26.0	 31.0	3.000	 3.0	 1.0
1	2018	351	19137.0	 26.0	 33.0	3.000	 2.0	 0.0
1	2018	352	17858.0	 26.0	 32.0	3.000	 2.0	 4.0
1	2018	353	18032.0	 25.0	 31.0	3.000	 2.0	 2.0
1	2018	354	17794.0	 25.0	 32.0	3.000	 1.0	 0.0
1	2018	355	18169.0	 26.0	 32.0	3.000	 2.0	 1.0
1	2018	356	18368.0	 25.0	 31.0	3.000	 2.0	 1.0
1	2018	357	20279.0	 25.0	 33.0	3.000	 1.0	 0.0
1	2018	358	20730.0	 24.0	 33.0	3.000	 1.0	 0.0
1	2018	359	21774.0	 24.0	 33.0	3.000	 1.0	 0.0
1	2018	360	20207.0	 24.0	 33.0	3.000	 2.0	 0.0
1	2018	361	21282.0	 24.0	 34.0	3.000	 1.0	 0.0
1	2018	362	20021.0	 26.0	 33.0	3.000	 2.0	 0.0
1	2018	363	20325.0	 25.0	 32.0	3.000	 2.0	 0.0
1	2018	364	20389.0	 25.0	 33.0	3.000	 2.0	 0.0
1	2018	365	19190.0	 25.0	 33.0	3.000	 2.0	 0.0
