*---------------------------------------------------
* Station: Upper_West
* Year: 2012
* Origin: ERA5-Reanalysis
* Columns & units
* ===================
* 1. station number
* 2. year
* 3. Day of Year
* 4. Irradiance   (kJ路m-2路d-1)
* 5. Daily minimum temperature (degC)
* 6. Daily maximum temperature (degC)
* 7. Vapour pressure (kPa)
* 8. Mean wind speed (m路s-1)
* 9. Precipitation (mm路d-1)
** WCCDESCRIPTION=Upper_West
** WCCFORMAT=2
** WCCYEARNR=2012
*------------------------------------------------------------*
-2.21  10.42  237.00 -0.18  -0.55
1	2012	1	21252.0	 18.0	 34.0	1.000	 3.0	 0.0
1	2012	2	21040.0	 20.0	 35.0	1.000	 3.0	 0.0
1	2012	3	21252.0	 20.0	 34.0	1.000	 3.0	 0.0
1	2012	4	21430.0	 19.0	 34.0	1.000	 4.0	 0.0
1	2012	5	21261.0	 19.0	 34.0	1.000	 3.0	 0.0
1	2012	6	21331.0	 19.0	 33.0	1.000	 3.0	 0.0
1	2012	7	21503.0	 18.0	 33.0	1.000	 3.0	 0.0
1	2012	8	21807.0	 17.0	 33.0	1.000	 2.0	 0.0
1	2012	9	21922.0	 17.0	 34.0	1.000	 3.0	 0.0
1	2012	10	21772.0	 18.0	 35.0	1.000	 3.0	 0.0
1	2012	11	21742.0	 19.0	 35.0	1.000	 4.0	 0.0
1	2012	12	21901.0	 19.0	 34.0	1.000	 4.0	 0.0
1	2012	13	22065.0	 18.0	 33.0	1.000	 4.0	 0.0
1	2012	14	22255.0	 17.0	 32.0	1.000	 4.0	 0.0
1	2012	15	22345.0	 16.0	 32.0	1.000	 3.0	 0.0
1	2012	16	22408.0	 17.0	 32.0	1.000	 3.0	 0.0
1	2012	17	22422.0	 16.0	 33.0	1.000	 2.0	 0.0
1	2012	18	22182.0	 17.0	 34.0	1.000	 1.0	 0.0
1	2012	19	21963.0	 17.0	 34.0	1.000	 1.0	 0.0
1	2012	20	21354.0	 19.0	 34.0	1.000	 2.0	 0.0
1	2012	21	18799.0	 20.0	 32.0	1.000	 4.0	 0.0
1	2012	22	19330.0	 20.0	 33.0	1.000	 3.0	 0.0
1	2012	23	21013.0	 21.0	 34.0	1.000	 3.0	 0.0
1	2012	24	21607.0	 21.0	 35.0	1.000	 3.0	 0.0
1	2012	25	21765.0	 21.0	 36.0	1.000	 3.0	 0.0
1	2012	26	22027.0	 21.0	 37.0	1.000	 2.0	 0.0
1	2012	27	22223.0	 21.0	 36.0	1.000	 3.0	 0.0
1	2012	28	21353.0	 20.0	 37.0	1.000	 3.0	 0.0
1	2012	29	22217.0	 21.0	 37.0	1.000	 2.0	 0.0
1	2012	30	21516.0	 22.0	 37.0	1.000	 3.0	 0.0
1	2012	31	22522.0	 22.0	 36.0	1.000	 3.0	 0.0
1	2012	32	22657.0	 20.0	 36.0	1.000	 3.0	 0.0
1	2012	33	22823.0	 20.0	 36.0	1.000	 2.0	 0.0
1	2012	34	22396.0	 21.0	 36.0	1.000	 3.0	 0.0
1	2012	35	22635.0	 21.0	 37.0	1.000	 3.0	 0.0
1	2012	36	22366.0	 22.0	 37.0	1.000	 3.0	 0.0
1	2012	37	19384.0	 23.0	 34.0	0.000	 5.0	 0.0
1	2012	38	22957.0	 17.0	 32.0	0.000	 3.0	 0.0
1	2012	39	23047.0	 19.0	 33.0	0.000	 3.0	 0.0
1	2012	40	23165.0	 20.0	 35.0	1.000	 2.0	 0.0
1	2012	41	22933.0	 22.0	 36.0	1.000	 2.0	 0.0
1	2012	42	21719.0	 24.0	 37.0	1.000	 3.0	 0.0
1	2012	43	22737.0	 23.0	 37.0	1.000	 3.0	 0.0
1	2012	44	23493.0	 23.0	 37.0	1.000	 4.0	 0.0
1	2012	45	23545.0	 21.0	 38.0	1.000	 2.0	 0.0
1	2012	46	22550.0	 23.0	 37.0	1.000	 3.0	 0.0
1	2012	47	23517.0	 22.0	 38.0	1.000	 3.0	 0.0
1	2012	48	23740.0	 22.0	 38.0	1.000	 3.0	 0.0
1	2012	49	22401.0	 22.0	 38.0	1.000	 1.0	 0.0
1	2012	50	20687.0	 26.0	 37.0	2.000	 3.0	 0.0
1	2012	51	18656.0	 25.0	 36.0	2.000	 2.0	 1.0
1	2012	52	18637.0	 23.0	 33.0	2.000	 1.0	 1.0
1	2012	53	19154.0	 23.0	 34.0	2.000	 2.0	 4.0
1	2012	54	22895.0	 21.0	 36.0	1.000	 1.0	 0.0
1	2012	55	23844.0	 20.0	 38.0	1.000	 1.0	 0.0
1	2012	56	24602.0	 22.0	 40.0	1.000	 3.0	 0.0
1	2012	57	24656.0	 21.0	 39.0	1.000	 2.0	 0.0
1	2012	58	22810.0	 22.0	 38.0	1.000	 1.0	 0.0
1	2012	59	21540.0	 24.0	 38.0	2.000	 1.0	 0.0
1	2012	60	20909.0	 24.0	 38.0	2.000	 2.0	 0.0
1	2012	61	20561.0	 26.0	 37.0	2.000	 2.0	 0.0
1	2012	62	21937.0	 25.0	 38.0	1.000	 1.0	 0.0
1	2012	63	23409.0	 25.0	 39.0	1.000	 1.0	 0.0
1	2012	64	23383.0	 25.0	 38.0	2.000	 1.0	 0.0
1	2012	65	21760.0	 25.0	 38.0	2.000	 3.0	 0.0
1	2012	66	18865.0	 27.0	 37.0	2.000	 2.0	 0.0
1	2012	67	20529.0	 26.0	 37.0	2.000	 2.0	 0.0
1	2012	68	22964.0	 26.0	 38.0	2.000	 2.0	 0.0
1	2012	69	22384.0	 25.0	 38.0	1.000	 0.0	 0.0
1	2012	70	23127.0	 24.0	 37.0	0.000	 2.0	 0.0
1	2012	71	25700.0	 23.0	 37.0	0.000	 3.0	 0.0
1	2012	72	25993.0	 21.0	 37.0	0.000	 3.0	 0.0
1	2012	73	25983.0	 22.0	 38.0	1.000	 3.0	 0.0
1	2012	74	26164.0	 22.0	 39.0	1.000	 3.0	 0.0
1	2012	75	26227.0	 23.0	 40.0	1.000	 3.0	 0.0
1	2012	76	26146.0	 24.0	 41.0	1.000	 3.0	 0.0
1	2012	77	26194.0	 25.0	 40.0	1.000	 4.0	 0.0
1	2012	78	26151.0	 25.0	 40.0	1.000	 4.0	 0.0
1	2012	79	26136.0	 23.0	 40.0	1.000	 3.0	 0.0
1	2012	80	25614.0	 23.0	 40.0	1.000	 2.0	 0.0
1	2012	81	26516.0	 25.0	 41.0	1.000	 3.0	 0.0
1	2012	82	26749.0	 24.0	 40.0	1.000	 3.0	 0.0
1	2012	83	26456.0	 23.0	 40.0	1.000	 3.0	 0.0
1	2012	84	26619.0	 22.0	 40.0	1.000	 1.0	 0.0
1	2012	85	24324.0	 26.0	 40.0	2.000	 2.0	 0.0
1	2012	86	24592.0	 26.0	 40.0	2.000	 2.0	 0.0
1	2012	87	23708.0	 27.0	 39.0	2.000	 1.0	 0.0
1	2012	88	25343.0	 28.0	 40.0	2.000	 1.0	 0.0
1	2012	89	22800.0	 28.0	 39.0	2.000	 2.0	 0.0
1	2012	90	23332.0	 29.0	 40.0	2.000	 3.0	 0.0
1	2012	91	21603.0	 28.0	 39.0	2.000	 3.0	 1.0
1	2012	92	23355.0	 27.0	 38.0	2.000	 3.0	 0.0
1	2012	93	23241.0	 27.0	 38.0	2.000	 3.0	 1.0
1	2012	94	23463.0	 26.0	 36.0	2.000	 2.0	 1.0
1	2012	95	22875.0	 26.0	 39.0	2.000	 2.0	 1.0
1	2012	96	22192.0	 25.0	 37.0	2.000	 2.0	 7.0
1	2012	97	21897.0	 25.0	 39.0	2.000	 1.0	 0.0
1	2012	98	24831.0	 25.0	 39.0	2.000	 2.0	 0.0
1	2012	99	24117.0	 27.0	 38.0	3.000	 2.0	 0.0
1	2012	100	19335.0	 24.0	 34.0	3.000	 2.0	13.0
1	2012	101	24445.0	 25.0	 36.0	3.000	 3.0	 0.0
1	2012	102	22595.0	 26.0	 36.0	3.000	 3.0	 2.0
1	2012	103	23115.0	 26.0	 37.0	3.000	 3.0	 4.0
1	2012	104	12149.0	 24.0	 31.0	2.000	 3.0	 5.0
1	2012	105	25013.0	 24.0	 38.0	2.000	 2.0	 0.0
1	2012	106	18682.0	 22.0	 35.0	2.000	 1.0	 0.0
1	2012	107	25982.0	 23.0	 37.0	2.000	 3.0	 0.0
1	2012	108	23223.0	 26.0	 36.0	3.000	 3.0	 2.0
1	2012	109	22708.0	 25.0	 35.0	3.000	 2.0	 1.0
1	2012	110	18001.0	 23.0	 31.0	3.000	 1.0	16.0
1	2012	111	17712.0	 23.0	 32.0	3.000	 2.0	 0.0
1	2012	112	25785.0	 24.0	 37.0	2.000	 1.0	 0.0
1	2012	113	26366.0	 25.0	 39.0	2.000	 1.0	 0.0
1	2012	114	25711.0	 26.0	 38.0	3.000	 3.0	 0.0
1	2012	115	25977.0	 26.0	 39.0	3.000	 3.0	 0.0
1	2012	116	21585.0	 26.0	 36.0	3.000	 3.0	 1.0
1	2012	117	22950.0	 23.0	 35.0	3.000	 2.0	 3.0
1	2012	118	25329.0	 26.0	 38.0	2.000	 2.0	 1.0
1	2012	119	20601.0	 26.0	 38.0	2.000	 2.0	 0.0
1	2012	120	25466.0	 27.0	 38.0	3.000	 3.0	 4.0
1	2012	121	24833.0	 25.0	 36.0	3.000	 1.0	 7.0
1	2012	122	24855.0	 26.0	 37.0	3.000	 3.0	 1.0
1	2012	123	18944.0	 25.0	 35.0	3.000	 3.0	 0.0
1	2012	124	22692.0	 25.0	 36.0	3.000	 4.0	 1.0
1	2012	125	23335.0	 26.0	 36.0	3.000	 4.0	 0.0
1	2012	126	23062.0	 26.0	 36.0	3.000	 3.0	 0.0
1	2012	127	24592.0	 26.0	 37.0	3.000	 2.0	 0.0
1	2012	128	24416.0	 26.0	 37.0	3.000	 2.0	 1.0
1	2012	129	25061.0	 26.0	 38.0	3.000	 3.0	 0.0
1	2012	130	23092.0	 25.0	 36.0	3.000	 3.0	 0.0
1	2012	131	23604.0	 25.0	 34.0	3.000	 3.0	 0.0
1	2012	132	23195.0	 24.0	 35.0	2.000	 2.0	 5.0
1	2012	133	21693.0	 24.0	 34.0	3.000	 3.0	 3.0
1	2012	134	24347.0	 25.0	 35.0	3.000	 3.0	 0.0
1	2012	135	16909.0	 24.0	 31.0	3.000	 2.0	11.0
1	2012	136	22210.0	 23.0	 32.0	3.000	 1.0	 3.0
1	2012	137	21682.0	 24.0	 31.0	3.000	 1.0	 3.0
1	2012	138	23083.0	 24.0	 33.0	3.000	 2.0	 0.0
1	2012	139	22848.0	 25.0	 35.0	3.000	 3.0	 0.0
1	2012	140	17130.0	 25.0	 32.0	3.000	 3.0	 2.0
1	2012	141	21084.0	 23.0	 33.0	3.000	 2.0	 1.0
1	2012	142	24257.0	 24.0	 34.0	3.000	 2.0	 3.0
1	2012	143	24693.0	 23.0	 35.0	3.000	 2.0	 0.0
1	2012	144	23973.0	 25.0	 35.0	3.000	 2.0	 2.0
1	2012	145	22590.0	 24.0	 35.0	3.000	 3.0	 0.0
1	2012	146	23666.0	 24.0	 36.0	3.000	 3.0	 1.0
1	2012	147	22200.0	 24.0	 34.0	3.000	 4.0	 0.0
1	2012	148	25427.0	 25.0	 36.0	3.000	 3.0	 0.0
1	2012	149	20521.0	 25.0	 34.0	3.000	 3.0	 4.0
1	2012	150	15302.0	 23.0	 31.0	3.000	 2.0	 1.0
1	2012	151	23209.0	 23.0	 34.0	3.000	 2.0	 1.0
1	2012	152	11415.0	 23.0	 29.0	3.000	 2.0	 7.0
1	2012	153	21711.0	 22.0	 32.0	3.000	 1.0	 1.0
1	2012	154	24396.0	 23.0	 34.0	3.000	 1.0	 0.0
1	2012	155	19795.0	 23.0	 32.0	3.000	 3.0	 2.0
1	2012	156	25439.0	 23.0	 34.0	3.000	 2.0	 0.0
1	2012	157	24642.0	 25.0	 36.0	3.000	 2.0	 0.0
1	2012	158	20167.0	 25.0	 34.0	3.000	 3.0	 6.0
1	2012	159	21625.0	 25.0	 34.0	2.000	 3.0	 0.0
1	2012	160	22722.0	 24.0	 35.0	3.000	 2.0	 0.0
1	2012	161	24719.0	 24.0	 36.0	3.000	 2.0	 0.0
1	2012	162	25062.0	 26.0	 37.0	3.000	 3.0	 0.0
1	2012	163	24349.0	 24.0	 35.0	3.000	 3.0	10.0
1	2012	164	15776.0	 24.0	 31.0	3.000	 3.0	 5.0
1	2012	165	14593.0	 23.0	 30.0	3.000	 2.0	 4.0
1	2012	166	21725.0	 23.0	 33.0	3.000	 2.0	 0.0
1	2012	167	22500.0	 23.0	 34.0	3.000	 2.0	 3.0
1	2012	168	15236.0	 23.0	 32.0	3.000	 3.0	 4.0
1	2012	169	18337.0	 24.0	 30.0	3.000	 2.0	11.0
1	2012	170	16501.0	 23.0	 30.0	3.000	 2.0	 0.0
1	2012	171	18982.0	 22.0	 31.0	3.000	 2.0	 0.0
1	2012	172	24617.0	 23.0	 33.0	3.000	 3.0	 1.0
1	2012	173	21345.0	 24.0	 32.0	3.000	 3.0	 5.0
1	2012	174	20443.0	 23.0	 32.0	3.000	 3.0	 0.0
1	2012	175	14711.0	 23.0	 30.0	3.000	 3.0	 0.0
1	2012	176	18302.0	 23.0	 31.0	3.000	 2.0	 1.0
1	2012	177	13911.0	 23.0	 29.0	3.000	 2.0	 7.0
1	2012	178	23175.0	 22.0	 31.0	3.000	 2.0	 0.0
1	2012	179	23067.0	 23.0	 32.0	3.000	 3.0	 5.0
1	2012	180	8388.0	 23.0	 28.0	3.000	 3.0	 5.0
1	2012	181	12829.0	 22.0	 28.0	3.000	 3.0	 0.0
1	2012	182	13119.0	 22.0	 29.0	3.000	 3.0	 0.0
1	2012	183	22058.0	 22.0	 32.0	3.000	 2.0	 2.0
1	2012	184	20531.0	 22.0	 31.0	3.000	 2.0	 6.0
1	2012	185	18022.0	 22.0	 29.0	3.000	 2.0	 7.0
1	2012	186	13558.0	 22.0	 29.0	3.000	 2.0	 9.0
1	2012	187	15039.0	 22.0	 28.0	3.000	 2.0	11.0
1	2012	188	15371.0	 22.0	 29.0	3.000	 2.0	 1.0
1	2012	189	21865.0	 23.0	 30.0	3.000	 2.0	 0.0
1	2012	190	19944.0	 23.0	 30.0	3.000	 2.0	 3.0
1	2012	191	14782.0	 22.0	 29.0	3.000	 3.0	 0.0
1	2012	192	17722.0	 23.0	 30.0	3.000	 2.0	 0.0
1	2012	193	18396.0	 22.0	 31.0	3.000	 2.0	 1.0
1	2012	194	17631.0	 23.0	 30.0	3.000	 2.0	 5.0
1	2012	195	20398.0	 23.0	 31.0	3.000	 2.0	 1.0
1	2012	196	21446.0	 23.0	 32.0	3.000	 3.0	 6.0
1	2012	197	17492.0	 23.0	 30.0	3.000	 3.0	 2.0
1	2012	198	9881.0	 23.0	 27.0	3.000	 3.0	12.0
1	2012	199	14715.0	 21.0	 28.0	3.000	 2.0	 1.0
1	2012	200	17769.0	 23.0	 30.0	3.000	 2.0	 0.0
1	2012	201	7833.0	 22.0	 27.0	3.000	 2.0	22.0
1	2012	202	16460.0	 22.0	 29.0	3.000	 2.0	 3.0
1	2012	203	16213.0	 22.0	 29.0	3.000	 2.0	 4.0
1	2012	204	5864.0	 22.0	 25.0	3.000	 1.0	12.0
1	2012	205	20192.0	 21.0	 29.0	3.000	 2.0	 1.0
1	2012	206	17743.0	 22.0	 29.0	3.000	 3.0	 1.0
1	2012	207	14008.0	 22.0	 29.0	3.000	 2.0	 7.0
1	2012	208	19362.0	 22.0	 29.0	3.000	 2.0	 1.0
1	2012	209	19174.0	 22.0	 30.0	3.000	 1.0	 2.0
1	2012	210	20991.0	 22.0	 29.0	3.000	 2.0	 1.0
1	2012	211	14806.0	 22.0	 28.0	3.000	 2.0	 5.0
1	2012	212	20975.0	 22.0	 30.0	3.000	 2.0	 1.0
1	2012	213	22349.0	 23.0	 31.0	3.000	 2.0	 2.0
1	2012	214	17842.0	 23.0	 29.0	3.000	 3.0	 2.0
1	2012	215	16222.0	 22.0	 29.0	3.000	 2.0	 3.0
1	2012	216	20008.0	 22.0	 30.0	3.000	 2.0	 0.0
1	2012	217	12809.0	 23.0	 29.0	3.000	 2.0	 3.0
1	2012	218	19094.0	 22.0	 30.0	3.000	 3.0	 4.0
1	2012	219	19629.0	 22.0	 30.0	3.000	 3.0	 1.0
1	2012	220	11450.0	 23.0	 28.0	3.000	 2.0	13.0
1	2012	221	9769.0	 22.0	 26.0	3.000	 4.0	 4.0
1	2012	222	18928.0	 22.0	 29.0	3.000	 2.0	 1.0
1	2012	223	20559.0	 21.0	 30.0	3.000	 2.0	 4.0
1	2012	224	16744.0	 22.0	 28.0	3.000	 2.0	 8.0
1	2012	225	12499.0	 22.0	 27.0	3.000	 3.0	 5.0
1	2012	226	15451.0	 22.0	 28.0	3.000	 3.0	 2.0
1	2012	227	18352.0	 22.0	 30.0	3.000	 2.0	 5.0
1	2012	228	3150.0	 22.0	 23.0	3.000	 3.0	29.0
1	2012	229	15877.0	 21.0	 28.0	3.000	 2.0	 2.0
1	2012	230	21252.0	 21.0	 30.0	3.000	 2.0	 1.0
1	2012	231	23063.0	 22.0	 31.0	3.000	 2.0	 2.0
1	2012	232	8331.0	 22.0	 26.0	3.000	 3.0	18.0
1	2012	233	17995.0	 21.0	 29.0	3.000	 3.0	 4.0
1	2012	234	21521.0	 21.0	 30.0	3.000	 1.0	 1.0
1	2012	235	13863.0	 22.0	 28.0	3.000	 1.0	19.0
1	2012	236	19233.0	 22.0	 29.0	3.000	 2.0	 4.0
1	2012	237	18725.0	 22.0	 29.0	3.000	 2.0	 8.0
1	2012	238	17039.0	 22.0	 29.0	3.000	 1.0	17.0
1	2012	239	17892.0	 22.0	 29.0	3.000	 1.0	 6.0
1	2012	240	22940.0	 22.0	 30.0	3.000	 2.0	 1.0
1	2012	241	24672.0	 22.0	 31.0	3.000	 2.0	 1.0
1	2012	242	16059.0	 22.0	 29.0	3.000	 2.0	 6.0
1	2012	243	14286.0	 22.0	 28.0	3.000	 2.0	 5.0
1	2012	244	21545.0	 22.0	 29.0	3.000	 2.0	 1.0
1	2012	245	20144.0	 22.0	 30.0	3.000	 2.0	 7.0
1	2012	246	16077.0	 22.0	 29.0	3.000	 2.0	 1.0
1	2012	247	17520.0	 22.0	 29.0	3.000	 1.0	 4.0
1	2012	248	18086.0	 22.0	 29.0	3.000	 2.0	 6.0
1	2012	249	14675.0	 22.0	 29.0	3.000	 2.0	25.0
1	2012	250	12606.0	 22.0	 27.0	3.000	 2.0	19.0
1	2012	251	21390.0	 21.0	 30.0	3.000	 1.0	 0.0
1	2012	252	21009.0	 23.0	 31.0	3.000	 1.0	11.0
1	2012	253	18893.0	 22.0	 30.0	3.000	 2.0	 1.0
1	2012	254	23158.0	 21.0	 31.0	3.000	 1.0	 2.0
1	2012	255	20345.0	 23.0	 30.0	3.000	 1.0	 8.0
1	2012	256	9730.0	 22.0	 25.0	3.000	 2.0	11.0
1	2012	257	14311.0	 22.0	 29.0	3.000	 2.0	 1.0
1	2012	258	22266.0	 21.0	 30.0	3.000	 2.0	 1.0
1	2012	259	20771.0	 22.0	 30.0	3.000	 1.0	 2.0
1	2012	260	18019.0	 23.0	 29.0	3.000	 3.0	 4.0
1	2012	261	16519.0	 22.0	 29.0	3.000	 2.0	 5.0
1	2012	262	12955.0	 22.0	 27.0	3.000	 1.0	 7.0
1	2012	263	19712.0	 22.0	 29.0	3.000	 1.0	 5.0
1	2012	264	14784.0	 22.0	 28.0	3.000	 0.0	14.0
1	2012	265	17894.0	 22.0	 29.0	3.000	 1.0	11.0
1	2012	266	20574.0	 21.0	 29.0	3.000	 1.0	 4.0
1	2012	267	14760.0	 22.0	 28.0	3.000	 1.0	 3.0
1	2012	268	22765.0	 21.0	 30.0	3.000	 0.0	 1.0
1	2012	269	22872.0	 22.0	 31.0	3.000	 1.0	 1.0
1	2012	270	23077.0	 23.0	 31.0	3.000	 1.0	 1.0
1	2012	271	16755.0	 23.0	 30.0	3.000	 2.0	 7.0
1	2012	272	15948.0	 22.0	 30.0	3.000	 1.0	 5.0
1	2012	273	25131.0	 21.0	 32.0	3.000	 1.0	 2.0
1	2012	274	20473.0	 22.0	 32.0	3.000	 2.0	 0.0
1	2012	275	17790.0	 23.0	 30.0	3.000	 2.0	 3.0
1	2012	276	17169.0	 22.0	 30.0	3.000	 1.0	 1.0
1	2012	277	20612.0	 22.0	 31.0	3.000	 1.0	 2.0
1	2012	278	21790.0	 23.0	 31.0	3.000	 1.0	 1.0
1	2012	279	21425.0	 23.0	 31.0	3.000	 2.0	 3.0
1	2012	280	24724.0	 23.0	 33.0	3.000	 1.0	 0.0
1	2012	281	18488.0	 23.0	 31.0	3.000	 2.0	 0.0
1	2012	282	14813.0	 23.0	 29.0	3.000	 1.0	 8.0
1	2012	283	21042.0	 22.0	 30.0	3.000	 1.0	 1.0
1	2012	284	23499.0	 23.0	 32.0	3.000	 1.0	 0.0
1	2012	285	22230.0	 22.0	 32.0	3.000	 2.0	 0.0
1	2012	286	18579.0	 24.0	 31.0	3.000	 3.0	 0.0
1	2012	287	21566.0	 23.0	 32.0	3.000	 2.0	 0.0
1	2012	288	21442.0	 23.0	 32.0	3.000	 2.0	 0.0
1	2012	289	22198.0	 23.0	 32.0	3.000	 1.0	 5.0
1	2012	290	19197.0	 23.0	 32.0	3.000	 1.0	 5.0
1	2012	291	16242.0	 22.0	 31.0	3.000	 1.0	 0.0
1	2012	292	22059.0	 22.0	 33.0	3.000	 1.0	 0.0
1	2012	293	22827.0	 24.0	 34.0	3.000	 2.0	 3.0
1	2012	294	21484.0	 23.0	 33.0	3.000	 1.0	 0.0
1	2012	295	22666.0	 23.0	 34.0	3.000	 1.0	 1.0
1	2012	296	21806.0	 23.0	 33.0	3.000	 2.0	 0.0
1	2012	297	21992.0	 23.0	 33.0	3.000	 1.0	 1.0
1	2012	298	21406.0	 24.0	 34.0	3.000	 2.0	 0.0
1	2012	299	20451.0	 24.0	 34.0	3.000	 2.0	 1.0
1	2012	300	21309.0	 23.0	 34.0	3.000	 2.0	 1.0
1	2012	301	20322.0	 24.0	 33.0	3.000	 1.0	 7.0
1	2012	302	20538.0	 23.0	 32.0	3.000	 1.0	13.0
1	2012	303	16495.0	 23.0	 31.0	3.000	 2.0	 0.0
1	2012	304	21717.0	 24.0	 35.0	3.000	 1.0	 0.0
1	2012	305	21977.0	 24.0	 35.0	3.000	 1.0	 0.0
1	2012	306	21644.0	 23.0	 35.0	2.000	 0.0	 0.0
1	2012	307	21377.0	 22.0	 36.0	2.000	 1.0	 0.0
1	2012	308	20665.0	 23.0	 34.0	2.000	 2.0	 0.0
1	2012	309	20913.0	 24.0	 35.0	2.000	 1.0	 0.0
1	2012	310	20447.0	 24.0	 35.0	2.000	 1.0	 0.0
1	2012	311	19947.0	 25.0	 35.0	2.000	 2.0	 1.0
1	2012	312	19233.0	 24.0	 35.0	2.000	 1.0	 0.0
1	2012	313	18946.0	 23.0	 34.0	2.000	 1.0	 1.0
1	2012	314	20965.0	 23.0	 35.0	2.000	 0.0	 0.0
1	2012	315	20132.0	 23.0	 35.0	2.000	 2.0	 0.0
1	2012	316	20999.0	 23.0	 36.0	2.000	 1.0	 0.0
1	2012	317	21032.0	 23.0	 36.0	2.000	 1.0	 0.0
1	2012	318	18939.0	 26.0	 36.0	2.000	 2.0	 0.0
1	2012	319	18062.0	 26.0	 36.0	2.000	 2.0	 0.0
1	2012	320	18991.0	 25.0	 36.0	2.000	 1.0	 0.0
1	2012	321	19725.0	 24.0	 38.0	2.000	 2.0	 0.0
1	2012	322	21752.0	 22.0	 37.0	2.000	 1.0	 0.0
1	2012	323	20956.0	 23.0	 37.0	2.000	 2.0	 0.0
1	2012	324	20920.0	 24.0	 37.0	2.000	 1.0	 0.0
1	2012	325	17693.0	 25.0	 36.0	2.000	 0.0	 0.0
1	2012	326	19725.0	 24.0	 36.0	2.000	 1.0	 0.0
1	2012	327	20069.0	 24.0	 36.0	2.000	 1.0	 0.0
1	2012	328	19742.0	 24.0	 36.0	2.000	 0.0	 0.0
1	2012	329	19942.0	 24.0	 36.0	2.000	 0.0	 0.0
1	2012	330	19501.0	 24.0	 36.0	2.000	 1.0	 0.0
1	2012	331	19816.0	 24.0	 36.0	1.000	 2.0	 0.0
1	2012	332	21562.0	 22.0	 36.0	1.000	 2.0	 0.0
1	2012	333	21207.0	 22.0	 37.0	1.000	 2.0	 0.0
1	2012	334	21145.0	 23.0	 37.0	1.000	 1.0	 0.0
1	2012	335	18256.0	 24.0	 36.0	2.000	 1.0	 0.0
1	2012	336	18579.0	 25.0	 36.0	2.000	 2.0	 0.0
1	2012	337	15800.0	 25.0	 35.0	2.000	 2.0	 1.0
1	2012	338	20201.0	 24.0	 36.0	1.000	 2.0	 0.0
1	2012	339	20961.0	 23.0	 36.0	1.000	 4.0	 0.0
1	2012	340	21044.0	 22.0	 35.0	1.000	 3.0	 0.0
1	2012	341	21379.0	 21.0	 36.0	1.000	 3.0	 0.0
1	2012	342	20789.0	 20.0	 36.0	1.000	 2.0	 0.0
1	2012	343	20643.0	 22.0	 37.0	1.000	 2.0	 0.0
1	2012	344	19461.0	 21.0	 36.0	1.000	 1.0	 0.0
1	2012	345	20792.0	 21.0	 37.0	1.000	 2.0	 0.0
1	2012	346	20981.0	 21.0	 37.0	1.000	 2.0	 0.0
1	2012	347	19426.0	 22.0	 36.0	2.000	 1.0	 0.0
1	2012	348	18340.0	 25.0	 36.0	2.000	 1.0	 0.0
1	2012	349	20428.0	 22.0	 37.0	1.000	 3.0	 0.0
1	2012	350	21009.0	 23.0	 37.0	1.000	 4.0	 0.0
1	2012	351	21062.0	 22.0	 37.0	1.000	 4.0	 0.0
1	2012	352	20908.0	 22.0	 36.0	1.000	 3.0	 0.0
1	2012	353	20669.0	 21.0	 35.0	1.000	 3.0	 0.0
1	2012	354	18962.0	 20.0	 34.0	1.000	 3.0	 0.0
1	2012	355	20333.0	 20.0	 34.0	1.000	 3.0	 0.0
1	2012	356	20923.0	 20.0	 34.0	1.000	 3.0	 0.0
1	2012	357	20863.0	 20.0	 35.0	1.000	 3.0	 0.0
1	2012	358	20943.0	 20.0	 35.0	1.000	 3.0	 0.0
1	2012	359	21168.0	 21.0	 35.0	1.000	 3.0	 0.0
1	2012	360	21236.0	 21.0	 35.0	1.000	 3.0	 0.0
1	2012	361	21162.0	 21.0	 36.0	1.000	 3.0	 0.0
1	2012	362	21167.0	 20.0	 35.0	1.000	 3.0	 0.0
1	2012	363	21352.0	 19.0	 35.0	1.000	 3.0	 0.0
1	2012	364	21487.0	 18.0	 34.0	1.000	 3.0	 0.0
1	2012	365	21452.0	 19.0	 34.0	1.000	 3.0	 0.0
1	2012	366	21379.0	 19.0	 33.0	1.000	 4.0	 0.0
