*---------------------------------------------------
* Station: Upper_West
* Year: 2018
* Origin: ERA5-Reanalysis
* Columns & units
* ===================
* 1. station number
* 2. year
* 3. Day of Year
* 4. Irradiance   (kJ路m-2路d-1)
* 5. Daily minimum temperature (degC)
* 6. Daily maximum temperature (degC)
* 7. Vapour pressure (kPa)
* 8. Mean wind speed (m路s-1)
* 9. Precipitation (mm路d-1)
** WCCDESCRIPTION=Upper_West
** WCCFORMAT=2
** WCCYEARNR=2018
*------------------------------------------------------------*
-2.21  10.42  237.00 -0.18  -0.55
1	2018	1	21275.0	 20.0	 34.0	1.000	 4.0	 0.0
1	2018	2	21073.0	 20.0	 34.0	1.000	 4.0	 0.0
1	2018	3	20897.0	 20.0	 34.0	1.000	 3.0	 0.0
1	2018	4	21079.0	 20.0	 34.0	1.000	 3.0	 0.0
1	2018	5	21335.0	 20.0	 34.0	1.000	 3.0	 0.0
1	2018	6	21527.0	 18.0	 34.0	1.000	 2.0	 0.0
1	2018	7	20999.0	 18.0	 35.0	1.000	 2.0	 0.0
1	2018	8	20248.0	 21.0	 36.0	1.000	 2.0	 0.0
1	2018	9	21470.0	 21.0	 36.0	1.000	 3.0	 0.0
1	2018	10	21900.0	 20.0	 35.0	1.000	 3.0	 0.0
1	2018	11	22007.0	 19.0	 34.0	1.000	 3.0	 0.0
1	2018	12	22158.0	 18.0	 35.0	1.000	 2.0	 0.0
1	2018	13	22282.0	 19.0	 34.0	1.000	 3.0	 0.0
1	2018	14	22436.0	 18.0	 34.0	1.000	 3.0	 0.0
1	2018	15	22106.0	 19.0	 35.0	1.000	 3.0	 0.0
1	2018	16	21609.0	 20.0	 36.0	1.000	 2.0	 0.0
1	2018	17	21060.0	 21.0	 36.0	1.000	 3.0	 0.0
1	2018	18	21732.0	 21.0	 37.0	1.000	 3.0	 0.0
1	2018	19	22526.0	 20.0	 36.0	1.000	 3.0	 0.0
1	2018	20	22583.0	 18.0	 35.0	1.000	 3.0	 0.0
1	2018	21	22401.0	 20.0	 36.0	1.000	 3.0	 0.0
1	2018	22	22594.0	 20.0	 35.0	1.000	 3.0	 0.0
1	2018	23	22586.0	 20.0	 35.0	1.000	 3.0	 0.0
1	2018	24	22166.0	 19.0	 35.0	1.000	 3.0	 0.0
1	2018	25	20030.0	 19.0	 34.0	1.000	 3.0	 0.0
1	2018	26	22293.0	 19.0	 35.0	1.000	 3.0	 0.0
1	2018	27	22102.0	 20.0	 36.0	1.000	 3.0	 0.0
1	2018	28	21366.0	 22.0	 37.0	1.000	 2.0	 0.0
1	2018	29	20770.0	 23.0	 37.0	1.000	 3.0	 0.0
1	2018	30	21752.0	 22.0	 36.0	1.000	 4.0	 0.0
1	2018	31	22685.0	 19.0	 36.0	1.000	 3.0	 0.0
1	2018	32	22675.0	 21.0	 37.0	1.000	 2.0	 0.0
1	2018	33	21046.0	 22.0	 37.0	1.000	 2.0	 0.0
1	2018	34	18667.0	 24.0	 37.0	1.000	 2.0	 0.0
1	2018	35	22268.0	 24.0	 38.0	1.000	 3.0	 0.0
1	2018	36	22775.0	 23.0	 40.0	1.000	 3.0	 0.0
1	2018	37	22924.0	 24.0	 39.0	1.000	 3.0	 0.0
1	2018	38	23159.0	 24.0	 39.0	1.000	 3.0	 0.0
1	2018	39	23020.0	 23.0	 39.0	1.000	 3.0	 0.0
1	2018	40	22668.0	 23.0	 37.0	1.000	 4.0	 0.0
1	2018	41	22962.0	 22.0	 37.0	1.000	 3.0	 0.0
1	2018	42	23054.0	 23.0	 36.0	1.000	 4.0	 0.0
1	2018	43	23293.0	 22.0	 35.0	1.000	 4.0	 0.0
1	2018	44	23419.0	 21.0	 36.0	1.000	 3.0	 0.0
1	2018	45	23401.0	 22.0	 38.0	1.000	 3.0	 0.0
1	2018	46	23465.0	 24.0	 39.0	1.000	 3.0	 0.0
1	2018	47	23523.0	 24.0	 39.0	1.000	 3.0	 0.0
1	2018	48	23794.0	 24.0	 39.0	1.000	 2.0	 0.0
1	2018	49	23027.0	 24.0	 39.0	1.000	 2.0	 0.0
1	2018	50	19150.0	 26.0	 38.0	2.000	 2.0	 0.0
1	2018	51	20262.0	 27.0	 39.0	2.000	 2.0	 0.0
1	2018	52	17338.0	 26.0	 37.0	2.000	 3.0	 1.0
1	2018	53	18694.0	 26.0	 38.0	2.000	 2.0	 0.0
1	2018	54	19231.0	 27.0	 38.0	2.000	 3.0	 2.0
1	2018	55	14844.0	 23.0	 33.0	3.000	 2.0	14.0
1	2018	56	11767.0	 25.0	 32.0	3.000	 0.0	 0.0
1	2018	57	17378.0	 25.0	 35.0	2.000	 1.0	 0.0
1	2018	58	20395.0	 25.0	 38.0	2.000	 1.0	 2.0
1	2018	59	20866.0	 24.0	 37.0	2.000	 2.0	 0.0
1	2018	60	20998.0	 25.0	 39.0	2.000	 1.0	 0.0
1	2018	61	23693.0	 25.0	 40.0	2.000	 1.0	 0.0
1	2018	62	23582.0	 24.0	 40.0	2.000	 1.0	 0.0
1	2018	63	22631.0	 24.0	 40.0	2.000	 2.0	 0.0
1	2018	64	21046.0	 25.0	 38.0	2.000	 1.0	 0.0
1	2018	65	22030.0	 25.0	 39.0	2.000	 1.0	 0.0
1	2018	66	21339.0	 27.0	 38.0	2.000	 2.0	 0.0
1	2018	67	20926.0	 26.0	 38.0	2.000	 2.0	 0.0
1	2018	68	20556.0	 27.0	 40.0	2.000	 0.0	 0.0
1	2018	69	23500.0	 27.0	 40.0	2.000	 1.0	 0.0
1	2018	70	22162.0	 27.0	 40.0	2.000	 2.0	 0.0
1	2018	71	21241.0	 28.0	 38.0	2.000	 3.0	 0.0
1	2018	72	21617.0	 28.0	 39.0	2.000	 3.0	 0.0
1	2018	73	22064.0	 27.0	 40.0	2.000	 3.0	 0.0
1	2018	74	20660.0	 28.0	 39.0	3.000	 3.0	 0.0
1	2018	75	20838.0	 27.0	 38.0	3.000	 3.0	 2.0
1	2018	76	22230.0	 25.0	 38.0	3.000	 2.0	 3.0
1	2018	77	18082.0	 25.0	 36.0	2.000	 2.0	 0.0
1	2018	78	21958.0	 26.0	 38.0	2.000	 2.0	 0.0
1	2018	79	21407.0	 27.0	 38.0	2.000	 3.0	 0.0
1	2018	80	17652.0	 27.0	 37.0	3.000	 3.0	 1.0
1	2018	81	18809.0	 26.0	 37.0	2.000	 2.0	 0.0
1	2018	82	22047.0	 26.0	 37.0	2.000	 2.0	 0.0
1	2018	83	23648.0	 22.0	 37.0	0.500	 3.0	 0.0
1	2018	84	22956.0	 22.0	 37.0	1.000	 2.0	 0.0
1	2018	85	26644.0	 21.0	 40.0	1.000	 1.0	 0.0
1	2018	86	26846.0	 22.0	 41.0	1.000	 2.0	 0.0
1	2018	87	26475.0	 22.0	 41.0	1.000	 0.0	 0.0
1	2018	88	23037.0	 27.0	 39.0	2.000	 3.0	 0.0
1	2018	89	21336.0	 26.0	 39.0	2.000	 2.0	 4.0
1	2018	90	20408.0	 26.0	 37.0	3.000	 2.0	 1.0
1	2018	91	26648.0	 25.0	 40.0	1.000	 2.0	 0.0
1	2018	92	26026.0	 23.0	 40.0	1.000	 1.0	 0.0
1	2018	93	24415.0	 25.0	 40.0	2.000	 3.0	 0.0
1	2018	94	23964.0	 27.0	 39.0	2.000	 3.0	 0.0
1	2018	95	24445.0	 26.0	 40.0	2.000	 3.0	 0.0
1	2018	96	23576.0	 27.0	 39.0	2.000	 2.0	 0.0
1	2018	97	23197.0	 27.0	 39.0	2.000	 3.0	 3.0
1	2018	98	22080.0	 25.0	 35.0	2.000	 3.0	 1.0
1	2018	99	20403.0	 25.0	 36.0	2.000	 3.0	 1.0
1	2018	100	21214.0	 25.0	 37.0	2.000	 3.0	 1.0
1	2018	101	20306.0	 26.0	 37.0	3.000	 2.0	 8.0
1	2018	102	23248.0	 25.0	 36.0	3.000	 2.0	 4.0
1	2018	103	22845.0	 26.0	 36.0	3.000	 3.0	 1.0
1	2018	104	21488.0	 26.0	 36.0	3.000	 3.0	 6.0
1	2018	105	21475.0	 25.0	 35.0	3.000	 2.0	 0.0
1	2018	106	25221.0	 25.0	 39.0	2.000	 1.0	 0.0
1	2018	107	24769.0	 26.0	 39.0	2.000	 1.0	 0.0
1	2018	108	24695.0	 27.0	 39.0	2.000	 2.0	 0.0
1	2018	109	23617.0	 26.0	 38.0	3.000	 3.0	 1.0
1	2018	110	22592.0	 27.0	 38.0	3.000	 3.0	 2.0
1	2018	111	22421.0	 26.0	 38.0	2.000	 3.0	 0.0
1	2018	112	24030.0	 27.0	 39.0	2.000	 3.0	 0.0
1	2018	113	24339.0	 27.0	 39.0	2.000	 3.0	 0.0
1	2018	114	25819.0	 28.0	 40.0	2.000	 3.0	 0.0
1	2018	115	23703.0	 29.0	 40.0	3.000	 4.0	 4.0
1	2018	116	20287.0	 27.0	 37.0	3.000	 3.0	 3.0
1	2018	117	24048.0	 26.0	 37.0	3.000	 2.0	 0.0
1	2018	118	24433.0	 25.0	 38.0	3.000	 3.0	 1.0
1	2018	119	23529.0	 26.0	 39.0	3.000	 2.0	 0.0
1	2018	120	22544.0	 25.0	 38.0	3.000	 3.0	 1.0
1	2018	121	24307.0	 27.0	 39.0	3.000	 3.0	 1.0
1	2018	122	24246.0	 25.0	 39.0	3.000	 2.0	 0.0
1	2018	123	23643.0	 27.0	 38.0	3.000	 4.0	 0.0
1	2018	124	23706.0	 27.0	 37.0	3.000	 3.0	 0.0
1	2018	125	23937.0	 27.0	 37.0	3.000	 2.0	 2.0
1	2018	126	22457.0	 25.0	 37.0	3.000	 3.0	 4.0
1	2018	127	22554.0	 25.0	 37.0	3.000	 3.0	 0.0
1	2018	128	25510.0	 26.0	 39.0	2.000	 3.0	 0.0
1	2018	129	23538.0	 27.0	 38.0	3.000	 4.0	 1.0
1	2018	130	22308.0	 24.0	 37.0	3.000	 2.0	14.0
1	2018	131	9182.0	 24.0	 29.0	3.000	 2.0	 2.0
1	2018	132	19495.0	 24.0	 32.0	3.000	 2.0	 0.0
1	2018	133	25014.0	 24.0	 35.0	3.000	 2.0	 1.0
1	2018	134	22666.0	 25.0	 36.0	3.000	 3.0	 1.0
1	2018	135	25450.0	 25.0	 36.0	3.000	 3.0	 2.0
1	2018	136	23542.0	 26.0	 36.0	3.000	 3.0	 1.0
1	2018	137	23406.0	 25.0	 36.0	3.000	 3.0	 0.0
1	2018	138	23150.0	 25.0	 36.0	3.000	 3.0	 1.0
1	2018	139	23587.0	 26.0	 36.0	3.000	 2.0	 2.0
1	2018	140	25230.0	 26.0	 38.0	3.000	 3.0	 0.0
1	2018	141	25397.0	 27.0	 37.0	3.000	 4.0	 0.0
1	2018	142	25364.0	 26.0	 38.0	3.000	 3.0	 1.0
1	2018	143	19004.0	 26.0	 36.0	3.000	 3.0	 0.0
1	2018	144	23903.0	 26.0	 36.0	3.000	 2.0	 1.0
1	2018	145	24553.0	 25.0	 37.0	3.000	 3.0	 0.0
1	2018	146	16748.0	 25.0	 34.0	3.000	 3.0	 1.0
1	2018	147	20535.0	 25.0	 34.0	3.000	 3.0	 2.0
1	2018	148	20542.0	 24.0	 34.0	3.000	 2.0	 1.0
1	2018	149	24361.0	 25.0	 35.0	3.000	 2.0	 0.0
1	2018	150	23632.0	 25.0	 36.0	3.000	 3.0	 1.0
1	2018	151	23539.0	 25.0	 36.0	3.000	 3.0	 0.0
1	2018	152	22725.0	 26.0	 36.0	3.000	 2.0	 2.0
1	2018	153	23769.0	 24.0	 35.0	3.000	 2.0	 2.0
1	2018	154	20466.0	 26.0	 34.0	3.000	 2.0	11.0
1	2018	155	22576.0	 24.0	 33.0	3.000	 2.0	 1.0
1	2018	156	25023.0	 24.0	 36.0	3.000	 2.0	 1.0
1	2018	157	17979.0	 26.0	 34.0	3.000	 2.0	 0.0
1	2018	158	22192.0	 24.0	 35.0	3.000	 2.0	 0.0
1	2018	159	25329.0	 25.0	 37.0	3.000	 2.0	 0.0
1	2018	160	22681.0	 27.0	 36.0	3.000	 3.0	 0.0
1	2018	161	15219.0	 25.0	 34.0	3.000	 3.0	 4.0
1	2018	162	16100.0	 23.0	 32.0	3.000	 2.0	 1.0
1	2018	163	23065.0	 24.0	 35.0	3.000	 2.0	 1.0
1	2018	164	23819.0	 25.0	 36.0	3.000	 2.0	 3.0
1	2018	165	21677.0	 26.0	 35.0	3.000	 3.0	 8.0
1	2018	166	24087.0	 25.0	 36.0	3.000	 3.0	 3.0
1	2018	167	24668.0	 24.0	 35.0	3.000	 3.0	 1.0
1	2018	168	12745.0	 24.0	 31.0	3.000	 3.0	 3.0
1	2018	169	18836.0	 23.0	 32.0	3.000	 3.0	13.0
1	2018	170	15744.0	 23.0	 31.0	3.000	 3.0	15.0
1	2018	171	24960.0	 23.0	 32.0	3.000	 4.0	 0.0
1	2018	172	18405.0	 23.0	 31.0	3.000	 4.0	17.0
1	2018	173	16997.0	 22.0	 29.0	3.000	 4.0	 9.0
1	2018	174	12854.0	 23.0	 29.0	3.000	 3.0	 2.0
1	2018	175	9020.0	 23.0	 27.0	3.000	 3.0	10.0
1	2018	176	18117.0	 22.0	 29.0	3.000	 2.0	 2.0
1	2018	177	24106.0	 22.0	 31.0	3.000	 1.0	 0.0
1	2018	178	13497.0	 23.0	 30.0	3.000	 3.0	13.0
1	2018	179	19014.0	 23.0	 30.0	3.000	 2.0	 1.0
1	2018	180	19018.0	 23.0	 30.0	3.000	 3.0	 5.0
1	2018	181	16608.0	 23.0	 30.0	3.000	 2.0	 1.0
1	2018	182	11853.0	 22.0	 28.0	3.000	 2.0	 5.0
1	2018	183	17793.0	 22.0	 30.0	3.000	 2.0	 2.0
1	2018	184	17825.0	 23.0	 29.0	3.000	 1.0	15.0
1	2018	185	16342.0	 22.0	 29.0	3.000	 2.0	 3.0
1	2018	186	21257.0	 23.0	 30.0	3.000	 2.0	 1.0
1	2018	187	16625.0	 23.0	 29.0	3.000	 2.0	 1.0
1	2018	188	15842.0	 22.0	 30.0	3.000	 2.0	 0.0
1	2018	189	23259.0	 22.0	 31.0	3.000	 1.0	 1.0
1	2018	190	20727.0	 23.0	 30.0	3.000	 1.0	 3.0
1	2018	191	22229.0	 23.0	 31.0	3.000	 2.0	 0.0
1	2018	192	19987.0	 24.0	 31.0	3.000	 2.0	 9.0
1	2018	193	16062.0	 23.0	 30.0	3.000	 2.0	 6.0
1	2018	194	17266.0	 23.0	 30.0	3.000	 2.0	 0.0
1	2018	195	24969.0	 23.0	 32.0	3.000	 2.0	 1.0
1	2018	196	17309.0	 23.0	 31.0	3.000	 3.0	 2.0
1	2018	197	15469.0	 23.0	 30.0	3.000	 3.0	 8.0
1	2018	198	11797.0	 23.0	 29.0	3.000	 2.0	 7.0
1	2018	199	18032.0	 22.0	 30.0	3.000	 2.0	13.0
1	2018	200	22909.0	 22.0	 31.0	3.000	 2.0	 1.0
1	2018	201	19154.0	 23.0	 31.0	3.000	 2.0	 5.0
1	2018	202	13066.0	 22.0	 27.0	3.000	 2.0	11.0
1	2018	203	17144.0	 23.0	 29.0	3.000	 2.0	 1.0
1	2018	204	20802.0	 23.0	 30.0	3.000	 2.0	 4.0
1	2018	205	21662.0	 24.0	 32.0	3.000	 2.0	11.0
1	2018	206	9266.0	 23.0	 28.0	3.000	 3.0	16.0
1	2018	207	11025.0	 23.0	 28.0	3.000	 2.0	20.0
1	2018	208	17077.0	 22.0	 30.0	3.000	 2.0	 4.0
1	2018	209	22014.0	 21.0	 30.0	3.000	 2.0	 8.0
1	2018	210	15473.0	 22.0	 29.0	3.000	 3.0	 5.0
1	2018	211	9596.0	 22.0	 26.0	3.000	 2.0	 9.0
1	2018	212	16490.0	 22.0	 28.0	3.000	 3.0	 2.0
1	2018	213	21376.0	 21.0	 29.0	3.000	 2.0	 0.0
1	2018	214	20986.0	 23.0	 30.0	3.000	 2.0	 2.0
1	2018	215	13946.0	 22.0	 29.0	3.000	 1.0	 4.0
1	2018	216	12515.0	 22.0	 28.0	3.000	 2.0	 4.0
1	2018	217	19955.0	 22.0	 29.0	3.000	 3.0	 1.0
1	2018	218	17932.0	 23.0	 29.0	3.000	 2.0	 0.0
1	2018	219	11242.0	 23.0	 28.0	3.000	 2.0	 6.0
1	2018	220	19106.0	 22.0	 29.0	3.000	 2.0	 4.0
1	2018	221	17899.0	 22.0	 29.0	3.000	 3.0	14.0
1	2018	222	18925.0	 23.0	 29.0	3.000	 3.0	 6.0
1	2018	223	15041.0	 22.0	 29.0	3.000	 2.0	11.0
1	2018	224	21479.0	 22.0	 30.0	3.000	 2.0	 2.0
1	2018	225	15385.0	 22.0	 29.0	3.000	 2.0	 8.0
1	2018	226	11109.0	 22.0	 28.0	3.000	 1.0	26.0
1	2018	227	21175.0	 21.0	 30.0	3.000	 2.0	 1.0
1	2018	228	21093.0	 22.0	 30.0	3.000	 2.0	 3.0
1	2018	229	14152.0	 23.0	 29.0	3.000	 2.0	 4.0
1	2018	230	10202.0	 22.0	 27.0	3.000	 2.0	19.0
1	2018	231	11776.0	 22.0	 28.0	3.000	 2.0	10.0
1	2018	232	19089.0	 22.0	 30.0	3.000	 3.0	 2.0
1	2018	233	11025.0	 23.0	 29.0	3.000	 2.0	 9.0
1	2018	234	10232.0	 22.0	 27.0	3.000	 2.0	 9.0
1	2018	235	19354.0	 22.0	 29.0	3.000	 2.0	 8.0
1	2018	236	19088.0	 22.0	 29.0	3.000	 3.0	 6.0
1	2018	237	8503.0	 22.0	 26.0	3.000	 1.0	32.0
1	2018	238	12228.0	 22.0	 26.0	3.000	 4.0	 4.0
1	2018	239	15856.0	 22.0	 28.0	3.000	 2.0	 4.0
1	2018	240	18398.0	 22.0	 30.0	3.000	 2.0	11.0
1	2018	241	15379.0	 22.0	 28.0	3.000	 2.0	 9.0
1	2018	242	20057.0	 22.0	 29.0	3.000	 2.0	 5.0
1	2018	243	7236.0	 23.0	 27.0	3.000	 2.0	17.0
1	2018	244	10035.0	 22.0	 27.0	3.000	 2.0	 6.0
1	2018	245	13986.0	 22.0	 28.0	3.000	 2.0	 6.0
1	2018	246	19833.0	 22.0	 29.0	3.000	 2.0	 3.0
1	2018	247	14269.0	 22.0	 28.0	3.000	 1.0	11.0
1	2018	248	17804.0	 22.0	 28.0	3.000	 2.0	 6.0
1	2018	249	20438.0	 22.0	 30.0	3.000	 2.0	 1.0
1	2018	250	11322.0	 22.0	 28.0	3.000	 1.0	 7.0
1	2018	251	9790.0	 22.0	 26.0	3.000	 2.0	 1.0
1	2018	252	18892.0	 22.0	 29.0	3.000	 2.0	 5.0
1	2018	253	15089.0	 22.0	 29.0	3.000	 2.0	 9.0
1	2018	254	14135.0	 22.0	 28.0	3.000	 1.0	17.0
1	2018	255	14063.0	 22.0	 28.0	3.000	 1.0	 6.0
1	2018	256	24263.0	 21.0	 31.0	3.000	 1.0	 1.0
1	2018	257	24174.0	 22.0	 31.0	3.000	 1.0	 0.0
1	2018	258	23852.0	 22.0	 30.0	3.000	 2.0	 0.0
1	2018	259	15167.0	 22.0	 28.0	3.000	 1.0	 9.0
1	2018	260	21091.0	 22.0	 30.0	3.000	 2.0	 1.0
1	2018	261	23868.0	 23.0	 31.0	3.000	 1.0	 0.0
1	2018	262	21923.0	 23.0	 31.0	3.000	 1.0	 1.0
1	2018	263	22222.0	 23.0	 31.0	3.000	 1.0	 1.0
1	2018	264	21527.0	 23.0	 31.0	3.000	 2.0	 2.0
1	2018	265	14344.0	 22.0	 28.0	3.000	 1.0	11.0
1	2018	266	13440.0	 22.0	 28.0	3.000	 1.0	 5.0
1	2018	267	22021.0	 23.0	 31.0	3.000	 1.0	 0.0
1	2018	268	20374.0	 23.0	 31.0	3.000	 1.0	 2.0
1	2018	269	19549.0	 23.0	 30.0	3.000	 2.0	 1.0
1	2018	270	21972.0	 23.0	 31.0	3.000	 2.0	 1.0
1	2018	271	20891.0	 23.0	 30.0	3.000	 2.0	 2.0
1	2018	272	22859.0	 22.0	 31.0	3.000	 1.0	 1.0
1	2018	273	12843.0	 22.0	 28.0	3.000	 1.0	10.0
1	2018	274	18559.0	 22.0	 30.0	3.000	 1.0	 0.0
1	2018	275	20828.0	 23.0	 31.0	3.000	 2.0	 0.0
1	2018	276	22678.0	 22.0	 31.0	3.000	 1.0	 1.0
1	2018	277	20020.0	 22.0	 31.0	3.000	 1.0	 5.0
1	2018	278	19285.0	 22.0	 30.0	3.000	 1.0	 4.0
1	2018	279	12807.0	 23.0	 28.0	3.000	 2.0	 3.0
1	2018	280	19425.0	 23.0	 31.0	3.000	 1.0	 0.0
1	2018	281	19002.0	 24.0	 32.0	3.000	 1.0	 2.0
1	2018	282	21590.0	 23.0	 31.0	3.000	 2.0	 1.0
1	2018	283	23705.0	 23.0	 32.0	3.000	 1.0	 0.0
1	2018	284	18699.0	 22.0	 31.0	3.000	 1.0	 5.0
1	2018	285	22884.0	 23.0	 32.0	3.000	 1.0	 1.0
1	2018	286	21654.0	 23.0	 31.0	3.000	 2.0	 1.0
1	2018	287	21995.0	 22.0	 31.0	3.000	 2.0	 4.0
1	2018	288	21040.0	 23.0	 31.0	3.000	 0.0	 4.0
1	2018	289	19450.0	 23.0	 31.0	3.000	 1.0	 2.0
1	2018	290	20375.0	 23.0	 31.0	3.000	 2.0	 1.0
1	2018	291	23826.0	 24.0	 33.0	3.000	 2.0	 0.0
1	2018	292	23036.0	 24.0	 33.0	3.000	 1.0	 0.0
1	2018	293	23514.0	 24.0	 35.0	3.000	 1.0	 0.0
1	2018	294	22158.0	 22.0	 35.0	3.000	 2.0	 0.0
1	2018	295	24419.0	 23.0	 36.0	2.000	 1.0	 0.0
1	2018	296	22495.0	 23.0	 36.0	2.000	 1.0	 0.0
1	2018	297	23704.0	 23.0	 36.0	3.000	 2.0	 0.0
1	2018	298	22172.0	 24.0	 35.0	3.000	 3.0	 0.0
1	2018	299	22082.0	 24.0	 35.0	3.000	 1.0	 0.0
1	2018	300	21872.0	 25.0	 35.0	3.000	 1.0	 0.0
1	2018	301	20910.0	 25.0	 34.0	3.000	 2.0	 3.0
1	2018	302	14467.0	 24.0	 31.0	3.000	 1.0	 5.0
1	2018	303	17762.0	 23.0	 31.0	3.000	 1.0	 1.0
1	2018	304	19542.0	 24.0	 34.0	3.000	 1.0	 0.0
1	2018	305	20617.0	 23.0	 36.0	2.000	 0.0	 0.0
1	2018	306	19754.0	 22.0	 34.0	2.000	 1.0	 0.0
1	2018	307	19623.0	 23.0	 33.0	2.000	 2.0	 0.0
1	2018	308	18647.0	 24.0	 33.0	2.000	 2.0	 0.0
1	2018	309	20035.0	 23.0	 35.0	3.000	 2.0	 3.0
1	2018	310	20279.0	 24.0	 35.0	3.000	 1.0	 1.0
1	2018	311	20238.0	 23.0	 35.0	2.000	 2.0	 0.0
1	2018	312	20721.0	 24.0	 35.0	2.000	 1.0	 0.0
1	2018	313	22214.0	 24.0	 36.0	2.000	 1.0	 0.0
1	2018	314	22886.0	 23.0	 36.0	2.000	 1.0	 0.0
1	2018	315	20285.0	 23.0	 36.0	2.000	 2.0	 0.0
1	2018	316	22619.0	 22.0	 37.0	2.000	 1.0	 0.0
1	2018	317	22752.0	 22.0	 37.0	2.000	 1.0	 0.0
1	2018	318	22338.0	 21.0	 36.0	2.000	 1.0	 0.0
1	2018	319	22042.0	 21.0	 36.0	2.000	 1.0	 0.0
1	2018	320	22115.0	 22.0	 36.0	2.000	 2.0	 0.0
1	2018	321	19943.0	 24.0	 36.0	2.000	 2.0	 0.0
1	2018	322	18746.0	 25.0	 35.0	2.000	 1.0	 1.0
1	2018	323	18979.0	 25.0	 36.0	2.000	 1.0	 0.0
1	2018	324	16757.0	 25.0	 36.0	2.000	 1.0	 0.0
1	2018	325	19752.0	 25.0	 38.0	2.000	 1.0	 0.0
1	2018	326	22002.0	 22.0	 37.0	1.000	 2.0	 0.0
1	2018	327	22287.0	 21.0	 37.0	1.000	 2.0	 0.0
1	2018	328	21994.0	 22.0	 37.0	1.000	 1.0	 0.0
1	2018	329	22049.0	 22.0	 37.0	1.000	 2.0	 0.0
1	2018	330	21441.0	 22.0	 37.0	1.000	 2.0	 0.0
1	2018	331	21940.0	 21.0	 36.0	1.000	 2.0	 0.0
1	2018	332	21863.0	 20.0	 36.0	1.000	 2.0	 0.0
1	2018	333	21272.0	 22.0	 37.0	1.000	 2.0	 0.0
1	2018	334	21904.0	 22.0	 36.0	1.000	 3.0	 0.0
1	2018	335	21715.0	 21.0	 36.0	1.000	 2.0	 0.0
1	2018	336	21123.0	 21.0	 36.0	1.000	 2.0	 0.0
1	2018	337	19786.0	 20.0	 36.0	1.000	 2.0	 0.0
1	2018	338	21114.0	 22.0	 36.0	1.000	 3.0	 0.0
1	2018	339	21094.0	 22.0	 36.0	1.000	 3.0	 0.0
1	2018	340	21204.0	 22.0	 36.0	1.000	 3.0	 0.0
1	2018	341	21182.0	 21.0	 36.0	1.000	 3.0	 0.0
1	2018	342	21516.0	 20.0	 36.0	1.000	 3.0	 0.0
1	2018	343	21373.0	 19.0	 35.0	1.000	 3.0	 0.0
1	2018	344	20649.0	 20.0	 35.0	1.000	 3.0	 0.0
1	2018	345	21036.0	 20.0	 35.0	1.000	 3.0	 0.0
1	2018	346	20944.0	 20.0	 35.0	1.000	 3.0	 0.0
1	2018	347	20750.0	 22.0	 36.0	1.000	 3.0	 0.0
1	2018	348	20894.0	 22.0	 36.0	1.000	 3.0	 0.0
1	2018	349	20959.0	 21.0	 37.0	1.000	 3.0	 0.0
1	2018	350	21011.0	 20.0	 36.0	1.000	 3.0	 0.0
1	2018	351	20948.0	 21.0	 36.0	1.000	 2.0	 0.0
1	2018	352	20864.0	 21.0	 36.0	1.000	 3.0	 0.0
1	2018	353	21022.0	 21.0	 36.0	1.000	 3.0	 0.0
1	2018	354	21050.0	 21.0	 36.0	1.000	 3.0	 0.0
1	2018	355	21071.0	 20.0	 36.0	1.000	 3.0	 0.0
1	2018	356	21118.0	 20.0	 35.0	1.000	 3.0	 0.0
1	2018	357	21245.0	 20.0	 35.0	1.000	 3.0	 0.0
1	2018	358	21403.0	 20.0	 34.0	1.000	 3.0	 0.0
1	2018	359	21394.0	 19.0	 34.0	1.000	 3.0	 0.0
1	2018	360	21253.0	 18.0	 34.0	1.000	 3.0	 0.0
1	2018	361	21234.0	 19.0	 35.0	1.000	 2.0	 0.0
1	2018	362	20888.0	 20.0	 36.0	1.000	 2.0	 0.0
1	2018	363	20701.0	 21.0	 36.0	1.000	 2.0	 0.0
1	2018	364	19003.0	 23.0	 36.0	1.000	 3.0	 0.0
1	2018	365	20719.0	 23.0	 36.0	1.000	 4.0	 0.0
