*---------------------------------------------------
* Station: Upper_West
* Year: 2013
* Origin: ERA5-Reanalysis
* Columns & units
* ===================
* 1. station number
* 2. year
* 3. Day of Year
* 4. Irradiance   (kJ路m-2路d-1)
* 5. Daily minimum temperature (degC)
* 6. Daily maximum temperature (degC)
* 7. Vapour pressure (kPa)
* 8. Mean wind speed (m路s-1)
* 9. Precipitation (mm路d-1)
** WCCDESCRIPTION=Upper_West
** WCCFORMAT=2
** WCCYEARNR=2013
*------------------------------------------------------------*
-2.21  10.42  237.00 -0.18  -0.55
1	2013	1	21390.0	 18.0	 32.0	1.000	 4.0	 0.0
1	2013	2	21147.0	 18.0	 33.0	1.000	 3.0	 0.0
1	2013	3	20211.0	 19.0	 34.0	1.000	 3.0	 0.0
1	2013	4	21048.0	 20.0	 34.0	1.000	 4.0	 0.0
1	2013	5	21655.0	 18.0	 32.0	1.000	 3.0	 0.0
1	2013	6	21712.0	 17.0	 33.0	1.000	 3.0	 0.0
1	2013	7	21581.0	 17.0	 34.0	1.000	 2.0	 0.0
1	2013	8	21273.0	 19.0	 35.0	1.000	 3.0	 0.0
1	2013	9	21173.0	 21.0	 35.0	1.000	 3.0	 0.0
1	2013	10	21151.0	 21.0	 35.0	1.000	 3.0	 0.0
1	2013	11	21438.0	 20.0	 35.0	1.000	 3.0	 0.0
1	2013	12	21663.0	 20.0	 35.0	1.000	 3.0	 0.0
1	2013	13	21676.0	 19.0	 35.0	1.000	 3.0	 0.0
1	2013	14	22005.0	 19.0	 35.0	1.000	 3.0	 0.0
1	2013	15	21854.0	 19.0	 36.0	1.000	 3.0	 0.0
1	2013	16	21683.0	 22.0	 36.0	1.000	 3.0	 0.0
1	2013	17	21252.0	 22.0	 36.0	1.000	 3.0	 0.0
1	2013	18	21739.0	 21.0	 37.0	1.000	 3.0	 0.0
1	2013	19	21798.0	 20.0	 36.0	1.000	 2.0	 0.0
1	2013	20	21940.0	 20.0	 37.0	1.000	 2.0	 0.0
1	2013	21	22009.0	 21.0	 37.0	1.000	 2.0	 0.0
1	2013	22	21995.0	 20.0	 37.0	1.000	 2.0	 0.0
1	2013	23	21150.0	 20.0	 37.0	1.000	 1.0	 0.0
1	2013	24	21684.0	 24.0	 37.0	1.000	 2.0	 0.0
1	2013	25	21864.0	 21.0	 37.0	1.000	 1.0	 0.0
1	2013	26	19522.0	 22.0	 36.0	1.000	 3.0	 0.0
1	2013	27	17677.0	 22.0	 35.0	0.500	 4.0	 0.0
1	2013	28	16157.0	 23.0	 33.0	1.000	 5.0	 0.0
1	2013	29	21127.0	 22.0	 37.0	1.000	 3.0	 0.0
1	2013	30	22196.0	 23.0	 37.0	1.000	 4.0	 0.0
1	2013	31	22342.0	 23.0	 35.0	1.000	 5.0	 0.0
1	2013	32	22919.0	 20.0	 33.0	1.000	 4.0	 0.0
1	2013	33	23394.0	 18.0	 33.0	1.000	 3.0	 0.0
1	2013	34	23359.0	 17.0	 34.0	1.000	 2.0	 0.0
1	2013	35	22540.0	 19.0	 36.0	1.000	 3.0	 0.0
1	2013	36	22928.0	 21.0	 36.0	1.000	 3.0	 0.0
1	2013	37	22998.0	 22.0	 37.0	1.000	 3.0	 0.0
1	2013	38	23009.0	 22.0	 37.0	1.000	 3.0	 0.0
1	2013	39	23070.0	 22.0	 37.0	1.000	 3.0	 0.0
1	2013	40	23275.0	 21.0	 38.0	1.000	 3.0	 0.0
1	2013	41	23385.0	 22.0	 38.0	1.000	 3.0	 0.0
1	2013	42	22339.0	 23.0	 38.0	1.000	 3.0	 0.0
1	2013	43	23467.0	 23.0	 39.0	1.000	 3.0	 0.0
1	2013	44	23383.0	 23.0	 39.0	1.000	 3.0	 0.0
1	2013	45	24004.0	 22.0	 38.0	1.000	 3.0	 0.0
1	2013	46	24060.0	 20.0	 38.0	1.000	 2.0	 0.0
1	2013	47	23981.0	 21.0	 39.0	1.000	 2.0	 0.0
1	2013	48	23751.0	 21.0	 38.0	1.000	 2.0	 0.0
1	2013	49	24026.0	 20.0	 38.0	1.000	 1.0	 0.0
1	2013	50	21974.0	 21.0	 38.0	1.000	 1.0	 0.0
1	2013	51	19444.0	 26.0	 37.0	2.000	 2.0	 0.0
1	2013	52	20597.0	 26.0	 38.0	2.000	 1.0	 0.0
1	2013	53	21118.0	 22.0	 38.0	1.000	 2.0	 0.0
1	2013	54	23185.0	 23.0	 40.0	1.000	 2.0	 0.0
1	2013	55	24411.0	 25.0	 40.0	1.000	 2.0	 0.0
1	2013	56	23629.0	 24.0	 40.0	1.000	 1.0	 0.0
1	2013	57	22745.0	 26.0	 40.0	2.000	 1.0	 0.0
1	2013	58	22176.0	 27.0	 40.0	2.000	 2.0	 0.0
1	2013	59	21025.0	 28.0	 40.0	2.000	 2.0	 0.0
1	2013	60	20485.0	 27.0	 39.0	2.000	 2.0	 0.0
1	2013	61	22551.0	 27.0	 41.0	2.000	 0.0	 0.0
1	2013	62	17005.0	 28.0	 38.0	2.000	 1.0	 0.0
1	2013	63	22069.0	 26.0	 39.0	2.000	 2.0	 0.0
1	2013	64	22823.0	 26.0	 39.0	2.000	 3.0	 0.0
1	2013	65	21132.0	 28.0	 41.0	2.000	 1.0	 0.0
1	2013	66	23316.0	 28.0	 41.0	2.000	 2.0	 0.0
1	2013	67	23565.0	 28.0	 40.0	2.000	 1.0	 0.0
1	2013	68	22304.0	 28.0	 40.0	2.000	 2.0	 0.0
1	2013	69	21556.0	 28.0	 39.0	2.000	 3.0	 0.0
1	2013	70	19724.0	 29.0	 39.0	2.000	 2.0	 0.0
1	2013	71	19075.0	 26.0	 37.0	2.000	 3.0	 3.0
1	2013	72	20058.0	 26.0	 38.0	2.000	 2.0	 4.0
1	2013	73	20951.0	 26.0	 37.0	2.000	 2.0	 0.0
1	2013	74	22153.0	 26.0	 39.0	2.000	 1.0	 0.0
1	2013	75	23591.0	 26.0	 39.0	2.000	 1.0	 0.0
1	2013	76	24197.0	 26.0	 40.0	2.000	 2.0	 0.0
1	2013	77	20977.0	 27.0	 39.0	2.000	 2.0	 5.0
1	2013	78	10875.0	 25.0	 34.0	3.000	 2.0	 0.0
1	2013	79	22089.0	 27.0	 40.0	2.000	 1.0	 0.0
1	2013	80	23433.0	 26.0	 39.0	2.000	 1.0	 0.0
1	2013	81	24517.0	 26.0	 39.0	2.000	 3.0	 0.0
1	2013	82	22138.0	 27.0	 39.0	2.000	 3.0	 0.0
1	2013	83	23392.0	 26.0	 39.0	2.000	 3.0	 0.0
1	2013	84	21427.0	 27.0	 38.0	3.000	 3.0	 0.0
1	2013	85	18313.0	 26.0	 36.0	3.000	 3.0	 0.0
1	2013	86	21623.0	 27.0	 38.0	3.000	 3.0	 3.0
1	2013	87	17233.0	 26.0	 35.0	3.000	 3.0	 0.0
1	2013	88	23831.0	 25.0	 37.0	2.000	 3.0	 0.0
1	2013	89	23775.0	 26.0	 38.0	2.000	 2.0	 0.0
1	2013	90	24645.0	 26.0	 39.0	2.000	 2.0	 1.0
1	2013	91	24874.0	 27.0	 39.0	2.000	 3.0	 0.0
1	2013	92	21426.0	 27.0	 38.0	3.000	 3.0	 5.0
1	2013	93	23370.0	 26.0	 38.0	3.000	 2.0	11.0
1	2013	94	13970.0	 24.0	 34.0	3.000	 1.0	 5.0
1	2013	95	23516.0	 25.0	 36.0	3.000	 2.0	 0.0
1	2013	96	19044.0	 25.0	 36.0	2.000	 3.0	 0.0
1	2013	97	24815.0	 24.0	 37.0	2.000	 2.0	 0.0
1	2013	98	26222.0	 24.0	 37.0	2.000	 2.0	 0.0
1	2013	99	24299.0	 25.0	 37.0	3.000	 3.0	 0.0
1	2013	100	17415.0	 26.0	 35.0	3.000	 3.0	 0.0
1	2013	101	23965.0	 26.0	 37.0	3.000	 2.0	 0.0
1	2013	102	24782.0	 26.0	 37.0	3.000	 2.0	 2.0
1	2013	103	22525.0	 24.0	 34.0	3.000	 3.0	 4.0
1	2013	104	25136.0	 24.0	 36.0	3.000	 2.0	 1.0
1	2013	105	23691.0	 26.0	 37.0	3.000	 2.0	 2.0
1	2013	106	22643.0	 26.0	 36.0	3.000	 3.0	 0.0
1	2013	107	22711.0	 26.0	 35.0	3.000	 4.0	 0.0
1	2013	108	23350.0	 25.0	 36.0	3.000	 3.0	 0.0
1	2013	109	24125.0	 26.0	 36.0	3.000	 3.0	 7.0
1	2013	110	22083.0	 24.0	 33.0	3.000	 2.0	 5.0
1	2013	111	24860.0	 25.0	 35.0	3.000	 2.0	 0.0
1	2013	112	16231.0	 25.0	 32.0	3.000	 2.0	17.0
1	2013	113	23744.0	 24.0	 34.0	3.000	 3.0	 0.0
1	2013	114	25113.0	 25.0	 35.0	3.000	 3.0	 1.0
1	2013	115	24184.0	 26.0	 35.0	3.000	 2.0	 1.0
1	2013	116	22331.0	 24.0	 33.0	3.000	 2.0	11.0
1	2013	117	25002.0	 24.0	 34.0	3.000	 2.0	 0.0
1	2013	118	24123.0	 25.0	 36.0	3.000	 1.0	 0.0
1	2013	119	25607.0	 23.0	 36.0	3.000	 2.0	 0.0
1	2013	120	24834.0	 26.0	 37.0	3.000	 3.0	 0.0
1	2013	121	19622.0	 26.0	 33.0	3.000	 3.0	 9.0
1	2013	122	25936.0	 24.0	 35.0	3.000	 2.0	 0.0
1	2013	123	23980.0	 25.0	 37.0	3.000	 2.0	 0.0
1	2013	124	23573.0	 26.0	 37.0	3.000	 2.0	 0.0
1	2013	125	21705.0	 25.0	 36.0	3.000	 2.0	 0.0
1	2013	126	23192.0	 26.0	 36.0	3.000	 2.0	 0.0
1	2013	127	22144.0	 25.0	 36.0	3.000	 3.0	 1.0
1	2013	128	21326.0	 25.0	 35.0	3.000	 3.0	 9.0
1	2013	129	23682.0	 25.0	 36.0	3.000	 3.0	 0.0
1	2013	130	24323.0	 26.0	 36.0	3.000	 3.0	 1.0
1	2013	131	19810.0	 24.0	 34.0	3.000	 3.0	 3.0
1	2013	132	24520.0	 24.0	 35.0	3.000	 3.0	 0.0
1	2013	133	25040.0	 25.0	 36.0	3.000	 3.0	 0.0
1	2013	134	14506.0	 25.0	 32.0	3.000	 3.0	 1.0
1	2013	135	17871.0	 25.0	 32.0	3.000	 2.0	 5.0
1	2013	136	24188.0	 24.0	 35.0	3.000	 2.0	 0.0
1	2013	137	24016.0	 25.0	 36.0	3.000	 2.0	 0.0
1	2013	138	22789.0	 26.0	 36.0	3.000	 2.0	 1.0
1	2013	139	21306.0	 25.0	 35.0	3.000	 3.0	 0.0
1	2013	140	24336.0	 26.0	 37.0	3.000	 3.0	 0.0
1	2013	141	22901.0	 26.0	 36.0	3.000	 3.0	 0.0
1	2013	142	24382.0	 25.0	 36.0	3.000	 2.0	 5.0
1	2013	143	21796.0	 24.0	 35.0	3.000	 3.0	 1.0
1	2013	144	25985.0	 25.0	 36.0	3.000	 2.0	 0.0
1	2013	145	24509.0	 26.0	 37.0	3.000	 3.0	 1.0
1	2013	146	20619.0	 25.0	 35.0	3.000	 3.0	 0.0
1	2013	147	18904.0	 24.0	 34.0	3.000	 2.0	18.0
1	2013	148	22502.0	 23.0	 32.0	3.000	 3.0	 1.0
1	2013	149	21174.0	 24.0	 33.0	3.000	 2.0	 1.0
1	2013	150	22295.0	 24.0	 33.0	3.000	 3.0	 2.0
1	2013	151	24758.0	 24.0	 34.0	3.000	 1.0	 0.0
1	2013	152	25025.0	 24.0	 34.0	3.000	 2.0	 3.0
1	2013	153	22967.0	 23.0	 34.0	3.000	 3.0	 0.0
1	2013	154	24253.0	 23.0	 33.0	3.000	 3.0	 0.0
1	2013	155	24009.0	 24.0	 34.0	3.000	 4.0	 0.0
1	2013	156	19958.0	 24.0	 33.0	2.000	 1.0	 3.0
1	2013	157	20955.0	 23.0	 33.0	3.000	 3.0	 2.0
1	2013	158	22229.0	 24.0	 34.0	3.000	 3.0	 0.0
1	2013	159	25267.0	 25.0	 35.0	3.000	 2.0	 5.0
1	2013	160	24047.0	 24.0	 35.0	3.000	 3.0	 0.0
1	2013	161	14668.0	 24.0	 32.0	3.000	 2.0	 0.0
1	2013	162	22902.0	 24.0	 34.0	3.000	 2.0	 1.0
1	2013	163	24107.0	 24.0	 35.0	3.000	 3.0	 0.0
1	2013	164	25270.0	 25.0	 36.0	3.000	 3.0	 1.0
1	2013	165	21296.0	 26.0	 35.0	3.000	 3.0	 0.0
1	2013	166	23591.0	 25.0	 35.0	3.000	 2.0	 1.0
1	2013	167	23666.0	 25.0	 35.0	3.000	 2.0	 2.0
1	2013	168	22916.0	 25.0	 34.0	3.000	 3.0	 0.0
1	2013	169	23763.0	 24.0	 34.0	3.000	 2.0	 1.0
1	2013	170	24625.0	 23.0	 35.0	3.000	 3.0	 2.0
1	2013	171	15952.0	 25.0	 33.0	3.000	 4.0	 2.0
1	2013	172	19536.0	 25.0	 33.0	3.000	 3.0	 1.0
1	2013	173	23850.0	 25.0	 34.0	3.000	 3.0	 0.0
1	2013	174	19963.0	 26.0	 34.0	3.000	 3.0	 0.0
1	2013	175	22565.0	 24.0	 35.0	3.000	 3.0	 4.0
1	2013	176	21551.0	 23.0	 31.0	3.000	 3.0	13.0
1	2013	177	18697.0	 24.0	 31.0	3.000	 2.0	 0.0
1	2013	178	18433.0	 24.0	 31.0	3.000	 1.0	 2.0
1	2013	179	12286.0	 23.0	 28.0	3.000	 3.0	 9.0
1	2013	180	19138.0	 22.0	 30.0	3.000	 2.0	 3.0
1	2013	181	15168.0	 23.0	 30.0	3.000	 2.0	 5.0
1	2013	182	16662.0	 22.0	 30.0	3.000	 3.0	 0.0
1	2013	183	23142.0	 22.0	 32.0	3.000	 1.0	 1.0
1	2013	184	21959.0	 22.0	 32.0	3.000	 2.0	 1.0
1	2013	185	20877.0	 23.0	 32.0	3.000	 3.0	 0.0
1	2013	186	17721.0	 23.0	 31.0	3.000	 3.0	 0.0
1	2013	187	14317.0	 22.0	 29.0	3.000	 2.0	 6.0
1	2013	188	14881.0	 22.0	 30.0	3.000	 3.0	 0.0
1	2013	189	15270.0	 22.0	 29.0	3.000	 3.0	24.0
1	2013	190	15086.0	 22.0	 28.0	3.000	 3.0	 3.0
1	2013	191	19641.0	 22.0	 30.0	3.000	 2.0	 3.0
1	2013	192	17825.0	 23.0	 30.0	3.000	 1.0	 3.0
1	2013	193	21193.0	 23.0	 30.0	3.000	 2.0	 2.0
1	2013	194	20793.0	 22.0	 31.0	3.000	 2.0	 1.0
1	2013	195	21796.0	 23.0	 31.0	3.000	 2.0	 3.0
1	2013	196	16621.0	 23.0	 30.0	3.000	 3.0	 2.0
1	2013	197	17681.0	 22.0	 30.0	3.000	 3.0	 1.0
1	2013	198	20942.0	 23.0	 31.0	3.000	 3.0	 1.0
1	2013	199	20276.0	 23.0	 32.0	3.000	 3.0	 1.0
1	2013	200	21529.0	 23.0	 32.0	3.000	 2.0	 8.0
1	2013	201	17383.0	 22.0	 30.0	3.000	 2.0	 8.0
1	2013	202	14097.0	 22.0	 30.0	3.000	 2.0	 0.0
1	2013	203	20445.0	 23.0	 31.0	3.000	 2.0	 1.0
1	2013	204	22385.0	 22.0	 32.0	3.000	 2.0	 0.0
1	2013	205	11624.0	 23.0	 30.0	3.000	 2.0	 5.0
1	2013	206	14329.0	 23.0	 29.0	3.000	 3.0	 4.0
1	2013	207	18349.0	 23.0	 30.0	3.000	 3.0	 0.0
1	2013	208	19484.0	 23.0	 31.0	3.000	 2.0	 0.0
1	2013	209	21774.0	 23.0	 31.0	3.000	 3.0	 2.0
1	2013	210	13132.0	 23.0	 29.0	3.000	 4.0	 1.0
1	2013	211	15701.0	 23.0	 30.0	3.000	 2.0	 7.0
1	2013	212	20097.0	 22.0	 31.0	3.000	 2.0	 1.0
1	2013	213	20940.0	 23.0	 31.0	3.000	 3.0	 2.0
1	2013	214	18439.0	 22.0	 31.0	3.000	 3.0	 7.0
1	2013	215	19599.0	 22.0	 31.0	3.000	 2.0	 5.0
1	2013	216	17811.0	 23.0	 31.0	3.000	 2.0	 2.0
1	2013	217	17891.0	 23.0	 31.0	3.000	 3.0	 4.0
1	2013	218	17653.0	 22.0	 31.0	3.000	 3.0	 5.0
1	2013	219	16155.0	 22.0	 30.0	3.000	 3.0	19.0
1	2013	220	14675.0	 22.0	 28.0	3.000	 3.0	 5.0
1	2013	221	16315.0	 22.0	 28.0	3.000	 3.0	 3.0
1	2013	222	19338.0	 22.0	 29.0	3.000	 3.0	 2.0
1	2013	223	19888.0	 23.0	 29.0	3.000	 2.0	 2.0
1	2013	224	13563.0	 22.0	 29.0	3.000	 3.0	 7.0
1	2013	225	8039.0	 22.0	 26.0	3.000	 3.0	 4.0
1	2013	226	20983.0	 21.0	 30.0	3.000	 2.0	 2.0
1	2013	227	15634.0	 22.0	 29.0	3.000	 2.0	10.0
1	2013	228	8785.0	 22.0	 27.0	3.000	 3.0	28.0
1	2013	229	15992.0	 21.0	 28.0	3.000	 3.0	 2.0
1	2013	230	15922.0	 22.0	 29.0	3.000	 2.0	20.0
1	2013	231	15712.0	 22.0	 29.0	3.000	 2.0	10.0
1	2013	232	17735.0	 22.0	 29.0	3.000	 0.0	 7.0
1	2013	233	8884.0	 22.0	 27.0	3.000	 2.0	 1.0
1	2013	234	18076.0	 22.0	 29.0	3.000	 3.0	 2.0
1	2013	235	11767.0	 22.0	 28.0	3.000	 1.0	17.0
1	2013	236	17287.0	 22.0	 28.0	3.000	 2.0	 3.0
1	2013	237	12919.0	 22.0	 28.0	3.000	 2.0	 2.0
1	2013	238	8125.0	 22.0	 26.0	3.000	 1.0	20.0
1	2013	239	18575.0	 21.0	 29.0	3.000	 2.0	 7.0
1	2013	240	19247.0	 22.0	 29.0	3.000	 2.0	 5.0
1	2013	241	15951.0	 22.0	 29.0	3.000	 1.0	12.0
1	2013	242	15991.0	 22.0	 28.0	3.000	 1.0	25.0
1	2013	243	16821.0	 21.0	 28.0	3.000	 3.0	 1.0
1	2013	244	20619.0	 21.0	 29.0	3.000	 2.0	 0.0
1	2013	245	18768.0	 22.0	 29.0	3.000	 2.0	 1.0
1	2013	246	20971.0	 22.0	 30.0	3.000	 1.0	 4.0
1	2013	247	14777.0	 22.0	 29.0	3.000	 1.0	22.0
1	2013	248	17756.0	 22.0	 27.0	3.000	 2.0	 3.0
1	2013	249	13628.0	 22.0	 27.0	3.000	 1.0	 8.0
1	2013	250	16585.0	 21.0	 28.0	3.000	 1.0	 3.0
1	2013	251	22026.0	 21.0	 30.0	3.000	 2.0	 1.0
1	2013	252	19013.0	 23.0	 30.0	3.000	 2.0	 3.0
1	2013	253	16789.0	 22.0	 29.0	3.000	 2.0	 1.0
1	2013	254	15946.0	 22.0	 29.0	3.000	 1.0	20.0
1	2013	255	11886.0	 21.0	 27.0	3.000	 2.0	23.0
1	2013	256	16145.0	 22.0	 28.0	3.000	 3.0	12.0
1	2013	257	22050.0	 21.0	 29.0	3.000	 1.0	 0.0
1	2013	258	18802.0	 22.0	 29.0	3.000	 2.0	 1.0
1	2013	259	21111.0	 22.0	 30.0	3.000	 2.0	 1.0
1	2013	260	21483.0	 22.0	 30.0	3.000	 1.0	 2.0
1	2013	261	24679.0	 22.0	 32.0	3.000	 1.0	 0.0
1	2013	262	24985.0	 24.0	 33.0	3.000	 1.0	 1.0
1	2013	263	22822.0	 24.0	 31.0	3.000	 2.0	 2.0
1	2013	264	21020.0	 23.0	 30.0	3.000	 2.0	 1.0
1	2013	265	23868.0	 23.0	 32.0	3.000	 1.0	 1.0
1	2013	266	17321.0	 24.0	 31.0	3.000	 3.0	 0.0
1	2013	267	9168.0	 23.0	 27.0	3.000	 2.0	 2.0
1	2013	268	12571.0	 22.0	 27.0	3.000	 3.0	 1.0
1	2013	269	19455.0	 21.0	 30.0	3.000	 1.0	 1.0
1	2013	270	23250.0	 23.0	 32.0	3.000	 1.0	 7.0
1	2013	271	21428.0	 23.0	 31.0	3.000	 2.0	 0.0
1	2013	272	23168.0	 23.0	 32.0	3.000	 2.0	 0.0
1	2013	273	24551.0	 23.0	 33.0	3.000	 1.0	 4.0
1	2013	274	23513.0	 22.0	 32.0	3.000	 2.0	 1.0
1	2013	275	22761.0	 23.0	 32.0	3.000	 1.0	 1.0
1	2013	276	20203.0	 22.0	 32.0	3.000	 1.0	 8.0
1	2013	277	16063.0	 23.0	 30.0	3.000	 2.0	 0.0
1	2013	278	18713.0	 23.0	 30.0	3.000	 2.0	 1.0
1	2013	279	24704.0	 22.0	 32.0	3.000	 1.0	 0.0
1	2013	280	22914.0	 23.0	 32.0	3.000	 2.0	 1.0
1	2013	281	22419.0	 23.0	 32.0	3.000	 1.0	 5.0
1	2013	282	17053.0	 23.0	 30.0	3.000	 2.0	 9.0
1	2013	283	17777.0	 22.0	 30.0	3.000	 2.0	 1.0
1	2013	284	22034.0	 22.0	 31.0	3.000	 1.0	 0.0
1	2013	285	22823.0	 23.0	 34.0	3.000	 0.0	 0.0
1	2013	286	24820.0	 22.0	 35.0	3.000	 1.0	 0.0
1	2013	287	24292.0	 23.0	 34.0	3.000	 2.0	 0.0
1	2013	288	19054.0	 24.0	 33.0	3.000	 3.0	 1.0
1	2013	289	19452.0	 23.0	 32.0	3.000	 3.0	 1.0
1	2013	290	22537.0	 24.0	 34.0	3.000	 1.0	 0.0
1	2013	291	23374.0	 24.0	 35.0	3.000	 1.0	 0.0
1	2013	292	22580.0	 24.0	 34.0	3.000	 2.0	 0.0
1	2013	293	21615.0	 24.0	 34.0	3.000	 1.0	 0.0
1	2013	294	23650.0	 24.0	 35.0	2.000	 1.0	 0.0
1	2013	295	23271.0	 24.0	 36.0	2.000	 1.0	 0.0
1	2013	296	23050.0	 24.0	 36.0	2.000	 2.0	 0.0
1	2013	297	21757.0	 24.0	 35.0	2.000	 1.0	 0.0
1	2013	298	22371.0	 24.0	 35.0	2.000	 2.0	 0.0
1	2013	299	20891.0	 24.0	 35.0	2.000	 1.0	 1.0
1	2013	300	20557.0	 24.0	 35.0	2.000	 1.0	 0.0
1	2013	301	23077.0	 24.0	 36.0	2.000	 1.0	 0.0
1	2013	302	22865.0	 23.0	 36.0	2.000	 2.0	 0.0
1	2013	303	20186.0	 25.0	 35.0	2.000	 2.0	 1.0
1	2013	304	19985.0	 23.0	 34.0	3.000	 1.0	 1.0
1	2013	305	21300.0	 25.0	 36.0	2.000	 2.0	 0.0
1	2013	306	22833.0	 24.0	 36.0	2.000	 1.0	 0.0
1	2013	307	23532.0	 23.0	 36.0	2.000	 2.0	 0.0
1	2013	308	23908.0	 20.0	 36.0	1.000	 2.0	 0.0
1	2013	309	23934.0	 20.0	 35.0	1.000	 3.0	 0.0
1	2013	310	23957.0	 19.0	 35.0	1.000	 2.0	 0.0
1	2013	311	22647.0	 21.0	 35.0	1.000	 1.0	 0.0
1	2013	312	21454.0	 23.0	 35.0	2.000	 1.0	 0.0
1	2013	313	21100.0	 24.0	 36.0	2.000	 1.0	 0.0
1	2013	314	20669.0	 24.0	 37.0	2.000	 1.0	 0.0
1	2013	315	21054.0	 23.0	 36.0	2.000	 1.0	 0.0
1	2013	316	21886.0	 23.0	 36.0	2.000	 1.0	 0.0
1	2013	317	20187.0	 24.0	 35.0	2.000	 2.0	 0.0
1	2013	318	20797.0	 23.0	 35.0	2.000	 1.0	 0.0
1	2013	319	19747.0	 24.0	 35.0	2.000	 2.0	 0.0
1	2013	320	18693.0	 25.0	 35.0	2.000	 1.0	 0.0
1	2013	321	17980.0	 25.0	 35.0	2.000	 1.0	 0.0
1	2013	322	19400.0	 24.0	 36.0	2.000	 1.0	 0.0
1	2013	323	18317.0	 25.0	 35.0	2.000	 2.0	 0.0
1	2013	324	16501.0	 24.0	 34.0	2.000	 1.0	 0.0
1	2013	325	19723.0	 25.0	 36.0	2.000	 1.0	 0.0
1	2013	326	20359.0	 24.0	 36.0	2.000	 1.0	 0.0
1	2013	327	18456.0	 25.0	 35.0	2.000	 3.0	 0.0
1	2013	328	18737.0	 24.0	 35.0	2.000	 2.0	 0.0
1	2013	329	19392.0	 25.0	 36.0	2.000	 1.0	 0.0
1	2013	330	19632.0	 24.0	 36.0	2.000	 2.0	 0.0
1	2013	331	17073.0	 25.0	 34.0	2.000	 2.0	 1.0
1	2013	332	18750.0	 25.0	 37.0	2.000	 1.0	 0.0
1	2013	333	21795.0	 23.0	 39.0	1.000	 3.0	 0.0
1	2013	334	21821.0	 22.0	 37.0	1.000	 1.0	 0.0
1	2013	335	21752.0	 21.0	 36.0	1.000	 1.0	 0.0
1	2013	336	21407.0	 21.0	 37.0	1.000	 1.0	 0.0
1	2013	337	21358.0	 22.0	 37.0	1.000	 2.0	 0.0
1	2013	338	19722.0	 23.0	 37.0	1.000	 4.0	 0.0
1	2013	339	21360.0	 22.0	 36.0	1.000	 3.0	 0.0
1	2013	340	21692.0	 22.0	 35.0	1.000	 4.0	 0.0
1	2013	341	21959.0	 19.0	 33.0	1.000	 3.0	 0.0
1	2013	342	21959.0	 18.0	 33.0	1.000	 3.0	 0.0
1	2013	343	21288.0	 18.0	 34.0	1.000	 3.0	 0.0
1	2013	344	20990.0	 20.0	 34.0	1.000	 3.0	 0.0
1	2013	345	19604.0	 21.0	 35.0	1.000	 2.0	 0.0
1	2013	346	20197.0	 21.0	 36.0	1.000	 2.0	 0.0
1	2013	347	20956.0	 20.0	 36.0	1.000	 2.0	 0.0
1	2013	348	20459.0	 21.0	 35.0	1.000	 3.0	 0.0
1	2013	349	14407.0	 22.0	 32.0	1.000	 3.0	 0.0
1	2013	350	20571.0	 20.0	 33.0	1.000	 3.0	 0.0
1	2013	351	21055.0	 20.0	 33.0	1.000	 4.0	 0.0
1	2013	352	21230.0	 19.0	 33.0	1.000	 3.0	 0.0
1	2013	353	21044.0	 18.0	 33.0	1.000	 3.0	 0.0
1	2013	354	21404.0	 18.0	 33.0	1.000	 2.0	 0.0
1	2013	355	20411.0	 19.0	 34.0	1.000	 2.0	 0.0
1	2013	356	20435.0	 20.0	 35.0	1.000	 3.0	 0.0
1	2013	357	20520.0	 21.0	 35.0	1.000	 4.0	 0.0
1	2013	358	20741.0	 20.0	 35.0	1.000	 3.0	 0.0
1	2013	359	20785.0	 21.0	 37.0	1.000	 3.0	 0.0
1	2013	360	21015.0	 22.0	 37.0	1.000	 3.0	 0.0
1	2013	361	21038.0	 22.0	 37.0	1.000	 3.0	 0.0
1	2013	362	21177.0	 20.0	 37.0	1.000	 2.0	 0.0
1	2013	363	21191.0	 18.0	 37.0	1.000	 2.0	 0.0
1	2013	364	20947.0	 19.0	 36.0	1.000	 0.0	 0.0
1	2013	365	20648.0	 23.0	 36.0	1.000	 2.0	 0.0
