*---------------------------------------------------
* Station: Upper_West
* Year: 2015
* Origin: ERA5-Reanalysis
* Columns & units
* ===================
* 1. station number
* 2. year
* 3. Day of Year
* 4. Irradiance   (kJ路m-2路d-1)
* 5. Daily minimum temperature (degC)
* 6. Daily maximum temperature (degC)
* 7. Vapour pressure (kPa)
* 8. Mean wind speed (m路s-1)
* 9. Precipitation (mm路d-1)
** WCCDESCRIPTION=Upper_West
** WCCFORMAT=2
** WCCYEARNR=2015
*------------------------------------------------------------*
-2.21  10.42  237.00 -0.18  -0.55
1	2015	1	21236.0	 17.0	 32.0	1.000	 3.0	 0.0
1	2015	2	18227.0	 20.0	 33.0	1.000	 3.0	 0.0
1	2015	3	20967.0	 20.0	 34.0	1.000	 4.0	 0.0
1	2015	4	21251.0	 19.0	 33.0	1.000	 4.0	 0.0
1	2015	5	21403.0	 18.0	 33.0	1.000	 3.0	 0.0
1	2015	6	21770.0	 17.0	 32.0	1.000	 3.0	 0.0
1	2015	7	21912.0	 17.0	 32.0	1.000	 3.0	 0.0
1	2015	8	21755.0	 17.0	 33.0	1.000	 3.0	 0.0
1	2015	9	21419.0	 20.0	 34.0	1.000	 4.0	 0.0
1	2015	10	22023.0	 19.0	 33.0	0.500	 4.0	 0.0
1	2015	11	22104.0	 17.0	 32.0	1.000	 3.0	 0.0
1	2015	12	22107.0	 17.0	 32.0	1.000	 3.0	 0.0
1	2015	13	22053.0	 17.0	 31.0	1.000	 3.0	 0.0
1	2015	14	22216.0	 16.0	 32.0	1.000	 3.0	 0.0
1	2015	15	22061.0	 18.0	 34.0	1.000	 3.0	 0.0
1	2015	16	21575.0	 19.0	 35.0	1.000	 3.0	 0.0
1	2015	17	21662.0	 20.0	 36.0	1.000	 3.0	 0.0
1	2015	18	21893.0	 19.0	 36.0	1.000	 2.0	 0.0
1	2015	19	22061.0	 18.0	 36.0	1.000	 2.0	 0.0
1	2015	20	22071.0	 18.0	 36.0	1.000	 2.0	 0.0
1	2015	21	21761.0	 18.0	 36.0	1.000	 2.0	 0.0
1	2015	22	20824.0	 22.0	 37.0	1.000	 2.0	 0.0
1	2015	23	21918.0	 22.0	 38.0	1.000	 3.0	 0.0
1	2015	24	22149.0	 23.0	 38.0	1.000	 3.0	 0.0
1	2015	25	22164.0	 21.0	 37.0	1.000	 2.0	 0.0
1	2015	26	22285.0	 21.0	 36.0	1.000	 2.0	 0.0
1	2015	27	22513.0	 20.0	 36.0	1.000	 3.0	 0.0
1	2015	28	22552.0	 21.0	 37.0	0.500	 3.0	 0.0
1	2015	29	22740.0	 20.0	 36.0	1.000	 3.0	 0.0
1	2015	30	22772.0	 19.0	 36.0	1.000	 2.0	 0.0
1	2015	31	22742.0	 19.0	 37.0	1.000	 2.0	 0.0
1	2015	32	22570.0	 21.0	 38.0	1.000	 2.0	 0.0
1	2015	33	22852.0	 21.0	 38.0	1.000	 2.0	 0.0
1	2015	34	22991.0	 22.0	 39.0	1.000	 2.0	 0.0
1	2015	35	22261.0	 22.0	 39.0	1.000	 1.0	 0.0
1	2015	36	21201.0	 24.0	 39.0	1.000	 1.0	 0.0
1	2015	37	22555.0	 23.0	 40.0	1.000	 1.0	 0.0
1	2015	38	22522.0	 23.0	 39.0	1.000	 1.0	 0.0
1	2015	39	23201.0	 22.0	 40.0	1.000	 2.0	 0.0
1	2015	40	21038.0	 24.0	 39.0	2.000	 1.0	 0.0
1	2015	41	21285.0	 27.0	 39.0	2.000	 2.0	 0.0
1	2015	42	18546.0	 28.0	 38.0	2.000	 1.0	 0.0
1	2015	43	18916.0	 24.0	 37.0	2.000	 1.0	 0.0
1	2015	44	21858.0	 27.0	 39.0	2.000	 1.0	 0.0
1	2015	45	22028.0	 25.0	 38.0	2.000	 1.0	 0.0
1	2015	46	19531.0	 26.0	 38.0	2.000	 1.0	 0.0
1	2015	47	18447.0	 25.0	 36.0	2.000	 2.0	 0.0
1	2015	48	23588.0	 22.0	 37.0	1.000	 1.0	 0.0
1	2015	49	23719.0	 22.0	 37.0	1.000	 1.0	 0.0
1	2015	50	20815.0	 23.0	 37.0	2.000	 2.0	 0.0
1	2015	51	14299.0	 26.0	 33.0	2.000	 2.0	 1.0
1	2015	52	16000.0	 23.0	 32.0	2.000	 1.0	 3.0
1	2015	53	22457.0	 23.0	 36.0	1.000	 2.0	 0.0
1	2015	54	23630.0	 22.0	 36.0	1.000	 4.0	 0.0
1	2015	55	24221.0	 22.0	 37.0	1.000	 3.0	 0.0
1	2015	56	23440.0	 22.0	 37.0	1.000	 3.0	 0.0
1	2015	57	24958.0	 22.0	 37.0	1.000	 3.0	 0.0
1	2015	58	25127.0	 22.0	 36.0	0.500	 4.0	 0.0
1	2015	59	24954.0	 21.0	 37.0	0.500	 3.0	 0.0
1	2015	60	25122.0	 22.0	 38.0	0.500	 4.0	 0.0
1	2015	61	25242.0	 22.0	 38.0	0.500	 3.0	 0.0
1	2015	62	24654.0	 21.0	 38.0	0.500	 3.0	 0.0
1	2015	63	25293.0	 22.0	 38.0	1.000	 3.0	 0.0
1	2015	64	25313.0	 22.0	 39.0	1.000	 3.0	 0.0
1	2015	65	25355.0	 22.0	 39.0	1.000	 3.0	 0.0
1	2015	66	25684.0	 23.0	 40.0	1.000	 2.0	 0.0
1	2015	67	26059.0	 22.0	 39.0	1.000	 1.0	 0.0
1	2015	68	26100.0	 22.0	 40.0	1.000	 2.0	 0.0
1	2015	69	24494.0	 23.0	 40.0	1.000	 2.0	 0.0
1	2015	70	24448.0	 23.0	 40.0	1.000	 1.0	 0.0
1	2015	71	23922.0	 26.0	 40.0	1.000	 1.0	 0.0
1	2015	72	23096.0	 27.0	 38.0	2.000	 2.0	 0.0
1	2015	73	23576.0	 25.0	 39.0	2.000	 1.0	 0.0
1	2015	74	23411.0	 27.0	 40.0	2.000	 1.0	 0.0
1	2015	75	22523.0	 26.0	 39.0	1.000	 1.0	 0.0
1	2015	76	20999.0	 28.0	 38.0	2.000	 2.0	 0.0
1	2015	77	11886.0	 27.0	 35.0	2.000	 3.0	 0.0
1	2015	78	19110.0	 26.0	 39.0	2.000	 1.0	 0.0
1	2015	79	25119.0	 28.0	 39.0	1.000	 4.0	 0.0
1	2015	80	24089.0	 26.0	 40.0	2.000	 1.0	 0.0
1	2015	81	23610.0	 28.0	 40.0	2.000	 3.0	 1.0
1	2015	82	21041.0	 27.0	 40.0	2.000	 3.0	 2.0
1	2015	83	17848.0	 27.0	 37.0	2.000	 2.0	 0.0
1	2015	84	18809.0	 26.0	 36.0	2.000	 3.0	 1.0
1	2015	85	18894.0	 25.0	 37.0	3.000	 2.0	11.0
1	2015	86	22032.0	 25.0	 36.0	2.000	 1.0	 0.0
1	2015	87	24439.0	 23.0	 37.0	1.000	 2.0	 0.0
1	2015	88	27146.0	 20.0	 37.0	1.000	 2.0	 0.0
1	2015	89	27129.0	 20.0	 38.0	1.000	 1.0	 0.0
1	2015	90	26030.0	 21.0	 39.0	1.000	 1.0	 0.0
1	2015	91	21608.0	 25.0	 37.0	2.000	 3.0	 0.0
1	2015	92	22858.0	 25.0	 38.0	2.000	 2.0	 0.0
1	2015	93	25953.0	 25.0	 40.0	1.000	 2.0	 0.0
1	2015	94	23171.0	 25.0	 39.0	2.000	 2.0	 0.0
1	2015	95	20150.0	 27.0	 38.0	2.000	 2.0	 0.0
1	2015	96	21788.0	 26.0	 38.0	2.000	 3.0	 0.0
1	2015	97	20025.0	 28.0	 40.0	2.000	 1.0	 2.0
1	2015	98	20316.0	 26.0	 39.0	2.000	 2.0	 0.0
1	2015	99	25642.0	 26.0	 42.0	2.000	 0.0	 0.0
1	2015	100	26541.0	 26.0	 41.0	2.000	 1.0	 0.0
1	2015	101	23594.0	 28.0	 40.0	2.000	 2.0	 0.0
1	2015	102	20482.0	 27.0	 38.0	2.000	 2.0	 0.0
1	2015	103	25855.0	 25.0	 39.0	2.000	 2.0	 0.0
1	2015	104	27990.0	 23.0	 39.0	1.000	 2.0	 0.0
1	2015	105	28516.0	 20.0	 39.0	1.000	 2.0	 0.0
1	2015	106	28103.0	 20.0	 39.0	1.000	 2.0	 0.0
1	2015	107	28217.0	 21.0	 39.0	1.000	 2.0	 0.0
1	2015	108	26889.0	 22.0	 38.0	1.000	 1.0	 0.0
1	2015	109	26859.0	 27.0	 40.0	2.000	 2.0	 0.0
1	2015	110	26196.0	 27.0	 40.0	2.000	 2.0	 0.0
1	2015	111	24711.0	 28.0	 40.0	2.000	 2.0	 0.0
1	2015	112	26065.0	 28.0	 40.0	2.000	 2.0	 0.0
1	2015	113	26260.0	 27.0	 41.0	2.000	 2.0	 0.0
1	2015	114	24992.0	 28.0	 41.0	2.000	 2.0	 0.0
1	2015	115	23159.0	 28.0	 39.0	2.000	 2.0	 0.0
1	2015	116	23860.0	 28.0	 39.0	2.000	 3.0	 0.0
1	2015	117	22442.0	 27.0	 38.0	2.000	 2.0	 0.0
1	2015	118	23139.0	 27.0	 39.0	2.000	 2.0	 0.0
1	2015	119	24856.0	 27.0	 39.0	2.000	 2.0	 0.0
1	2015	120	25526.0	 28.0	 41.0	2.000	 2.0	 0.0
1	2015	121	25841.0	 28.0	 40.0	2.000	 3.0	 0.0
1	2015	122	23659.0	 28.0	 40.0	2.000	 2.0	 0.0
1	2015	123	22445.0	 27.0	 39.0	2.000	 2.0	 0.0
1	2015	124	19532.0	 26.0	 36.0	2.000	 3.0	 0.0
1	2015	125	23917.0	 27.0	 37.0	3.000	 3.0	 3.0
1	2015	126	24579.0	 25.0	 37.0	3.000	 3.0	 0.0
1	2015	127	24339.0	 27.0	 38.0	3.000	 2.0	 0.0
1	2015	128	25256.0	 28.0	 38.0	3.000	 4.0	 0.0
1	2015	129	23400.0	 27.0	 37.0	3.000	 3.0	 1.0
1	2015	130	24385.0	 27.0	 37.0	3.000	 3.0	 1.0
1	2015	131	22934.0	 27.0	 35.0	3.000	 2.0	 1.0
1	2015	132	24629.0	 26.0	 37.0	3.000	 2.0	 1.0
1	2015	133	22759.0	 26.0	 37.0	3.000	 2.0	 0.0
1	2015	134	24224.0	 27.0	 37.0	2.000	 2.0	 0.0
1	2015	135	22773.0	 27.0	 37.0	3.000	 2.0	 4.0
1	2015	136	19231.0	 27.0	 36.0	2.000	 2.0	 0.0
1	2015	137	22696.0	 28.0	 38.0	3.000	 2.0	 1.0
1	2015	138	22061.0	 27.0	 37.0	3.000	 3.0	 9.0
1	2015	139	21177.0	 25.0	 34.0	3.000	 3.0	 5.0
1	2015	140	22423.0	 26.0	 34.0	3.000	 2.0	 0.0
1	2015	141	24975.0	 25.0	 36.0	3.000	 2.0	 0.0
1	2015	142	22401.0	 27.0	 36.0	3.000	 2.0	 3.0
1	2015	143	23086.0	 25.0	 36.0	3.000	 3.0	 6.0
1	2015	144	17644.0	 25.0	 33.0	3.000	 3.0	 0.0
1	2015	145	24721.0	 25.0	 37.0	3.000	 1.0	 0.0
1	2015	146	25057.0	 26.0	 38.0	3.000	 2.0	 0.0
1	2015	147	20874.0	 26.0	 36.0	3.000	 3.0	 0.0
1	2015	148	24842.0	 25.0	 36.0	3.000	 3.0	 0.0
1	2015	149	24389.0	 25.0	 37.0	3.000	 3.0	 0.0
1	2015	150	24436.0	 26.0	 36.0	3.000	 3.0	 1.0
1	2015	151	24090.0	 27.0	 37.0	3.000	 3.0	 0.0
1	2015	152	24447.0	 26.0	 36.0	3.000	 4.0	 0.0
1	2015	153	17063.0	 25.0	 34.0	3.000	 3.0	 0.0
1	2015	154	22927.0	 26.0	 35.0	3.000	 2.0	 2.0
1	2015	155	22553.0	 25.0	 34.0	3.000	 2.0	 0.0
1	2015	156	22787.0	 25.0	 35.0	3.000	 3.0	 3.0
1	2015	157	21969.0	 24.0	 35.0	3.000	 3.0	 0.0
1	2015	158	24919.0	 25.0	 37.0	3.000	 3.0	 2.0
1	2015	159	23649.0	 26.0	 36.0	3.000	 3.0	 1.0
1	2015	160	20618.0	 24.0	 35.0	3.000	 3.0	10.0
1	2015	161	20535.0	 24.0	 32.0	3.000	 2.0	 1.0
1	2015	162	21577.0	 24.0	 34.0	3.000	 2.0	 0.0
1	2015	163	23081.0	 25.0	 35.0	3.000	 2.0	 0.0
1	2015	164	23869.0	 24.0	 34.0	3.000	 3.0	 0.0
1	2015	165	17090.0	 25.0	 32.0	3.000	 3.0	 0.0
1	2015	166	24808.0	 24.0	 35.0	3.000	 2.0	 1.0
1	2015	167	20187.0	 26.0	 34.0	3.000	 3.0	 0.0
1	2015	168	22029.0	 25.0	 34.0	3.000	 3.0	 1.0
1	2015	169	22718.0	 25.0	 35.0	3.000	 3.0	 1.0
1	2015	170	16942.0	 25.0	 32.0	3.000	 3.0	 0.0
1	2015	171	23429.0	 25.0	 34.0	3.000	 2.0	 5.0
1	2015	172	17170.0	 24.0	 32.0	3.000	 3.0	 0.0
1	2015	173	22608.0	 24.0	 34.0	3.000	 3.0	 0.0
1	2015	174	21279.0	 25.0	 35.0	3.000	 4.0	 0.0
1	2015	175	22610.0	 25.0	 34.0	3.000	 3.0	 0.0
1	2015	176	22310.0	 24.0	 34.0	3.000	 2.0	 2.0
1	2015	177	21377.0	 25.0	 33.0	3.000	 3.0	 1.0
1	2015	178	21256.0	 25.0	 34.0	3.000	 3.0	13.0
1	2015	179	20539.0	 23.0	 31.0	3.000	 3.0	 6.0
1	2015	180	20652.0	 24.0	 31.0	3.000	 3.0	 0.0
1	2015	181	22139.0	 24.0	 32.0	3.000	 2.0	 1.0
1	2015	182	22745.0	 24.0	 33.0	3.000	 2.0	 0.0
1	2015	183	24183.0	 25.0	 35.0	3.000	 3.0	 6.0
1	2015	184	11165.0	 24.0	 31.0	3.000	 3.0	 0.0
1	2015	185	20288.0	 24.0	 32.0	3.000	 3.0	 0.0
1	2015	186	23401.0	 24.0	 34.0	3.000	 2.0	 0.0
1	2015	187	13853.0	 25.0	 31.0	3.000	 2.0	 1.0
1	2015	188	23770.0	 24.0	 34.0	3.000	 2.0	 0.0
1	2015	189	21140.0	 25.0	 34.0	3.000	 1.0	 1.0
1	2015	190	13087.0	 24.0	 29.0	3.000	 1.0	18.0
1	2015	191	16445.0	 24.0	 31.0	3.000	 1.0	 0.0
1	2015	192	23388.0	 23.0	 33.0	3.000	 1.0	 4.0
1	2015	193	23121.0	 23.0	 33.0	3.000	 1.0	 5.0
1	2015	194	14640.0	 24.0	 31.0	3.000	 1.0	 0.0
1	2015	195	22283.0	 24.0	 33.0	3.000	 3.0	 1.0
1	2015	196	22575.0	 25.0	 33.0	3.000	 3.0	 0.0
1	2015	197	19085.0	 23.0	 32.0	3.000	 2.0	 5.0
1	2015	198	20872.0	 23.0	 32.0	3.000	 2.0	 1.0
1	2015	199	12093.0	 24.0	 31.0	3.000	 2.0	12.0
1	2015	200	21961.0	 24.0	 32.0	3.000	 3.0	 1.0
1	2015	201	15270.0	 23.0	 30.0	3.000	 3.0	 9.0
1	2015	202	10266.0	 23.0	 27.0	3.000	 2.0	13.0
1	2015	203	12677.0	 22.0	 29.0	3.000	 4.0	 1.0
1	2015	204	17399.0	 22.0	 30.0	3.000	 3.0	 0.0
1	2015	205	20018.0	 22.0	 31.0	3.000	 3.0	 1.0
1	2015	206	20077.0	 22.0	 31.0	3.000	 3.0	 3.0
1	2015	207	19773.0	 23.0	 31.0	3.000	 2.0	 1.0
1	2015	208	20730.0	 23.0	 31.0	3.000	 2.0	10.0
1	2015	209	3964.0	 22.0	 24.0	3.000	 3.0	23.0
1	2015	210	18475.0	 22.0	 29.0	3.000	 3.0	 1.0
1	2015	211	21715.0	 22.0	 30.0	3.000	 2.0	 1.0
1	2015	212	19679.0	 23.0	 30.0	3.000	 3.0	 1.0
1	2015	213	21833.0	 22.0	 31.0	3.000	 2.0	 3.0
1	2015	214	7561.0	 23.0	 26.0	3.000	 1.0	14.0
1	2015	215	16085.0	 22.0	 29.0	3.000	 2.0	 7.0
1	2015	216	21172.0	 22.0	 30.0	3.000	 3.0	 1.0
1	2015	217	13474.0	 23.0	 28.0	3.000	 2.0	 5.0
1	2015	218	16012.0	 22.0	 29.0	3.000	 2.0	17.0
1	2015	219	13504.0	 22.0	 29.0	3.000	 2.0	 8.0
1	2015	220	11884.0	 23.0	 28.0	3.000	 2.0	 4.0
1	2015	221	21041.0	 22.0	 30.0	3.000	 1.0	 1.0
1	2015	222	12147.0	 23.0	 28.0	3.000	 1.0	30.0
1	2015	223	15625.0	 22.0	 28.0	3.000	 3.0	25.0
1	2015	224	20720.0	 22.0	 30.0	3.000	 2.0	 4.0
1	2015	225	7720.0	 23.0	 27.0	3.000	 1.0	15.0
1	2015	226	21798.0	 21.0	 31.0	3.000	 1.0	 0.0
1	2015	227	10646.0	 23.0	 27.0	3.000	 3.0	 3.0
1	2015	228	18525.0	 22.0	 30.0	3.000	 3.0	 1.0
1	2015	229	20782.0	 23.0	 30.0	3.000	 2.0	 5.0
1	2015	230	9926.0	 23.0	 27.0	3.000	 1.0	19.0
1	2015	231	20570.0	 22.0	 30.0	3.000	 1.0	 2.0
1	2015	232	19860.0	 23.0	 30.0	3.000	 1.0	11.0
1	2015	233	17717.0	 22.0	 30.0	3.000	 1.0	13.0
1	2015	234	10360.0	 22.0	 27.0	3.000	 2.0	 4.0
1	2015	235	18578.0	 22.0	 30.0	3.000	 2.0	 0.0
1	2015	236	22116.0	 23.0	 31.0	3.000	 1.0	 1.0
1	2015	237	13098.0	 23.0	 29.0	3.000	 3.0	 0.0
1	2015	238	16235.0	 22.0	 29.0	3.000	 2.0	11.0
1	2015	239	11657.0	 22.0	 27.0	3.000	 1.0	11.0
1	2015	240	17533.0	 23.0	 29.0	3.000	 2.0	 2.0
1	2015	241	15703.0	 23.0	 29.0	3.000	 2.0	 2.0
1	2015	242	15268.0	 22.0	 29.0	3.000	 2.0	11.0
1	2015	243	20831.0	 23.0	 29.0	3.000	 3.0	 1.0
1	2015	244	17437.0	 23.0	 30.0	3.000	 1.0	32.0
1	2015	245	13491.0	 23.0	 28.0	3.000	 2.0	14.0
1	2015	246	17509.0	 22.0	 29.0	3.000	 2.0	 6.0
1	2015	247	18321.0	 22.0	 30.0	3.000	 1.0	 6.0
1	2015	248	17717.0	 22.0	 30.0	3.000	 1.0	 1.0
1	2015	249	12171.0	 22.0	 27.0	3.000	 2.0	19.0
1	2015	250	16390.0	 22.0	 29.0	3.000	 2.0	 1.0
1	2015	251	14870.0	 22.0	 29.0	3.000	 1.0	 1.0
1	2015	252	14943.0	 22.0	 28.0	3.000	 2.0	 4.0
1	2015	253	20076.0	 23.0	 30.0	3.000	 2.0	 3.0
1	2015	254	23638.0	 22.0	 31.0	3.000	 1.0	 1.0
1	2015	255	18887.0	 24.0	 31.0	3.000	 2.0	 1.0
1	2015	256	20877.0	 23.0	 31.0	3.000	 2.0	 2.0
1	2015	257	16419.0	 23.0	 30.0	3.000	 1.0	 5.0
1	2015	258	19660.0	 23.0	 30.0	3.000	 2.0	 6.0
1	2015	259	14647.0	 23.0	 29.0	3.000	 2.0	 1.0
1	2015	260	22821.0	 23.0	 31.0	3.000	 2.0	 2.0
1	2015	261	15508.0	 22.0	 29.0	3.000	 1.0	15.0
1	2015	262	22179.0	 22.0	 30.0	3.000	 1.0	 8.0
1	2015	263	19746.0	 22.0	 30.0	3.000	 1.0	 3.0
1	2015	264	15443.0	 23.0	 29.0	3.000	 1.0	 4.0
1	2015	265	20705.0	 22.0	 30.0	3.000	 1.0	 2.0
1	2015	266	21010.0	 23.0	 30.0	3.000	 1.0	 1.0
1	2015	267	23772.0	 23.0	 32.0	3.000	 1.0	 3.0
1	2015	268	14211.0	 23.0	 29.0	3.000	 1.0	 4.0
1	2015	269	19010.0	 23.0	 30.0	3.000	 1.0	 2.0
1	2015	270	23382.0	 22.0	 31.0	3.000	 1.0	 1.0
1	2015	271	21353.0	 22.0	 31.0	3.000	 1.0	11.0
1	2015	272	14615.0	 23.0	 30.0	3.000	 1.0	 4.0
1	2015	273	21040.0	 23.0	 31.0	3.000	 1.0	 2.0
1	2015	274	15468.0	 23.0	 30.0	3.000	 2.0	 0.0
1	2015	275	22198.0	 23.0	 32.0	3.000	 1.0	 4.0
1	2015	276	16609.0	 22.0	 30.0	3.000	 2.0	 5.0
1	2015	277	20862.0	 23.0	 30.0	3.000	 1.0	 7.0
1	2015	278	10793.0	 23.0	 29.0	3.000	 1.0	11.0
1	2015	279	20772.0	 22.0	 31.0	3.000	 1.0	 2.0
1	2015	280	19502.0	 23.0	 30.0	3.000	 2.0	 5.0
1	2015	281	19859.0	 23.0	 31.0	3.000	 2.0	 1.0
1	2015	282	21674.0	 23.0	 31.0	3.000	 2.0	 3.0
1	2015	283	17933.0	 23.0	 29.0	3.000	 1.0	 2.0
1	2015	284	16160.0	 23.0	 29.0	3.000	 1.0	 0.0
1	2015	285	21782.0	 23.0	 31.0	3.000	 1.0	 7.0
1	2015	286	20765.0	 23.0	 31.0	3.000	 1.0	 1.0
1	2015	287	20524.0	 24.0	 32.0	3.000	 2.0	 1.0
1	2015	288	21959.0	 23.0	 32.0	3.000	 1.0	 0.0
1	2015	289	23352.0	 24.0	 32.0	3.000	 1.0	 0.0
1	2015	290	22976.0	 24.0	 33.0	3.000	 2.0	 0.0
1	2015	291	21215.0	 24.0	 32.0	3.000	 1.0	 2.0
1	2015	292	22294.0	 24.0	 33.0	3.000	 1.0	 1.0
1	2015	293	21569.0	 23.0	 32.0	3.000	 2.0	 3.0
1	2015	294	20323.0	 24.0	 32.0	3.000	 1.0	 6.0
1	2015	295	20613.0	 24.0	 32.0	3.000	 2.0	 3.0
1	2015	296	19943.0	 24.0	 32.0	3.000	 2.0	 0.0
1	2015	297	23422.0	 23.0	 33.0	3.000	 2.0	 0.0
1	2015	298	20887.0	 24.0	 33.0	3.000	 2.0	 1.0
1	2015	299	21148.0	 24.0	 32.0	3.000	 2.0	 4.0
1	2015	300	20479.0	 24.0	 33.0	3.000	 1.0	 4.0
1	2015	301	20593.0	 23.0	 32.0	3.000	 1.0	 3.0
1	2015	302	21514.0	 23.0	 33.0	3.000	 1.0	 0.0
1	2015	303	21181.0	 24.0	 33.0	3.000	 1.0	 0.0
1	2015	304	16443.0	 23.0	 32.0	3.000	 1.0	 4.0
1	2015	305	18172.0	 23.0	 31.0	3.000	 2.0	 1.0
1	2015	306	20297.0	 23.0	 33.0	3.000	 1.0	 0.0
1	2015	307	20824.0	 23.0	 35.0	2.000	 0.0	 0.0
1	2015	308	21901.0	 23.0	 35.0	2.000	 1.0	 0.0
1	2015	309	20531.0	 23.0	 35.0	2.000	 1.0	 0.0
1	2015	310	18473.0	 23.0	 34.0	2.000	 0.0	 0.0
1	2015	311	20550.0	 22.0	 35.0	2.000	 1.0	 0.0
1	2015	312	18501.0	 23.0	 35.0	2.000	 1.0	 0.0
1	2015	313	19593.0	 23.0	 35.0	2.000	 1.0	 0.0
1	2015	314	19550.0	 25.0	 36.0	2.000	 1.0	 0.0
1	2015	315	20570.0	 25.0	 36.0	2.000	 1.0	 0.0
1	2015	316	22485.0	 23.0	 37.0	1.000	 3.0	 0.0
1	2015	317	22913.0	 24.0	 38.0	1.000	 3.0	 0.0
1	2015	318	23145.0	 23.0	 37.0	1.000	 3.0	 0.0
1	2015	319	23124.0	 21.0	 36.0	1.000	 2.0	 0.0
1	2015	320	22945.0	 21.0	 36.0	1.000	 2.0	 0.0
1	2015	321	22036.0	 21.0	 36.0	1.000	 2.0	 0.0
1	2015	322	22126.0	 21.0	 36.0	1.000	 3.0	 0.0
1	2015	323	22587.0	 22.0	 36.0	1.000	 3.0	 0.0
1	2015	324	22205.0	 22.0	 36.0	1.000	 3.0	 0.0
1	2015	325	21423.0	 22.0	 36.0	1.000	 3.0	 0.0
1	2015	326	22393.0	 21.0	 36.0	1.000	 2.0	 0.0
1	2015	327	21751.0	 20.0	 36.0	1.000	 2.0	 0.0
1	2015	328	21512.0	 22.0	 37.0	1.000	 3.0	 0.0
1	2015	329	21879.0	 23.0	 37.0	1.000	 2.0	 0.0
1	2015	330	21096.0	 23.0	 37.0	1.000	 2.0	 0.0
1	2015	331	21718.0	 21.0	 37.0	1.000	 1.0	 0.0
1	2015	332	21999.0	 22.0	 37.0	1.000	 2.0	 0.0
1	2015	333	22097.0	 20.0	 37.0	1.000	 2.0	 0.0
1	2015	334	22237.0	 20.0	 37.0	1.000	 3.0	 0.0
1	2015	335	22334.0	 21.0	 37.0	1.000	 3.0	 0.0
1	2015	336	21722.0	 22.0	 35.0	1.000	 4.0	 0.0
1	2015	337	21572.0	 22.0	 35.0	1.000	 4.0	 0.0
1	2015	338	21515.0	 21.0	 35.0	1.000	 4.0	 0.0
1	2015	339	21716.0	 20.0	 34.0	1.000	 4.0	 0.0
1	2015	340	21520.0	 20.0	 34.0	1.000	 3.0	 0.0
1	2015	341	19988.0	 22.0	 34.0	1.000	 4.0	 0.0
1	2015	342	21206.0	 20.0	 34.0	1.000	 3.0	 0.0
1	2015	343	21209.0	 20.0	 34.0	1.000	 3.0	 0.0
1	2015	344	21350.0	 20.0	 34.0	1.000	 3.0	 0.0
1	2015	345	21365.0	 20.0	 35.0	1.000	 3.0	 0.0
1	2015	346	21027.0	 21.0	 35.0	1.000	 3.0	 0.0
1	2015	347	21446.0	 20.0	 34.0	1.000	 3.0	 0.0
1	2015	348	21252.0	 19.0	 33.0	1.000	 3.0	 0.0
1	2015	349	21134.0	 20.0	 35.0	1.000	 4.0	 0.0
1	2015	350	21574.0	 19.0	 34.0	1.000	 4.0	 0.0
1	2015	351	21651.0	 19.0	 33.0	1.000	 4.0	 0.0
1	2015	352	21628.0	 18.0	 32.0	1.000	 3.0	 0.0
1	2015	353	21424.0	 18.0	 32.0	1.000	 3.0	 0.0
1	2015	354	20761.0	 18.0	 33.0	1.000	 3.0	 0.0
1	2015	355	20219.0	 19.0	 33.0	1.000	 3.0	 0.0
1	2015	356	20344.0	 20.0	 35.0	1.000	 3.0	 0.0
1	2015	357	20704.0	 20.0	 34.0	1.000	 3.0	 0.0
1	2015	358	21046.0	 20.0	 34.0	1.000	 4.0	 0.0
1	2015	359	21457.0	 19.0	 33.0	1.000	 4.0	 0.0
1	2015	360	20975.0	 19.0	 34.0	1.000	 4.0	 0.0
1	2015	361	21152.0	 19.0	 34.0	1.000	 4.0	 0.0
1	2015	362	20659.0	 19.0	 34.0	1.000	 3.0	 0.0
1	2015	363	16425.0	 20.0	 33.0	1.000	 3.0	 0.0
1	2015	364	21197.0	 20.0	 36.0	1.000	 3.0	 0.0
1	2015	365	21104.0	 19.0	 35.0	1.000	 3.0	 0.0
