*---------------------------------------------------
* Station: Upper_West
* Year: 2017
* Origin: ERA5-Reanalysis
* Columns & units
* ===================
* 1. station number
* 2. year
* 3. Day of Year
* 4. Irradiance   (kJ路m-2路d-1)
* 5. Daily minimum temperature (degC)
* 6. Daily maximum temperature (degC)
* 7. Vapour pressure (kPa)
* 8. Mean wind speed (m路s-1)
* 9. Precipitation (mm路d-1)
** WCCDESCRIPTION=Upper_West
** WCCFORMAT=2
** WCCYEARNR=2017
*------------------------------------------------------------*
-2.21  10.42  237.00 -0.18  -0.55
1	2017	1	20908.0	 21.0	 35.0	1.000	 3.0	 0.0
1	2017	2	21031.0	 20.0	 34.0	1.000	 3.0	 0.0
1	2017	3	21134.0	 20.0	 35.0	1.000	 3.0	 0.0
1	2017	4	21146.0	 20.0	 35.0	1.000	 3.0	 0.0
1	2017	5	21157.0	 20.0	 35.0	1.000	 3.0	 0.0
1	2017	6	21209.0	 20.0	 36.0	1.000	 3.0	 0.0
1	2017	7	21103.0	 21.0	 37.0	1.000	 3.0	 0.0
1	2017	8	21042.0	 22.0	 36.0	1.000	 3.0	 0.0
1	2017	9	20976.0	 22.0	 36.0	1.000	 3.0	 0.0
1	2017	10	21103.0	 21.0	 35.0	1.000	 2.0	 0.0
1	2017	11	21531.0	 20.0	 35.0	1.000	 2.0	 0.0
1	2017	12	21540.0	 19.0	 34.0	1.000	 2.0	 0.0
1	2017	13	21479.0	 19.0	 33.0	0.000	 4.0	 0.0
1	2017	14	19976.0	 19.0	 33.0	1.000	 3.0	 0.0
1	2017	15	21267.0	 19.0	 35.0	1.000	 2.0	 0.0
1	2017	16	20860.0	 21.0	 36.0	1.000	 3.0	 0.0
1	2017	17	21539.0	 20.0	 36.0	1.000	 2.0	 0.0
1	2017	18	21337.0	 20.0	 37.0	1.000	 2.0	 0.0
1	2017	19	19940.0	 20.0	 37.0	1.000	 0.0	 0.0
1	2017	20	21704.0	 21.0	 38.0	1.000	 2.0	 0.0
1	2017	21	21536.0	 21.0	 38.0	1.000	 2.0	 0.0
1	2017	22	21731.0	 21.0	 36.0	1.000	 3.0	 0.0
1	2017	23	20836.0	 22.0	 35.0	1.000	 3.0	 0.0
1	2017	24	21129.0	 21.0	 35.0	1.000	 3.0	 0.0
1	2017	25	22098.0	 20.0	 35.0	1.000	 3.0	 0.0
1	2017	26	22159.0	 21.0	 37.0	1.000	 3.0	 0.0
1	2017	27	22179.0	 22.0	 37.0	1.000	 3.0	 0.0
1	2017	28	22364.0	 22.0	 38.0	1.000	 3.0	 0.0
1	2017	29	22488.0	 22.0	 37.0	1.000	 3.0	 0.0
1	2017	30	22658.0	 21.0	 37.0	1.000	 3.0	 0.0
1	2017	31	22690.0	 21.0	 38.0	1.000	 2.0	 0.0
1	2017	32	22426.0	 20.0	 38.0	1.000	 1.0	 0.0
1	2017	33	19896.0	 24.0	 37.0	2.000	 1.0	 0.0
1	2017	34	21129.0	 26.0	 37.0	1.000	 3.0	 0.0
1	2017	35	22207.0	 26.0	 38.0	1.000	 3.0	 0.0
1	2017	36	22779.0	 25.0	 38.0	1.000	 3.0	 0.0
1	2017	37	22855.0	 23.0	 37.0	1.000	 4.0	 0.0
1	2017	38	22935.0	 23.0	 38.0	1.000	 4.0	 0.0
1	2017	39	23251.0	 22.0	 37.0	1.000	 3.0	 0.0
1	2017	40	23424.0	 22.0	 38.0	1.000	 3.0	 0.0
1	2017	41	23150.0	 23.0	 38.0	1.000	 3.0	 0.0
1	2017	42	22454.0	 23.0	 38.0	1.000	 3.0	 0.0
1	2017	43	22969.0	 24.0	 38.0	1.000	 3.0	 0.0
1	2017	44	23288.0	 25.0	 39.0	1.000	 4.0	 0.0
1	2017	45	23251.0	 24.0	 39.0	1.000	 3.0	 0.0
1	2017	46	23366.0	 24.0	 38.0	1.000	 3.0	 0.0
1	2017	47	24057.0	 24.0	 38.0	1.000	 4.0	 0.0
1	2017	48	24007.0	 24.0	 37.0	1.000	 5.0	 0.0
1	2017	49	24211.0	 22.0	 36.0	0.000	 4.0	 0.0
1	2017	50	24708.0	 21.0	 36.0	1.000	 3.0	 0.0
1	2017	51	24727.0	 20.0	 37.0	1.000	 3.0	 0.0
1	2017	52	24154.0	 21.0	 38.0	1.000	 3.0	 0.0
1	2017	53	23926.0	 23.0	 39.0	1.000	 3.0	 0.0
1	2017	54	22822.0	 24.0	 39.0	1.000	 2.0	 0.0
1	2017	55	23730.0	 25.0	 40.0	1.000	 2.0	 0.0
1	2017	56	24118.0	 25.0	 40.0	1.000	 2.0	 0.0
1	2017	57	23932.0	 24.0	 40.0	1.000	 2.0	 0.0
1	2017	58	22631.0	 23.0	 39.0	1.000	 1.0	 0.0
1	2017	59	24925.0	 22.0	 40.0	0.000	 2.0	 0.0
1	2017	60	25594.0	 23.0	 40.0	1.000	 3.0	 0.0
1	2017	61	24473.0	 22.0	 40.0	1.000	 1.0	 0.0
1	2017	62	24880.0	 24.0	 41.0	1.000	 2.0	 0.0
1	2017	63	25665.0	 22.0	 40.0	1.000	 2.0	 0.0
1	2017	64	25648.0	 23.0	 41.0	1.000	 2.0	 0.0
1	2017	65	25324.0	 22.0	 40.0	1.000	 1.0	 0.0
1	2017	66	23918.0	 22.0	 38.0	1.000	 2.0	 0.0
1	2017	67	25993.0	 23.0	 40.0	1.000	 2.0	 0.0
1	2017	68	26050.0	 22.0	 40.0	1.000	 3.0	 0.0
1	2017	69	25360.0	 23.0	 40.0	1.000	 2.0	 0.0
1	2017	70	24359.0	 24.0	 40.0	1.000	 2.0	 0.0
1	2017	71	24525.0	 24.0	 39.0	1.000	 1.0	 0.0
1	2017	72	25288.0	 25.0	 40.0	1.000	 2.0	 0.0
1	2017	73	24146.0	 27.0	 40.0	2.000	 2.0	 0.0
1	2017	74	24994.0	 27.0	 40.0	2.000	 1.0	 0.0
1	2017	75	26206.0	 24.0	 41.0	1.000	 2.0	 0.0
1	2017	76	25905.0	 24.0	 41.0	1.000	 1.0	 0.0
1	2017	77	24694.0	 27.0	 40.0	2.000	 3.0	 0.0
1	2017	78	21390.0	 29.0	 40.0	2.000	 2.0	 0.0
1	2017	79	22148.0	 26.0	 39.0	2.000	 2.0	 2.0
1	2017	80	24540.0	 27.0	 41.0	2.000	 2.0	 0.0
1	2017	81	20178.0	 27.0	 39.0	1.000	 1.0	 0.0
1	2017	82	21076.0	 26.0	 38.0	2.000	 2.0	 0.0
1	2017	83	23142.0	 26.0	 39.0	2.000	 1.0	 0.0
1	2017	84	22804.0	 25.0	 39.0	2.000	 1.0	 0.0
1	2017	85	24667.0	 27.0	 40.0	2.000	 1.0	 0.0
1	2017	86	23141.0	 27.0	 40.0	2.000	 1.0	 0.0
1	2017	87	24945.0	 28.0	 41.0	2.000	 1.0	 0.0
1	2017	88	24414.0	 28.0	 41.0	2.000	 1.0	 0.0
1	2017	89	26060.0	 26.0	 41.0	2.000	 0.0	 0.0
1	2017	90	23514.0	 26.0	 40.0	2.000	 1.0	 0.0
1	2017	91	24615.0	 27.0	 40.0	2.000	 2.0	 0.0
1	2017	92	22466.0	 28.0	 39.0	2.000	 3.0	 1.0
1	2017	93	17148.0	 24.0	 35.0	2.000	 2.0	 3.0
1	2017	94	15822.0	 27.0	 37.0	2.000	 2.0	 0.0
1	2017	95	20118.0	 26.0	 39.0	2.000	 2.0	 1.0
1	2017	96	10538.0	 25.0	 36.0	2.000	 4.0	 0.0
1	2017	97	21351.0	 27.0	 37.0	2.000	 2.0	 5.0
1	2017	98	21362.0	 26.0	 37.0	3.000	 1.0	 4.0
1	2017	99	24395.0	 26.0	 37.0	3.000	 2.0	 1.0
1	2017	100	24647.0	 25.0	 41.0	2.000	 1.0	 0.0
1	2017	101	26223.0	 27.0	 41.0	2.000	 1.0	 0.0
1	2017	102	26153.0	 27.0	 41.0	2.000	 2.0	 0.0
1	2017	103	27901.0	 23.0	 41.0	1.000	 2.0	 0.0
1	2017	104	27570.0	 22.0	 40.0	1.000	 1.0	 0.0
1	2017	105	24529.0	 25.0	 41.0	1.000	 1.0	 0.0
1	2017	106	22417.0	 28.0	 39.0	2.000	 3.0	 0.0
1	2017	107	23588.0	 27.0	 40.0	2.000	 2.0	 0.0
1	2017	108	24407.0	 28.0	 40.0	2.000	 1.0	 0.0
1	2017	109	25990.0	 28.0	 41.0	2.000	 1.0	 0.0
1	2017	110	23448.0	 29.0	 40.0	2.000	 2.0	 0.0
1	2017	111	23939.0	 26.0	 39.0	2.000	 4.0	 0.0
1	2017	112	24837.0	 27.0	 40.0	2.000	 3.0	 0.0
1	2017	113	24592.0	 28.0	 39.0	2.000	 3.0	 2.0
1	2017	114	24744.0	 26.0	 38.0	2.000	 2.0	 1.0
1	2017	115	22448.0	 26.0	 37.0	3.000	 1.0	 6.0
1	2017	116	22831.0	 25.0	 36.0	3.000	 3.0	 2.0
1	2017	117	23713.0	 27.0	 36.0	3.000	 2.0	 1.0
1	2017	118	25042.0	 26.0	 38.0	3.000	 2.0	 0.0
1	2017	119	24601.0	 26.0	 38.0	3.000	 3.0	 0.0
1	2017	120	22934.0	 27.0	 38.0	3.000	 2.0	 0.0
1	2017	121	22932.0	 27.0	 37.0	3.000	 3.0	 1.0
1	2017	122	24518.0	 27.0	 38.0	3.000	 3.0	 1.0
1	2017	123	22049.0	 24.0	 35.0	3.000	 1.0	14.0
1	2017	124	19858.0	 25.0	 33.0	3.000	 2.0	13.0
1	2017	125	22438.0	 25.0	 33.0	3.000	 3.0	 0.0
1	2017	126	25438.0	 26.0	 36.0	3.000	 2.0	 0.0
1	2017	127	24201.0	 27.0	 37.0	3.000	 3.0	 0.0
1	2017	128	24753.0	 27.0	 37.0	3.000	 2.0	 0.0
1	2017	129	25352.0	 26.0	 38.0	3.000	 2.0	 0.0
1	2017	130	24224.0	 26.0	 37.0	3.000	 3.0	 0.0
1	2017	131	19260.0	 25.0	 32.0	3.000	 2.0	 9.0
1	2017	132	18291.0	 25.0	 32.0	3.000	 2.0	 0.0
1	2017	133	22881.0	 25.0	 35.0	3.000	 1.0	 0.0
1	2017	134	20743.0	 26.0	 36.0	3.000	 2.0	 1.0
1	2017	135	22770.0	 25.0	 36.0	3.000	 4.0	 1.0
1	2017	136	23513.0	 26.0	 37.0	3.000	 4.0	 1.0
1	2017	137	21955.0	 26.0	 36.0	3.000	 3.0	 0.0
1	2017	138	21620.0	 26.0	 35.0	3.000	 2.0	 4.0
1	2017	139	21370.0	 24.0	 33.0	3.000	 1.0	 8.0
1	2017	140	22830.0	 25.0	 35.0	3.000	 1.0	10.0
1	2017	141	21823.0	 25.0	 33.0	3.000	 1.0	 5.0
1	2017	142	23746.0	 25.0	 34.0	3.000	 2.0	 0.0
1	2017	143	23006.0	 26.0	 35.0	3.000	 2.0	 1.0
1	2017	144	13343.0	 24.0	 31.0	3.000	 1.0	12.0
1	2017	145	21587.0	 24.0	 33.0	3.000	 2.0	 2.0
1	2017	146	19639.0	 24.0	 31.0	3.000	 2.0	 3.0
1	2017	147	20966.0	 24.0	 32.0	3.000	 1.0	 0.0
1	2017	148	23764.0	 25.0	 35.0	3.000	 1.0	 0.0
1	2017	149	24885.0	 24.0	 37.0	3.000	 2.0	 1.0
1	2017	150	19063.0	 25.0	 35.0	3.000	 4.0	 8.0
1	2017	151	20503.0	 24.0	 33.0	3.000	 2.0	 3.0
1	2017	152	25213.0	 24.0	 36.0	3.000	 2.0	 0.0
1	2017	153	24748.0	 26.0	 37.0	3.000	 2.0	 1.0
1	2017	154	13402.0	 24.0	 32.0	3.000	 2.0	 6.0
1	2017	155	21084.0	 25.0	 33.0	3.000	 2.0	 0.0
1	2017	156	24401.0	 25.0	 34.0	3.000	 2.0	 0.0
1	2017	157	16234.0	 25.0	 32.0	3.000	 2.0	 4.0
1	2017	158	22045.0	 24.0	 33.0	3.000	 2.0	 0.0
1	2017	159	23706.0	 24.0	 35.0	3.000	 1.0	 0.0
1	2017	160	24818.0	 25.0	 37.0	3.000	 2.0	 0.0
1	2017	161	20643.0	 25.0	 35.0	3.000	 3.0	 6.0
1	2017	162	18749.0	 25.0	 34.0	3.000	 2.0	 1.0
1	2017	163	21336.0	 25.0	 34.0	3.000	 3.0	14.0
1	2017	164	20598.0	 24.0	 32.0	3.000	 3.0	 1.0
1	2017	165	18366.0	 24.0	 32.0	3.000	 2.0	 5.0
1	2017	166	16871.0	 25.0	 31.0	3.000	 2.0	16.0
1	2017	167	21359.0	 24.0	 31.0	3.000	 2.0	 2.0
1	2017	168	14549.0	 23.0	 29.0	3.000	 2.0	 5.0
1	2017	169	18169.0	 23.0	 31.0	3.000	 2.0	 0.0
1	2017	170	24018.0	 24.0	 33.0	3.000	 2.0	 2.0
1	2017	171	14345.0	 23.0	 30.0	3.000	 3.0	15.0
1	2017	172	16397.0	 23.0	 29.0	3.000	 3.0	11.0
1	2017	173	21056.0	 22.0	 31.0	3.000	 2.0	 0.0
1	2017	174	22350.0	 24.0	 33.0	3.000	 2.0	 0.0
1	2017	175	14127.0	 23.0	 30.0	3.000	 3.0	10.0
1	2017	176	11889.0	 22.0	 29.0	3.000	 2.0	21.0
1	2017	177	20257.0	 22.0	 30.0	3.000	 1.0	 8.0
1	2017	178	21162.0	 22.0	 31.0	3.000	 0.0	 4.0
1	2017	179	20785.0	 24.0	 30.0	3.000	 2.0	 5.0
1	2017	180	19894.0	 23.0	 31.0	3.000	 2.0	 0.0
1	2017	181	18870.0	 22.0	 30.0	3.000	 2.0	 6.0
1	2017	182	22273.0	 23.0	 31.0	3.000	 2.0	 0.0
1	2017	183	18495.0	 23.0	 31.0	3.000	 2.0	 0.0
1	2017	184	19830.0	 23.0	 31.0	3.000	 3.0	 1.0
1	2017	185	20973.0	 24.0	 31.0	3.000	 2.0	 0.0
1	2017	186	20977.0	 23.0	 31.0	3.000	 2.0	 1.0
1	2017	187	17109.0	 23.0	 30.0	3.000	 2.0	 6.0
1	2017	188	15817.0	 22.0	 29.0	3.000	 1.0	12.0
1	2017	189	19555.0	 22.0	 31.0	3.000	 2.0	 0.0
1	2017	190	18927.0	 24.0	 30.0	3.000	 3.0	 3.0
1	2017	191	14505.0	 23.0	 30.0	3.000	 4.0	 1.0
1	2017	192	12181.0	 22.0	 28.0	3.000	 4.0	 0.0
1	2017	193	22994.0	 21.0	 30.0	3.000	 2.0	 2.0
1	2017	194	21570.0	 23.0	 31.0	3.000	 2.0	 1.0
1	2017	195	18145.0	 22.0	 30.0	3.000	 2.0	 7.0
1	2017	196	20053.0	 23.0	 31.0	3.000	 2.0	 1.0
1	2017	197	18494.0	 22.0	 30.0	3.000	 2.0	11.0
1	2017	198	21836.0	 23.0	 31.0	3.000	 2.0	 2.0
1	2017	199	20350.0	 23.0	 31.0	3.000	 2.0	 9.0
1	2017	200	18994.0	 23.0	 30.0	3.000	 2.0	12.0
1	2017	201	17038.0	 22.0	 30.0	3.000	 2.0	 4.0
1	2017	202	21222.0	 23.0	 31.0	3.000	 2.0	 2.0
1	2017	203	22947.0	 22.0	 32.0	3.000	 2.0	 1.0
1	2017	204	16243.0	 23.0	 29.0	3.000	 2.0	13.0
1	2017	205	14527.0	 23.0	 29.0	3.000	 2.0	 1.0
1	2017	206	16920.0	 23.0	 30.0	3.000	 3.0	 4.0
1	2017	207	11641.0	 22.0	 28.0	3.000	 2.0	 3.0
1	2017	208	19786.0	 23.0	 30.0	3.000	 2.0	 3.0
1	2017	209	22483.0	 23.0	 31.0	3.000	 1.0	 7.0
1	2017	210	14650.0	 23.0	 29.0	3.000	 2.0	11.0
1	2017	211	20239.0	 22.0	 31.0	3.000	 2.0	 3.0
1	2017	212	20126.0	 22.0	 30.0	3.000	 2.0	 6.0
1	2017	213	21677.0	 23.0	 31.0	3.000	 1.0	 6.0
1	2017	214	16046.0	 23.0	 30.0	3.000	 2.0	 9.0
1	2017	215	15258.0	 22.0	 29.0	3.000	 3.0	 6.0
1	2017	216	18265.0	 22.0	 30.0	3.000	 2.0	 2.0
1	2017	217	18254.0	 23.0	 30.0	3.000	 2.0	19.0
1	2017	218	10157.0	 23.0	 26.0	3.000	 3.0	 8.0
1	2017	219	21978.0	 22.0	 30.0	3.000	 3.0	 3.0
1	2017	220	13808.0	 23.0	 29.0	3.000	 2.0	 5.0
1	2017	221	14654.0	 22.0	 29.0	3.000	 2.0	 6.0
1	2017	222	21059.0	 22.0	 30.0	3.000	 2.0	 3.0
1	2017	223	14367.0	 22.0	 28.0	3.000	 1.0	 7.0
1	2017	224	21860.0	 22.0	 31.0	3.000	 1.0	 2.0
1	2017	225	19297.0	 23.0	 30.0	3.000	 2.0	 7.0
1	2017	226	20559.0	 23.0	 31.0	3.000	 2.0	 9.0
1	2017	227	7560.0	 23.0	 26.0	3.000	 2.0	17.0
1	2017	228	17819.0	 22.0	 30.0	3.000	 3.0	 0.0
1	2017	229	19915.0	 24.0	 31.0	3.000	 3.0	10.0
1	2017	230	6779.0	 22.0	 26.0	3.000	 2.0	22.0
1	2017	231	19398.0	 22.0	 29.0	3.000	 2.0	 2.0
1	2017	232	21196.0	 22.0	 30.0	3.000	 2.0	 1.0
1	2017	233	17069.0	 23.0	 29.0	3.000	 2.0	 8.0
1	2017	234	13655.0	 22.0	 28.0	3.000	 2.0	 9.0
1	2017	235	15987.0	 22.0	 29.0	3.000	 2.0	 5.0
1	2017	236	19933.0	 22.0	 30.0	3.000	 2.0	 3.0
1	2017	237	20058.0	 22.0	 30.0	3.000	 1.0	 1.0
1	2017	238	18345.0	 23.0	 29.0	3.000	 1.0	 7.0
1	2017	239	9817.0	 22.0	 27.0	3.000	 2.0	 4.0
1	2017	240	15491.0	 22.0	 29.0	3.000	 2.0	 0.0
1	2017	241	24778.0	 23.0	 32.0	3.000	 2.0	 1.0
1	2017	242	10842.0	 22.0	 28.0	3.000	 3.0	10.0
1	2017	243	17361.0	 23.0	 30.0	3.000	 3.0	 8.0
1	2017	244	18028.0	 22.0	 29.0	3.000	 2.0	 6.0
1	2017	245	15853.0	 23.0	 28.0	3.000	 2.0	10.0
1	2017	246	17213.0	 22.0	 29.0	3.000	 2.0	 1.0
1	2017	247	19301.0	 22.0	 30.0	3.000	 2.0	 7.0
1	2017	248	22248.0	 22.0	 30.0	3.000	 1.0	 0.0
1	2017	249	23536.0	 22.0	 31.0	3.000	 1.0	 1.0
1	2017	250	12312.0	 23.0	 28.0	3.000	 2.0	19.0
1	2017	251	10050.0	 22.0	 27.0	3.000	 2.0	 0.0
1	2017	252	19238.0	 21.0	 29.0	3.000	 1.0	 1.0
1	2017	253	21605.0	 22.0	 31.0	3.000	 1.0	 2.0
1	2017	254	23140.0	 23.0	 31.0	3.000	 2.0	 7.0
1	2017	255	21209.0	 23.0	 30.0	3.000	 1.0	 2.0
1	2017	256	21121.0	 22.0	 31.0	3.000	 2.0	 0.0
1	2017	257	25261.0	 23.0	 32.0	3.000	 2.0	 0.0
1	2017	258	23926.0	 24.0	 32.0	3.000	 2.0	 0.0
1	2017	259	14990.0	 24.0	 29.0	3.000	 3.0	 2.0
1	2017	260	4962.0	 22.0	 26.0	3.000	 2.0	21.0
1	2017	261	19772.0	 21.0	 31.0	3.000	 1.0	 0.0
1	2017	262	23929.0	 23.0	 33.0	3.000	 1.0	 0.0
1	2017	263	21485.0	 24.0	 32.0	3.000	 2.0	 8.0
1	2017	264	19033.0	 23.0	 30.0	3.000	 1.0	 7.0
1	2017	265	3431.0	 22.0	 24.0	3.000	 1.0	33.0
1	2017	266	18843.0	 22.0	 29.0	3.000	 2.0	 2.0
1	2017	267	24324.0	 22.0	 31.0	3.000	 1.0	 0.0
1	2017	268	22484.0	 23.0	 31.0	3.000	 1.0	 3.0
1	2017	269	22560.0	 24.0	 31.0	3.000	 2.0	 1.0
1	2017	270	19237.0	 24.0	 30.0	3.000	 2.0	 1.0
1	2017	271	23632.0	 23.0	 32.0	3.000	 1.0	 1.0
1	2017	272	11877.0	 24.0	 29.0	3.000	 2.0	 0.0
1	2017	273	20119.0	 23.0	 31.0	3.000	 2.0	 0.0
1	2017	274	24259.0	 22.0	 32.0	3.000	 1.0	 7.0
1	2017	275	23466.0	 22.0	 32.0	3.000	 2.0	 0.0
1	2017	276	22261.0	 23.0	 32.0	3.000	 1.0	 6.0
1	2017	277	21919.0	 23.0	 32.0	3.000	 2.0	 4.0
1	2017	278	15966.0	 24.0	 30.0	3.000	 2.0	 4.0
1	2017	279	22720.0	 23.0	 32.0	3.000	 2.0	 2.0
1	2017	280	23329.0	 23.0	 32.0	3.000	 2.0	 0.0
1	2017	281	23794.0	 23.0	 32.0	3.000	 2.0	 0.0
1	2017	282	23708.0	 23.0	 33.0	3.000	 1.0	 0.0
1	2017	283	23317.0	 24.0	 34.0	3.000	 2.0	 0.0
1	2017	284	23434.0	 23.0	 34.0	3.000	 2.0	 0.0
1	2017	285	24298.0	 23.0	 34.0	3.000	 2.0	 1.0
1	2017	286	23678.0	 24.0	 36.0	2.000	 1.0	 0.0
1	2017	287	24468.0	 25.0	 36.0	2.000	 2.0	 0.0
1	2017	288	24112.0	 24.0	 36.0	2.000	 2.0	 0.0
1	2017	289	22234.0	 22.0	 36.0	2.000	 1.0	 0.0
1	2017	290	23862.0	 22.0	 37.0	2.000	 1.0	 0.0
1	2017	291	24337.0	 22.0	 37.0	2.000	 1.0	 0.0
1	2017	292	24456.0	 23.0	 37.0	2.000	 1.0	 0.0
1	2017	293	23886.0	 23.0	 37.0	2.000	 2.0	 0.0
1	2017	294	23495.0	 25.0	 37.0	2.000	 2.0	 0.0
1	2017	295	23804.0	 25.0	 37.0	2.000	 1.0	 0.0
1	2017	296	23127.0	 25.0	 37.0	2.000	 1.0	 0.0
1	2017	297	22166.0	 25.0	 37.0	2.000	 1.0	 0.0
1	2017	298	20922.0	 25.0	 36.0	2.000	 2.0	 0.0
1	2017	299	23178.0	 25.0	 37.0	2.000	 2.0	 0.0
1	2017	300	21895.0	 23.0	 37.0	2.000	 2.0	 0.0
1	2017	301	22833.0	 21.0	 36.0	1.000	 2.0	 0.0
1	2017	302	23762.0	 20.0	 36.0	1.000	 2.0	 0.0
1	2017	303	23753.0	 23.0	 37.0	1.000	 2.0	 0.0
1	2017	304	22280.0	 25.0	 37.0	2.000	 2.0	 0.0
1	2017	305	21415.0	 23.0	 37.0	2.000	 1.0	 0.0
1	2017	306	20742.0	 23.0	 37.0	1.000	 1.0	 0.0
1	2017	307	21898.0	 24.0	 37.0	2.000	 1.0	 0.0
1	2017	308	20883.0	 25.0	 36.0	2.000	 1.0	 0.0
1	2017	309	20304.0	 25.0	 35.0	2.000	 2.0	 0.0
1	2017	310	18901.0	 25.0	 35.0	2.000	 2.0	 0.0
1	2017	311	21179.0	 23.0	 35.0	2.000	 0.0	 0.0
1	2017	312	23011.0	 22.0	 36.0	1.000	 2.0	 0.0
1	2017	313	23164.0	 21.0	 37.0	1.000	 2.0	 0.0
1	2017	314	21860.0	 24.0	 37.0	2.000	 1.0	 0.0
1	2017	315	23516.0	 21.0	 37.0	1.000	 2.0	 0.0
1	2017	316	23547.0	 20.0	 36.0	1.000	 2.0	 0.0
1	2017	317	23078.0	 19.0	 36.0	1.000	 1.0	 0.0
1	2017	318	22623.0	 20.0	 36.0	1.000	 2.0	 0.0
1	2017	319	22473.0	 21.0	 36.0	1.000	 1.0	 0.0
1	2017	320	22569.0	 22.0	 37.0	1.000	 1.0	 0.0
1	2017	321	22483.0	 21.0	 37.0	1.000	 0.0	 0.0
1	2017	322	20336.0	 23.0	 36.0	2.000	 1.0	 0.0
1	2017	323	18829.0	 23.0	 36.0	2.000	 1.0	 0.0
1	2017	324	15038.0	 25.0	 35.0	2.000	 1.0	 0.0
1	2017	325	18105.0	 25.0	 36.0	2.000	 0.0	 0.0
1	2017	326	20083.0	 24.0	 37.0	1.000	 1.0	 0.0
1	2017	327	21620.0	 22.0	 37.0	1.000	 2.0	 0.0
1	2017	328	20440.0	 24.0	 37.0	2.000	 1.0	 0.0
1	2017	329	22185.0	 22.0	 37.0	1.000	 2.0	 0.0
1	2017	330	22203.0	 21.0	 37.0	1.000	 3.0	 0.0
1	2017	331	22238.0	 21.0	 36.0	1.000	 3.0	 0.0
1	2017	332	22193.0	 20.0	 36.0	1.000	 2.0	 0.0
1	2017	333	22110.0	 20.0	 36.0	1.000	 2.0	 0.0
1	2017	334	21757.0	 20.0	 37.0	1.000	 2.0	 0.0
1	2017	335	21627.0	 22.0	 38.0	1.000	 3.0	 0.0
1	2017	336	21732.0	 23.0	 37.0	1.000	 3.0	 0.0
1	2017	337	21757.0	 20.0	 36.0	1.000	 3.0	 0.0
1	2017	338	21397.0	 21.0	 37.0	1.000	 2.0	 0.0
1	2017	339	19505.0	 21.0	 37.0	1.000	 3.0	 0.0
1	2017	340	20306.0	 21.0	 37.0	1.000	 2.0	 0.0
1	2017	341	21285.0	 20.0	 36.0	1.000	 2.0	 0.0
1	2017	342	21213.0	 20.0	 36.0	1.000	 2.0	 0.0
1	2017	343	20965.0	 22.0	 35.0	1.000	 2.0	 0.0
1	2017	344	21428.0	 21.0	 34.0	1.000	 4.0	 0.0
1	2017	345	21166.0	 19.0	 34.0	1.000	 2.0	 0.0
1	2017	346	17345.0	 20.0	 35.0	1.000	 2.0	 0.0
1	2017	347	17606.0	 21.0	 36.0	1.000	 2.0	 0.0
1	2017	348	19703.0	 24.0	 37.0	1.000	 2.0	 0.0
1	2017	349	19884.0	 22.0	 37.0	1.000	 2.0	 0.0
1	2017	350	20168.0	 24.0	 38.0	1.000	 3.0	 0.0
1	2017	351	20191.0	 23.0	 38.0	1.000	 3.0	 0.0
1	2017	352	20232.0	 21.0	 37.0	1.000	 2.0	 0.0
1	2017	353	19971.0	 22.0	 36.0	1.000	 1.0	 0.0
1	2017	354	20128.0	 21.0	 36.0	1.000	 2.0	 0.0
1	2017	355	20234.0	 21.0	 35.0	1.000	 3.0	 0.0
1	2017	356	20486.0	 20.0	 34.0	1.000	 4.0	 0.0
1	2017	357	20967.0	 20.0	 34.0	1.000	 3.0	 0.0
1	2017	358	20985.0	 19.0	 34.0	1.000	 3.0	 0.0
1	2017	359	20712.0	 21.0	 35.0	1.000	 3.0	 0.0
1	2017	360	20766.0	 22.0	 36.0	1.000	 3.0	 0.0
1	2017	361	20894.0	 21.0	 36.0	1.000	 3.0	 0.0
1	2017	362	20882.0	 21.0	 36.0	1.000	 3.0	 0.0
1	2017	363	20771.0	 21.0	 35.0	1.000	 3.0	 0.0
1	2017	364	20905.0	 21.0	 35.0	1.000	 4.0	 0.0
1	2017	365	21193.0	 21.0	 34.0	1.000	 4.0	 0.0
