*---------------------------------------------------
* Station: Upper_West
* Year: 2011
* Origin: ERA5-Reanalysis
* Columns & units
* ===================
* 1. station number
* 2. year
* 3. Day of Year
* 4. Irradiance   (kJ路m-2路d-1)
* 5. Daily minimum temperature (degC)
* 6. Daily maximum temperature (degC)
* 7. Vapour pressure (kPa)
* 8. Mean wind speed (m路s-1)
* 9. Precipitation (mm路d-1)
** WCCDESCRIPTION=Upper_West
** WCCFORMAT=2
** WCCYEARNR=2011
*------------------------------------------------------------*
-2.21  10.42  237.00 -0.18  -0.55
1	2011	1	20441.0	 18.0	 32.0	1.000	 3.0	 0.0
1	2011	2	21001.0	 17.0	 33.0	1.000	 2.0	 0.0
1	2011	3	20965.0	 18.0	 33.0	1.000	 2.0	 0.0
1	2011	4	20967.0	 19.0	 34.0	1.000	 2.0	 0.0
1	2011	5	20983.0	 19.0	 34.0	1.000	 2.0	 0.0
1	2011	6	21012.0	 20.0	 35.0	1.000	 3.0	 0.0
1	2011	7	21144.0	 20.0	 34.0	1.000	 3.0	 0.0
1	2011	8	21509.0	 20.0	 34.0	1.000	 4.0	 0.0
1	2011	9	21510.0	 18.0	 32.0	1.000	 3.0	 0.0
1	2011	10	21610.0	 18.0	 33.0	1.000	 3.0	 0.0
1	2011	11	21506.0	 18.0	 33.0	1.000	 3.0	 0.0
1	2011	12	21681.0	 18.0	 33.0	1.000	 2.0	 0.0
1	2011	13	21721.0	 17.0	 33.0	1.000	 2.0	 0.0
1	2011	14	21499.0	 18.0	 34.0	1.000	 3.0	 0.0
1	2011	15	21593.0	 20.0	 34.0	1.000	 4.0	 0.0
1	2011	16	21252.0	 20.0	 33.0	1.000	 4.0	 0.0
1	2011	17	21347.0	 19.0	 33.0	1.000	 3.0	 0.0
1	2011	18	21679.0	 17.0	 32.0	1.000	 3.0	 0.0
1	2011	19	22159.0	 17.0	 33.0	1.000	 2.0	 0.0
1	2011	20	22079.0	 17.0	 34.0	1.000	 2.0	 0.0
1	2011	21	22055.0	 18.0	 35.0	1.000	 2.0	 0.0
1	2011	22	22004.0	 19.0	 35.0	1.000	 2.0	 0.0
1	2011	23	21879.0	 20.0	 36.0	1.000	 2.0	 0.0
1	2011	24	21877.0	 20.0	 37.0	1.000	 3.0	 0.0
1	2011	25	21461.0	 20.0	 36.0	1.000	 2.0	 0.0
1	2011	26	21986.0	 21.0	 37.0	1.000	 2.0	 0.0
1	2011	27	20933.0	 22.0	 38.0	2.000	 1.0	 0.0
1	2011	28	22459.0	 24.0	 38.0	1.000	 3.0	 0.0
1	2011	29	22524.0	 22.0	 37.0	1.000	 3.0	 0.0
1	2011	30	22248.0	 19.0	 37.0	1.000	 1.0	 0.0
1	2011	31	21322.0	 22.0	 37.0	2.000	 1.0	 0.0
1	2011	32	21212.0	 23.0	 38.0	2.000	 1.0	 0.0
1	2011	33	19895.0	 26.0	 37.0	2.000	 2.0	 0.0
1	2011	34	20518.0	 24.0	 36.0	2.000	 2.0	 0.0
1	2011	35	21276.0	 23.0	 34.0	1.000	 4.0	 0.0
1	2011	36	22382.0	 21.0	 33.0	0.000	 4.0	 0.0
1	2011	37	21977.0	 20.0	 34.0	0.000	 3.0	 0.0
1	2011	38	22801.0	 22.0	 36.0	1.000	 3.0	 0.0
1	2011	39	22825.0	 23.0	 37.0	1.000	 3.0	 0.0
1	2011	40	22959.0	 22.0	 37.0	1.000	 3.0	 0.0
1	2011	41	22678.0	 23.0	 38.0	1.000	 2.0	 0.0
1	2011	42	20256.0	 23.0	 37.0	1.000	 1.0	 0.0
1	2011	43	18460.0	 25.0	 37.0	2.000	 0.0	 0.0
1	2011	44	21527.0	 25.0	 37.0	1.000	 2.0	 0.0
1	2011	45	18990.0	 22.0	 35.0	1.000	 3.0	 0.0
1	2011	46	20777.0	 23.0	 36.0	1.000	 3.0	 0.0
1	2011	47	23146.0	 22.0	 38.0	1.000	 2.0	 0.0
1	2011	48	23569.0	 23.0	 38.0	1.000	 2.0	 0.0
1	2011	49	22450.0	 23.0	 38.0	1.000	 3.0	 0.0
1	2011	50	22760.0	 25.0	 39.0	1.000	 3.0	 0.0
1	2011	51	21808.0	 26.0	 41.0	1.000	 4.0	 0.0
1	2011	52	23630.0	 24.0	 40.0	1.000	 2.0	 0.0
1	2011	53	23151.0	 24.0	 39.0	1.000	 1.0	 0.0
1	2011	54	20381.0	 24.0	 38.0	1.000	 1.0	 0.0
1	2011	55	21772.0	 25.0	 38.0	2.000	 1.0	 0.0
1	2011	56	17317.0	 26.0	 37.0	2.000	 1.0	 0.0
1	2011	57	20482.0	 25.0	 36.0	2.000	 2.0	 0.0
1	2011	58	16530.0	 23.0	 35.0	1.000	 1.0	 0.0
1	2011	59	18805.0	 24.0	 36.0	1.000	 2.0	 1.0
1	2011	60	19394.0	 25.0	 37.0	1.000	 1.0	 0.0
1	2011	61	23820.0	 26.0	 39.0	1.000	 2.0	 0.0
1	2011	62	23093.0	 26.0	 39.0	2.000	 2.0	 0.0
1	2011	63	20552.0	 26.0	 37.0	2.000	 2.0	 0.0
1	2011	64	22408.0	 26.0	 40.0	2.000	 2.0	 0.0
1	2011	65	22123.0	 27.0	 39.0	2.000	 2.0	 0.0
1	2011	66	22350.0	 27.0	 40.0	2.000	 2.0	 0.0
1	2011	67	20912.0	 27.0	 40.0	2.000	 2.0	 0.0
1	2011	68	23802.0	 28.0	 41.0	2.000	 3.0	 0.0
1	2011	69	22653.0	 27.0	 40.0	2.000	 3.0	 0.0
1	2011	70	22944.0	 27.0	 40.0	2.000	 1.0	 0.0
1	2011	71	20741.0	 29.0	 39.0	2.000	 2.0	 0.0
1	2011	72	21106.0	 28.0	 38.0	2.000	 2.0	 0.0
1	2011	73	22688.0	 27.0	 39.0	2.000	 2.0	 0.0
1	2011	74	21308.0	 27.0	 39.0	2.000	 2.0	 0.0
1	2011	75	22591.0	 26.0	 39.0	2.000	 1.0	 0.0
1	2011	76	23572.0	 27.0	 39.0	2.000	 2.0	 0.0
1	2011	77	22098.0	 27.0	 38.0	2.000	 2.0	 0.0
1	2011	78	24114.0	 26.0	 40.0	2.000	 1.0	 0.0
1	2011	79	24182.0	 25.0	 39.0	2.000	 2.0	 0.0
1	2011	80	21769.0	 27.0	 38.0	2.000	 2.0	 0.0
1	2011	81	22943.0	 26.0	 39.0	2.000	 1.0	 0.0
1	2011	82	22620.0	 26.0	 38.0	2.000	 1.0	 0.0
1	2011	83	24168.0	 27.0	 39.0	2.000	 0.0	 0.0
1	2011	84	25964.0	 25.0	 41.0	1.000	 1.0	 0.0
1	2011	85	23154.0	 27.0	 39.0	2.000	 2.0	 0.0
1	2011	86	22501.0	 28.0	 40.0	2.000	 2.0	 0.0
1	2011	87	19868.0	 27.0	 38.0	2.000	 0.0	 0.0
1	2011	88	24888.0	 27.0	 40.0	2.000	 1.0	 0.0
1	2011	89	23878.0	 24.0	 40.0	1.000	 1.0	 0.0
1	2011	90	25775.0	 26.0	 40.0	2.000	 1.0	 0.0
1	2011	91	25489.0	 25.0	 40.0	1.000	 1.0	 0.0
1	2011	92	24581.0	 25.0	 39.0	1.000	 2.0	 0.0
1	2011	93	23623.0	 27.0	 39.0	2.000	 3.0	 1.0
1	2011	94	19063.0	 24.0	 33.0	3.000	 3.0	16.0
1	2011	95	9616.0	 24.0	 32.0	3.000	 2.0	 2.0
1	2011	96	17443.0	 25.0	 35.0	2.000	 2.0	 0.0
1	2011	97	26620.0	 23.0	 38.0	1.000	 3.0	 0.0
1	2011	98	27825.0	 20.0	 38.0	1.000	 2.0	 0.0
1	2011	99	25345.0	 22.0	 37.0	2.000	 2.0	 0.0
1	2011	100	23567.0	 25.0	 37.0	3.000	 2.0	 2.0
1	2011	101	24073.0	 25.0	 37.0	2.000	 2.0	 0.0
1	2011	102	15762.0	 26.0	 37.0	2.000	 2.0	 0.0
1	2011	103	15494.0	 24.0	 36.0	2.000	 1.0	 0.0
1	2011	104	24598.0	 24.0	 39.0	2.000	 1.0	 0.0
1	2011	105	25716.0	 26.0	 39.0	2.000	 2.0	 0.0
1	2011	106	25947.0	 26.0	 39.0	2.000	 2.0	 0.0
1	2011	107	26498.0	 26.0	 40.0	2.000	 2.0	 0.0
1	2011	108	24190.0	 26.0	 40.0	2.000	 3.0	 1.0
1	2011	109	24860.0	 27.0	 39.0	2.000	 3.0	 1.0
1	2011	110	23642.0	 26.0	 38.0	2.000	 3.0	 0.0
1	2011	111	23148.0	 27.0	 38.0	3.000	 2.0	 1.0
1	2011	112	23317.0	 27.0	 38.0	3.000	 3.0	 1.0
1	2011	113	23605.0	 26.0	 38.0	3.000	 3.0	 5.0
1	2011	114	13908.0	 24.0	 30.0	3.000	 3.0	20.0
1	2011	115	24789.0	 24.0	 34.0	3.000	 1.0	 0.0
1	2011	116	25551.0	 25.0	 35.0	3.000	 1.0	 0.0
1	2011	117	25467.0	 25.0	 36.0	3.000	 2.0	 0.0
1	2011	118	23518.0	 25.0	 36.0	3.000	 3.0	 0.0
1	2011	119	24827.0	 26.0	 37.0	3.000	 4.0	 0.0
1	2011	120	24479.0	 26.0	 37.0	3.000	 4.0	 5.0
1	2011	121	18926.0	 25.0	 33.0	3.000	 3.0	 0.0
1	2011	122	23681.0	 25.0	 37.0	3.000	 2.0	 3.0
1	2011	123	21651.0	 25.0	 36.0	3.000	 3.0	 0.0
1	2011	124	24249.0	 25.0	 38.0	3.000	 2.0	 0.0
1	2011	125	24989.0	 27.0	 38.0	3.000	 2.0	 0.0
1	2011	126	24942.0	 27.0	 38.0	3.000	 3.0	 2.0
1	2011	127	21942.0	 25.0	 37.0	3.000	 3.0	 0.0
1	2011	128	23704.0	 26.0	 37.0	3.000	 3.0	 0.0
1	2011	129	21320.0	 25.0	 36.0	3.000	 3.0	 4.0
1	2011	130	23556.0	 24.0	 35.0	3.000	 3.0	 4.0
1	2011	131	25281.0	 24.0	 36.0	3.000	 2.0	 4.0
1	2011	132	23333.0	 24.0	 34.0	3.000	 2.0	 6.0
1	2011	133	21745.0	 24.0	 33.0	3.000	 1.0	 4.0
1	2011	134	21274.0	 25.0	 36.0	3.000	 1.0	 3.0
1	2011	135	22422.0	 24.0	 34.0	3.000	 2.0	 0.0
1	2011	136	24816.0	 25.0	 36.0	3.000	 2.0	 0.0
1	2011	137	24394.0	 27.0	 37.0	3.000	 2.0	 0.0
1	2011	138	18141.0	 24.0	 34.0	3.000	 2.0	17.0
1	2011	139	25177.0	 25.0	 35.0	3.000	 2.0	 0.0
1	2011	140	24159.0	 25.0	 36.0	3.000	 2.0	 0.0
1	2011	141	22557.0	 26.0	 35.0	3.000	 3.0	 4.0
1	2011	142	21301.0	 24.0	 33.0	3.000	 3.0	 4.0
1	2011	143	19325.0	 24.0	 33.0	3.000	 3.0	 0.0
1	2011	144	22718.0	 25.0	 33.0	3.000	 2.0	 4.0
1	2011	145	24654.0	 25.0	 35.0	3.000	 3.0	 0.0
1	2011	146	23036.0	 26.0	 34.0	3.000	 3.0	 0.0
1	2011	147	23848.0	 25.0	 34.0	3.000	 3.0	 3.0
1	2011	148	18543.0	 24.0	 33.0	3.000	 3.0	 1.0
1	2011	149	19242.0	 24.0	 32.0	3.000	 2.0	 2.0
1	2011	150	20901.0	 24.0	 33.0	3.000	 2.0	 0.0
1	2011	151	24564.0	 25.0	 35.0	3.000	 3.0	 0.0
1	2011	152	23384.0	 25.0	 35.0	3.000	 2.0	 0.0
1	2011	153	25404.0	 25.0	 36.0	3.000	 3.0	 0.0
1	2011	154	22736.0	 26.0	 34.0	3.000	 2.0	 2.0
1	2011	155	23206.0	 25.0	 34.0	3.000	 2.0	 2.0
1	2011	156	13872.0	 23.0	 32.0	3.000	 2.0	 6.0
1	2011	157	25326.0	 23.0	 34.0	3.000	 2.0	 0.0
1	2011	158	24485.0	 25.0	 35.0	3.000	 2.0	 1.0
1	2011	159	17674.0	 24.0	 31.0	3.000	 3.0	 2.0
1	2011	160	14153.0	 23.0	 31.0	3.000	 3.0	 0.0
1	2011	161	23904.0	 24.0	 35.0	3.000	 3.0	 0.0
1	2011	162	20320.0	 25.0	 34.0	3.000	 3.0	 0.0
1	2011	163	24330.0	 23.0	 35.0	3.000	 3.0	 2.0
1	2011	164	18504.0	 23.0	 33.0	3.000	 2.0	 0.0
1	2011	165	23355.0	 24.0	 34.0	3.000	 1.0	 0.0
1	2011	166	23491.0	 24.0	 35.0	3.000	 2.0	 1.0
1	2011	167	19456.0	 24.0	 33.0	3.000	 3.0	10.0
1	2011	168	17286.0	 23.0	 32.0	3.000	 2.0	 1.0
1	2011	169	21022.0	 24.0	 33.0	3.000	 2.0	18.0
1	2011	170	22421.0	 23.0	 31.0	3.000	 2.0	 4.0
1	2011	171	17589.0	 24.0	 31.0	3.000	 2.0	 1.0
1	2011	172	18170.0	 24.0	 31.0	3.000	 2.0	 1.0
1	2011	173	19906.0	 23.0	 31.0	3.000	 3.0	 6.0
1	2011	174	18340.0	 23.0	 32.0	3.000	 2.0	 0.0
1	2011	175	18579.0	 22.0	 30.0	3.000	 3.0	 2.0
1	2011	176	16168.0	 22.0	 30.0	3.000	 2.0	 3.0
1	2011	177	23480.0	 23.0	 32.0	3.000	 2.0	 0.0
1	2011	178	21368.0	 24.0	 32.0	3.000	 3.0	 1.0
1	2011	179	21140.0	 23.0	 31.0	3.000	 2.0	11.0
1	2011	180	22231.0	 23.0	 32.0	3.000	 2.0	 3.0
1	2011	181	15464.0	 23.0	 30.0	3.000	 2.0	11.0
1	2011	182	18515.0	 22.0	 30.0	3.000	 2.0	 1.0
1	2011	183	22354.0	 23.0	 32.0	3.000	 2.0	 0.0
1	2011	184	24398.0	 23.0	 34.0	3.000	 2.0	10.0
1	2011	185	19949.0	 23.0	 30.0	3.000	 3.0	 1.0
1	2011	186	22280.0	 23.0	 31.0	3.000	 2.0	 0.0
1	2011	187	18104.0	 24.0	 31.0	3.000	 2.0	 0.0
1	2011	188	20421.0	 24.0	 32.0	3.000	 2.0	 1.0
1	2011	189	23389.0	 24.0	 33.0	3.000	 3.0	 0.0
1	2011	190	21551.0	 24.0	 33.0	3.000	 3.0	 4.0
1	2011	191	7496.0	 23.0	 27.0	3.000	 1.0	34.0
1	2011	192	13653.0	 22.0	 27.0	3.000	 2.0	49.0
1	2011	193	20536.0	 21.0	 29.0	3.000	 2.0	 5.0
1	2011	194	20580.0	 22.0	 30.0	3.000	 2.0	 0.0
1	2011	195	16567.0	 22.0	 28.0	3.000	 2.0	 7.0
1	2011	196	18712.0	 22.0	 30.0	3.000	 1.0	 4.0
1	2011	197	19718.0	 21.0	 29.0	3.000	 1.0	12.0
1	2011	198	20859.0	 22.0	 30.0	3.000	 2.0	 1.0
1	2011	199	10081.0	 21.0	 28.0	3.000	 1.0	13.0
1	2011	200	18410.0	 21.0	 29.0	3.000	 2.0	 0.0
1	2011	201	24226.0	 22.0	 32.0	3.000	 2.0	 0.0
1	2011	202	18930.0	 23.0	 29.0	3.000	 3.0	 8.0
1	2011	203	19826.0	 23.0	 30.0	3.000	 3.0	 0.0
1	2011	204	20208.0	 23.0	 30.0	3.000	 3.0	 3.0
1	2011	205	21408.0	 23.0	 30.0	3.000	 2.0	 1.0
1	2011	206	21235.0	 23.0	 30.0	3.000	 3.0	 4.0
1	2011	207	13207.0	 22.0	 28.0	3.000	 3.0	 1.0
1	2011	208	13508.0	 22.0	 28.0	3.000	 2.0	 1.0
1	2011	209	20275.0	 21.0	 30.0	3.000	 2.0	 0.0
1	2011	210	20341.0	 23.0	 31.0	3.000	 2.0	 6.0
1	2011	211	9134.0	 23.0	 26.0	3.000	 2.0	34.0
1	2011	212	19034.0	 22.0	 29.0	3.000	 1.0	 8.0
1	2011	213	22229.0	 23.0	 31.0	3.000	 1.0	 5.0
1	2011	214	20486.0	 22.0	 31.0	3.000	 2.0	 1.0
1	2011	215	11937.0	 22.0	 29.0	3.000	 2.0	 0.0
1	2011	216	11642.0	 23.0	 28.0	3.000	 2.0	 5.0
1	2011	217	15275.0	 22.0	 29.0	3.000	 3.0	 1.0
1	2011	218	18690.0	 22.0	 29.0	3.000	 2.0	11.0
1	2011	219	12401.0	 22.0	 28.0	3.000	 2.0	 1.0
1	2011	220	19952.0	 22.0	 30.0	3.000	 2.0	11.0
1	2011	221	19102.0	 22.0	 30.0	3.000	 2.0	 1.0
1	2011	222	18073.0	 23.0	 29.0	3.000	 2.0	 0.0
1	2011	223	23213.0	 23.0	 30.0	3.000	 2.0	 1.0
1	2011	224	21393.0	 23.0	 31.0	3.000	 2.0	11.0
1	2011	225	13180.0	 23.0	 29.0	3.000	 3.0	 2.0
1	2011	226	18219.0	 23.0	 29.0	3.000	 2.0	 3.0
1	2011	227	20278.0	 22.0	 30.0	3.000	 2.0	 3.0
1	2011	228	6625.0	 22.0	 26.0	3.000	 1.0	21.0
1	2011	229	15755.0	 22.0	 28.0	3.000	 2.0	 5.0
1	2011	230	14020.0	 22.0	 28.0	3.000	 3.0	11.0
1	2011	231	16055.0	 22.0	 28.0	3.000	 3.0	 7.0
1	2011	232	17812.0	 21.0	 28.0	3.000	 2.0	 1.0
1	2011	233	21179.0	 22.0	 29.0	3.000	 2.0	 1.0
1	2011	234	10421.0	 22.0	 27.0	3.000	 1.0	 8.0
1	2011	235	16598.0	 21.0	 28.0	3.000	 1.0	14.0
1	2011	236	16548.0	 22.0	 29.0	3.000	 1.0	 6.0
1	2011	237	19186.0	 22.0	 29.0	3.000	 2.0	 1.0
1	2011	238	13308.0	 23.0	 28.0	3.000	 2.0	 3.0
1	2011	239	18943.0	 22.0	 29.0	3.000	 2.0	 6.0
1	2011	240	17240.0	 21.0	 29.0	3.000	 1.0	11.0
1	2011	241	18386.0	 21.0	 29.0	3.000	 2.0	 7.0
1	2011	242	23447.0	 21.0	 30.0	3.000	 1.0	 2.0
1	2011	243	11331.0	 22.0	 28.0	3.000	 2.0	 2.0
1	2011	244	19342.0	 22.0	 29.0	3.000	 2.0	 2.0
1	2011	245	24667.0	 21.0	 31.0	3.000	 1.0	 8.0
1	2011	246	16251.0	 23.0	 29.0	3.000	 2.0	14.0
1	2011	247	21882.0	 22.0	 30.0	3.000	 2.0	 2.0
1	2011	248	22203.0	 22.0	 30.0	3.000	 2.0	 1.0
1	2011	249	21821.0	 22.0	 31.0	3.000	 1.0	 4.0
1	2011	250	22872.0	 23.0	 30.0	3.000	 2.0	 4.0
1	2011	251	22668.0	 23.0	 31.0	3.000	 2.0	 3.0
1	2011	252	17553.0	 22.0	 29.0	3.000	 2.0	11.0
1	2011	253	15637.0	 22.0	 28.0	3.000	 1.0	11.0
1	2011	254	19720.0	 22.0	 30.0	3.000	 1.0	 1.0
1	2011	255	23800.0	 23.0	 31.0	3.000	 2.0	 1.0
1	2011	256	24516.0	 23.0	 31.0	3.000	 2.0	 1.0
1	2011	257	20778.0	 23.0	 29.0	3.000	 3.0	 0.0
1	2011	258	22384.0	 22.0	 30.0	3.000	 2.0	 1.0
1	2011	259	18156.0	 22.0	 30.0	3.000	 2.0	 0.0
1	2011	260	4589.0	 22.0	 25.0	3.000	 0.0	88.0
1	2011	261	18424.0	 22.0	 29.0	3.000	 2.0	 5.0
1	2011	262	16315.0	 21.0	 29.0	3.000	 1.0	 4.0
1	2011	263	23336.0	 22.0	 31.0	3.000	 1.0	 3.0
1	2011	264	20491.0	 23.0	 30.0	3.000	 2.0	 1.0
1	2011	265	15679.0	 23.0	 28.0	3.000	 2.0	 6.0
1	2011	266	19746.0	 21.0	 30.0	3.000	 1.0	 0.0
1	2011	267	21499.0	 23.0	 31.0	3.000	 1.0	 2.0
1	2011	268	18340.0	 23.0	 31.0	3.000	 2.0	 0.0
1	2011	269	24584.0	 23.0	 32.0	3.000	 2.0	 1.0
1	2011	270	20319.0	 23.0	 30.0	3.000	 2.0	10.0
1	2011	271	21453.0	 22.0	 30.0	3.000	 2.0	 1.0
1	2011	272	20151.0	 22.0	 29.0	3.000	 2.0	 1.0
1	2011	273	20960.0	 22.0	 30.0	3.000	 1.0	 3.0
1	2011	274	16755.0	 23.0	 29.0	3.000	 1.0	 4.0
1	2011	275	23864.0	 22.0	 31.0	3.000	 2.0	 1.0
1	2011	276	24166.0	 22.0	 31.0	3.000	 2.0	 1.0
1	2011	277	24463.0	 23.0	 32.0	3.000	 2.0	 1.0
1	2011	278	23605.0	 23.0	 32.0	3.000	 2.0	 0.0
1	2011	279	22797.0	 24.0	 32.0	3.000	 2.0	 0.0
1	2011	280	16512.0	 23.0	 29.0	3.000	 2.0	10.0
1	2011	281	19190.0	 23.0	 30.0	3.000	 1.0	 2.0
1	2011	282	20625.0	 23.0	 31.0	3.000	 1.0	 2.0
1	2011	283	15379.0	 23.0	 29.0	3.000	 2.0	 0.0
1	2011	284	22082.0	 22.0	 31.0	3.000	 1.0	 0.0
1	2011	285	22698.0	 23.0	 31.0	3.000	 2.0	 2.0
1	2011	286	18209.0	 23.0	 30.0	3.000	 1.0	 6.0
1	2011	287	18624.0	 23.0	 30.0	3.000	 2.0	 1.0
1	2011	288	19015.0	 23.0	 30.0	3.000	 1.0	 0.0
1	2011	289	17738.0	 23.0	 31.0	3.000	 2.0	 0.0
1	2011	290	23132.0	 22.0	 32.0	3.000	 1.0	 0.0
1	2011	291	22968.0	 24.0	 33.0	3.000	 2.0	 3.0
1	2011	292	21787.0	 23.0	 32.0	3.000	 2.0	 0.0
1	2011	293	23101.0	 23.0	 33.0	3.000	 1.0	 1.0
1	2011	294	21101.0	 24.0	 32.0	3.000	 2.0	 1.0
1	2011	295	22224.0	 23.0	 32.0	3.000	 2.0	 0.0
1	2011	296	17069.0	 23.0	 30.0	3.000	 2.0	10.0
1	2011	297	22714.0	 22.0	 33.0	3.000	 1.0	 0.0
1	2011	298	21281.0	 23.0	 32.0	3.000	 3.0	 0.0
1	2011	299	20270.0	 22.0	 31.0	3.000	 2.0	 1.0
1	2011	300	20644.0	 23.0	 32.0	3.000	 1.0	 0.0
1	2011	301	21823.0	 22.0	 32.0	3.000	 2.0	 0.0
1	2011	302	22551.0	 21.0	 33.0	2.000	 2.0	 0.0
1	2011	303	22100.0	 21.0	 34.0	2.000	 1.0	 0.0
1	2011	304	22237.0	 23.0	 34.0	2.000	 1.0	 0.0
1	2011	305	21309.0	 23.0	 34.0	2.000	 1.0	 0.0
1	2011	306	22901.0	 23.0	 34.0	2.000	 1.0	 0.0
1	2011	307	21384.0	 22.0	 34.0	2.000	 1.0	 0.0
1	2011	308	20362.0	 22.0	 34.0	2.000	 1.0	 0.0
1	2011	309	19755.0	 23.0	 33.0	2.000	 2.0	 0.0
1	2011	310	21262.0	 22.0	 34.0	2.000	 1.0	 0.0
1	2011	311	20356.0	 23.0	 34.0	2.000	 2.0	 0.0
1	2011	312	22304.0	 23.0	 35.0	2.000	 1.0	 0.0
1	2011	313	21747.0	 23.0	 35.0	2.000	 0.0	 0.0
1	2011	314	20662.0	 23.0	 35.0	2.000	 1.0	 0.0
1	2011	315	21496.0	 23.0	 35.0	2.000	 1.0	 0.0
1	2011	316	18891.0	 23.0	 34.0	2.000	 1.0	 0.0
1	2011	317	22214.0	 22.0	 35.0	2.000	 1.0	 0.0
1	2011	318	22126.0	 19.0	 35.0	2.000	 1.0	 0.0
1	2011	319	22699.0	 19.0	 34.0	2.000	 1.0	 0.0
1	2011	320	22543.0	 19.0	 34.0	1.000	 2.0	 0.0
1	2011	321	23041.0	 19.0	 35.0	1.000	 2.0	 0.0
1	2011	322	21547.0	 19.0	 34.0	1.000	 2.0	 0.0
1	2011	323	20621.0	 21.0	 34.0	2.000	 1.0	 0.0
1	2011	324	21379.0	 22.0	 36.0	2.000	 2.0	 0.0
1	2011	325	20063.0	 22.0	 35.0	2.000	 1.0	 0.0
1	2011	326	19934.0	 22.0	 35.0	2.000	 1.0	 0.0
1	2011	327	21591.0	 21.0	 35.0	2.000	 1.0	 0.0
1	2011	328	21900.0	 20.0	 34.0	2.000	 1.0	 0.0
1	2011	329	20582.0	 21.0	 34.0	2.000	 1.0	 0.0
1	2011	330	21968.0	 20.0	 34.0	1.000	 2.0	 0.0
1	2011	331	21459.0	 20.0	 34.0	2.000	 1.0	 0.0
1	2011	332	22011.0	 20.0	 35.0	1.000	 2.0	 0.0
1	2011	333	21869.0	 22.0	 34.0	1.000	 3.0	 0.0
1	2011	334	22496.0	 20.0	 34.0	1.000	 3.0	 0.0
1	2011	335	22411.0	 19.0	 34.0	1.000	 3.0	 0.0
1	2011	336	22238.0	 18.0	 34.0	1.000	 3.0	 0.0
1	2011	337	22256.0	 18.0	 34.0	1.000	 3.0	 0.0
1	2011	338	22255.0	 18.0	 34.0	1.000	 3.0	 0.0
1	2011	339	21816.0	 18.0	 34.0	1.000	 2.0	 0.0
1	2011	340	21641.0	 18.0	 35.0	1.000	 3.0	 0.0
1	2011	341	21613.0	 20.0	 35.0	1.000	 3.0	 0.0
1	2011	342	21500.0	 21.0	 35.0	1.000	 3.0	 0.0
1	2011	343	21575.0	 20.0	 34.0	1.000	 3.0	 0.0
1	2011	344	21817.0	 18.0	 33.0	1.000	 3.0	 0.0
1	2011	345	21853.0	 18.0	 33.0	1.000	 3.0	 0.0
1	2011	346	21576.0	 19.0	 33.0	1.000	 3.0	 0.0
1	2011	347	21480.0	 19.0	 33.0	1.000	 3.0	 0.0
1	2011	348	21592.0	 18.0	 33.0	1.000	 3.0	 0.0
1	2011	349	21442.0	 17.0	 33.0	1.000	 3.0	 0.0
1	2011	350	21432.0	 18.0	 33.0	1.000	 3.0	 0.0
1	2011	351	21407.0	 18.0	 34.0	1.000	 2.0	 0.0
1	2011	352	21318.0	 17.0	 34.0	1.000	 2.0	 0.0
1	2011	353	21067.0	 17.0	 34.0	1.000	 1.0	 0.0
1	2011	354	20935.0	 19.0	 34.0	1.000	 1.0	 0.0
1	2011	355	20199.0	 21.0	 34.0	1.000	 3.0	 0.0
1	2011	356	20982.0	 20.0	 34.0	1.000	 3.0	 0.0
1	2011	357	20923.0	 19.0	 34.0	1.000	 3.0	 0.0
1	2011	358	21010.0	 18.0	 34.0	1.000	 3.0	 0.0
1	2011	359	20728.0	 19.0	 34.0	1.000	 3.0	 0.0
1	2011	360	20654.0	 19.0	 34.0	1.000	 3.0	 0.0
1	2011	361	20659.0	 20.0	 35.0	1.000	 3.0	 0.0
1	2011	362	20732.0	 20.0	 34.0	1.000	 3.0	 0.0
1	2011	363	20873.0	 20.0	 33.0	1.000	 3.0	 0.0
1	2011	364	20774.0	 19.0	 32.0	1.000	 3.0	 0.0
1	2011	365	21168.0	 17.0	 32.0	1.000	 3.0	 0.0
