*---------------------------------------------------
* Station: Upper_West
* Year: 2010
* Origin: ERA5-Reanalysis
* Columns & units
* ===================
* 1. station number
* 2. year
* 3. Day of Year
* 4. Irradiance   (kJ路m-2路d-1)
* 5. Daily minimum temperature (degC)
* 6. Daily maximum temperature (degC)
* 7. Vapour pressure (kPa)
* 8. Mean wind speed (m路s-1)
* 9. Precipitation (mm路d-1)
** WCCDESCRIPTION=Upper_West
** WCCFORMAT=2
** WCCYEARNR=2010
*------------------------------------------------------------*
-2.21  10.42  237.00 -0.18  -0.55
1	2010	1	21001.0	 19.0	 35.0	1.000	 2.0	 0.0
1	2010	2	21160.0	 19.0	 35.0	1.000	 2.0	 0.0
1	2010	3	21542.0	 19.0	 35.0	1.000	 3.0	 0.0
1	2010	4	21756.0	 18.0	 34.0	1.000	 2.0	 0.0
1	2010	5	21767.0	 18.0	 34.0	1.000	 1.0	 0.0
1	2010	6	21544.0	 16.0	 35.0	1.000	 1.0	 0.0
1	2010	7	21437.0	 17.0	 35.0	1.000	 1.0	 0.0
1	2010	8	21514.0	 19.0	 36.0	1.000	 2.0	 0.0
1	2010	9	21546.0	 19.0	 36.0	1.000	 2.0	 0.0
1	2010	10	21366.0	 18.0	 35.0	1.000	 2.0	 0.0
1	2010	11	21173.0	 20.0	 36.0	1.000	 3.0	 0.0
1	2010	12	21835.0	 19.0	 36.0	1.000	 3.0	 0.0
1	2010	13	21555.0	 19.0	 37.0	1.000	 3.0	 0.0
1	2010	14	21800.0	 18.0	 37.0	1.000	 2.0	 0.0
1	2010	15	21950.0	 20.0	 37.0	1.000	 2.0	 0.0
1	2010	16	22349.0	 19.0	 36.0	1.000	 3.0	 0.0
1	2010	17	22457.0	 18.0	 36.0	1.000	 3.0	 0.0
1	2010	18	22427.0	 20.0	 35.0	1.000	 4.0	 0.0
1	2010	19	22431.0	 19.0	 35.0	1.000	 4.0	 0.0
1	2010	20	22655.0	 18.0	 34.0	1.000	 3.0	 0.0
1	2010	21	22349.0	 19.0	 35.0	1.000	 3.0	 0.0
1	2010	22	21998.0	 19.0	 35.0	1.000	 3.0	 0.0
1	2010	23	22095.0	 20.0	 36.0	1.000	 3.0	 0.0
1	2010	24	21487.0	 21.0	 36.0	1.000	 2.0	 0.0
1	2010	25	20852.0	 21.0	 37.0	1.000	 1.0	 0.0
1	2010	26	21654.0	 20.0	 37.0	1.000	 2.0	 0.0
1	2010	27	21993.0	 21.0	 37.0	1.000	 2.0	 0.0
1	2010	28	21367.0	 20.0	 37.0	1.000	 2.0	 0.0
1	2010	29	22483.0	 21.0	 39.0	1.000	 3.0	 0.0
1	2010	30	22713.0	 20.0	 39.0	1.000	 4.0	 0.0
1	2010	31	22577.0	 22.0	 38.0	1.000	 4.0	 0.0
1	2010	32	22842.0	 22.0	 37.0	1.000	 3.0	 0.0
1	2010	33	22886.0	 21.0	 37.0	1.000	 3.0	 0.0
1	2010	34	23176.0	 21.0	 38.0	1.000	 3.0	 0.0
1	2010	35	23193.0	 22.0	 38.0	1.000	 3.0	 0.0
1	2010	36	23318.0	 23.0	 38.0	1.000	 4.0	 0.0
1	2010	37	23447.0	 23.0	 37.0	1.000	 4.0	 0.0
1	2010	38	23379.0	 22.0	 36.0	1.000	 3.0	 0.0
1	2010	39	23612.0	 20.0	 36.0	1.000	 3.0	 0.0
1	2010	40	23673.0	 20.0	 36.0	1.000	 2.0	 0.0
1	2010	41	23378.0	 20.0	 36.0	1.000	 1.0	 0.0
1	2010	42	22108.0	 22.0	 37.0	1.000	 2.0	 0.0
1	2010	43	18580.0	 23.0	 36.0	2.000	 2.0	 4.0
1	2010	44	17251.0	 23.0	 33.0	3.000	 3.0	 0.0
1	2010	45	19905.0	 24.0	 37.0	2.000	 1.0	 0.0
1	2010	46	19010.0	 26.0	 37.0	2.000	 3.0	 0.0
1	2010	47	20830.0	 26.0	 38.0	2.000	 2.0	 0.0
1	2010	48	20398.0	 26.0	 38.0	2.000	 1.0	 0.0
1	2010	49	20522.0	 27.0	 39.0	2.000	 1.0	 0.0
1	2010	50	21605.0	 28.0	 40.0	2.000	 2.0	 0.0
1	2010	51	20893.0	 28.0	 40.0	2.000	 2.0	 0.0
1	2010	52	22207.0	 27.0	 41.0	1.000	 0.0	 0.0
1	2010	53	23484.0	 25.0	 41.0	1.000	 2.0	 0.0
1	2010	54	23194.0	 25.0	 40.0	2.000	 1.0	 0.0
1	2010	55	22380.0	 25.0	 41.0	1.000	 0.0	 0.0
1	2010	56	24677.0	 23.0	 41.0	1.000	 2.0	 0.0
1	2010	57	22212.0	 26.0	 40.0	2.000	 2.0	 0.0
1	2010	58	23001.0	 27.0	 41.0	2.000	 1.0	 0.0
1	2010	59	23943.0	 26.0	 41.0	1.000	 1.0	 0.0
1	2010	60	23485.0	 23.0	 40.0	2.000	 2.0	 0.0
1	2010	61	23309.0	 27.0	 40.0	2.000	 1.0	 0.0
1	2010	62	24782.0	 25.0	 41.0	1.000	 1.0	 0.0
1	2010	63	25168.0	 23.0	 41.0	1.000	 2.0	 0.0
1	2010	64	24940.0	 25.0	 40.0	1.000	 1.0	 0.0
1	2010	65	22703.0	 27.0	 39.0	2.000	 2.0	 0.0
1	2010	66	19461.0	 28.0	 39.0	2.000	 2.0	 0.0
1	2010	67	20462.0	 28.0	 39.0	2.000	 2.0	 0.0
1	2010	68	18865.0	 28.0	 38.0	3.000	 3.0	 1.0
1	2010	69	21407.0	 26.0	 38.0	2.000	 2.0	 1.0
1	2010	70	20927.0	 26.0	 38.0	2.000	 2.0	 3.0
1	2010	71	20924.0	 27.0	 38.0	2.000	 2.0	 0.0
1	2010	72	23312.0	 28.0	 40.0	2.000	 2.0	 0.0
1	2010	73	23126.0	 27.0	 39.0	2.000	 3.0	 0.0
1	2010	74	23467.0	 28.0	 40.0	2.000	 3.0	 0.0
1	2010	75	20733.0	 28.0	 38.0	2.000	 3.0	 2.0
1	2010	76	20933.0	 27.0	 39.0	2.000	 1.0	 0.0
1	2010	77	18342.0	 26.0	 38.0	2.000	 0.0	 0.0
1	2010	78	23810.0	 24.0	 40.0	1.000	 2.0	 0.0
1	2010	79	23447.0	 27.0	 40.0	2.000	 3.0	 0.0
1	2010	80	26425.0	 24.0	 39.0	1.000	 3.0	 0.0
1	2010	81	26547.0	 23.0	 39.0	1.000	 3.0	 0.0
1	2010	82	26863.0	 23.0	 39.0	1.000	 3.0	 0.0
1	2010	83	27171.0	 22.0	 39.0	1.000	 2.0	 0.0
1	2010	84	27392.0	 23.0	 39.0	1.000	 2.0	 0.0
1	2010	85	26913.0	 21.0	 40.0	1.000	 1.0	 0.0
1	2010	86	27753.0	 22.0	 40.0	1.000	 2.0	 0.0
1	2010	87	27111.0	 22.0	 40.0	1.000	 2.0	 0.0
1	2010	88	27363.0	 23.0	 40.0	1.000	 3.0	 0.0
1	2010	89	27585.0	 23.0	 41.0	1.000	 2.0	 0.0
1	2010	90	26767.0	 23.0	 40.0	1.000	 2.0	 0.0
1	2010	91	26415.0	 26.0	 41.0	2.000	 0.0	 0.0
1	2010	92	26331.0	 26.0	 41.0	1.000	 1.0	 0.0
1	2010	93	24941.0	 26.0	 40.0	1.000	 2.0	 0.0
1	2010	94	21282.0	 29.0	 39.0	2.000	 2.0	 0.0
1	2010	95	18901.0	 29.0	 38.0	2.000	 2.0	 3.0
1	2010	96	22595.0	 27.0	 39.0	2.000	 2.0	 0.0
1	2010	97	24847.0	 26.0	 39.0	2.000	 2.0	 0.0
1	2010	98	24747.0	 28.0	 41.0	2.000	 2.0	 0.0
1	2010	99	23980.0	 28.0	 40.0	2.000	 3.0	 0.0
1	2010	100	25013.0	 28.0	 40.0	2.000	 3.0	 0.0
1	2010	101	23560.0	 27.0	 39.0	2.000	 2.0	 0.0
1	2010	102	22624.0	 29.0	 39.0	2.000	 3.0	 0.0
1	2010	103	23408.0	 28.0	 39.0	3.000	 3.0	 4.0
1	2010	104	17542.0	 26.0	 34.0	3.000	 2.0	 5.0
1	2010	105	24846.0	 27.0	 38.0	3.000	 2.0	 0.0
1	2010	106	19788.0	 25.0	 37.0	3.000	 3.0	 1.0
1	2010	107	23239.0	 27.0	 36.0	3.000	 2.0	 1.0
1	2010	108	25526.0	 26.0	 40.0	3.000	 2.0	 0.0
1	2010	109	24770.0	 28.0	 40.0	3.000	 2.0	 0.0
1	2010	110	24804.0	 26.0	 39.0	2.000	 3.0	 0.0
1	2010	111	22732.0	 27.0	 39.0	3.000	 3.0	 0.0
1	2010	112	22586.0	 29.0	 38.0	3.000	 3.0	 1.0
1	2010	113	14953.0	 24.0	 33.0	3.000	 2.0	 6.0
1	2010	114	22213.0	 26.0	 35.0	3.000	 2.0	 0.0
1	2010	115	22812.0	 25.0	 36.0	3.000	 3.0	 0.0
1	2010	116	23259.0	 27.0	 38.0	3.000	 2.0	 0.0
1	2010	117	15066.0	 25.0	 31.0	3.000	 1.0	19.0
1	2010	118	23492.0	 25.0	 34.0	3.000	 2.0	 0.0
1	2010	119	25406.0	 25.0	 36.0	3.000	 2.0	 1.0
1	2010	120	23483.0	 26.0	 36.0	3.000	 3.0	 1.0
1	2010	121	23977.0	 26.0	 37.0	3.000	 2.0	 5.0
1	2010	122	20361.0	 24.0	 35.0	3.000	 3.0	 7.0
1	2010	123	24322.0	 24.0	 35.0	3.000	 3.0	 0.0
1	2010	124	24814.0	 26.0	 36.0	3.000	 3.0	 0.0
1	2010	125	23478.0	 25.0	 36.0	3.000	 3.0	 2.0
1	2010	126	17630.0	 25.0	 34.0	3.000	 3.0	 0.0
1	2010	127	23595.0	 26.0	 35.0	3.000	 2.0	 0.0
1	2010	128	23307.0	 26.0	 36.0	3.000	 2.0	 1.0
1	2010	129	25150.0	 26.0	 38.0	3.000	 2.0	 2.0
1	2010	130	25251.0	 26.0	 37.0	3.000	 3.0	 0.0
1	2010	131	24213.0	 27.0	 37.0	3.000	 2.0	 1.0
1	2010	132	23702.0	 26.0	 37.0	3.000	 2.0	 0.0
1	2010	133	24977.0	 25.0	 37.0	3.000	 3.0	 0.0
1	2010	134	24789.0	 27.0	 38.0	3.000	 3.0	 0.0
1	2010	135	20315.0	 27.0	 35.0	3.000	 3.0	 0.0
1	2010	136	24306.0	 26.0	 37.0	3.000	 3.0	 0.0
1	2010	137	24355.0	 27.0	 37.0	3.000	 2.0	 1.0
1	2010	138	22055.0	 26.0	 36.0	3.000	 3.0	 1.0
1	2010	139	24209.0	 27.0	 37.0	3.000	 3.0	 3.0
1	2010	140	18459.0	 24.0	 34.0	3.000	 2.0	 3.0
1	2010	141	19050.0	 24.0	 32.0	3.000	 2.0	 4.0
1	2010	142	22419.0	 25.0	 34.0	3.000	 2.0	 0.0
1	2010	143	23032.0	 26.0	 35.0	3.000	 2.0	 0.0
1	2010	144	17714.0	 26.0	 33.0	3.000	 2.0	 0.0
1	2010	145	22297.0	 25.0	 35.0	3.000	 2.0	 0.0
1	2010	146	22693.0	 26.0	 36.0	3.000	 3.0	 0.0
1	2010	147	16585.0	 26.0	 34.0	3.000	 3.0	 0.0
1	2010	148	22263.0	 26.0	 35.0	3.000	 2.0	 0.0
1	2010	149	21380.0	 26.0	 34.0	3.000	 1.0	 4.0
1	2010	150	20927.0	 24.0	 35.0	3.000	 2.0	 0.0
1	2010	151	23229.0	 26.0	 36.0	3.000	 3.0	 2.0
1	2010	152	20113.0	 26.0	 34.0	3.000	 2.0	 1.0
1	2010	153	19273.0	 25.0	 32.0	3.000	 2.0	 4.0
1	2010	154	24551.0	 23.0	 34.0	3.000	 2.0	 2.0
1	2010	155	12013.0	 24.0	 30.0	3.000	 1.0	 4.0
1	2010	156	19880.0	 24.0	 32.0	3.000	 2.0	 1.0
1	2010	157	24494.0	 24.0	 34.0	3.000	 1.0	 0.0
1	2010	158	23426.0	 26.0	 35.0	3.000	 3.0	 0.0
1	2010	159	19868.0	 25.0	 33.0	3.000	 3.0	 5.0
1	2010	160	17668.0	 24.0	 32.0	3.000	 3.0	 4.0
1	2010	161	11762.0	 23.0	 29.0	3.000	 2.0	11.0
1	2010	162	18089.0	 22.0	 31.0	3.000	 1.0	 0.0
1	2010	163	23342.0	 24.0	 34.0	3.000	 2.0	 0.0
1	2010	164	18230.0	 24.0	 34.0	3.000	 3.0	 0.0
1	2010	165	15271.0	 24.0	 32.0	3.000	 3.0	 1.0
1	2010	166	17488.0	 24.0	 32.0	3.000	 3.0	 0.0
1	2010	167	23424.0	 23.0	 34.0	3.000	 3.0	 0.0
1	2010	168	16224.0	 24.0	 32.0	3.000	 2.0	 1.0
1	2010	169	21004.0	 24.0	 33.0	3.000	 2.0	 3.0
1	2010	170	23607.0	 24.0	 34.0	3.000	 2.0	 0.0
1	2010	171	22925.0	 24.0	 34.0	3.000	 2.0	 9.0
1	2010	172	21638.0	 24.0	 32.0	3.000	 2.0	 2.0
1	2010	173	19479.0	 24.0	 32.0	3.000	 1.0	 1.0
1	2010	174	21275.0	 23.0	 32.0	3.000	 2.0	15.0
1	2010	175	17277.0	 24.0	 32.0	3.000	 4.0	 6.0
1	2010	176	13424.0	 23.0	 30.0	3.000	 4.0	 1.0
1	2010	177	9297.0	 23.0	 28.0	3.000	 3.0	 2.0
1	2010	178	15778.0	 23.0	 29.0	3.000	 2.0	 5.0
1	2010	179	19444.0	 23.0	 31.0	3.000	 2.0	 0.0
1	2010	180	21686.0	 23.0	 33.0	3.000	 2.0	 0.0
1	2010	181	19405.0	 24.0	 33.0	3.000	 2.0	 0.0
1	2010	182	22613.0	 24.0	 32.0	3.000	 3.0	 3.0
1	2010	183	21144.0	 23.0	 32.0	3.000	 3.0	 1.0
1	2010	184	21433.0	 24.0	 32.0	3.000	 2.0	 1.0
1	2010	185	23303.0	 24.0	 33.0	3.000	 2.0	 2.0
1	2010	186	23269.0	 24.0	 33.0	3.000	 2.0	 5.0
1	2010	187	16814.0	 24.0	 31.0	3.000	 3.0	 3.0
1	2010	188	19648.0	 23.0	 31.0	3.000	 3.0	 1.0
1	2010	189	22022.0	 24.0	 32.0	3.000	 2.0	 1.0
1	2010	190	22035.0	 24.0	 33.0	3.000	 2.0	 2.0
1	2010	191	20425.0	 23.0	 31.0	3.000	 2.0	 8.0
1	2010	192	12277.0	 23.0	 28.0	3.000	 3.0	18.0
1	2010	193	14166.0	 22.0	 28.0	3.000	 2.0	 5.0
1	2010	194	16823.0	 22.0	 30.0	3.000	 2.0	 0.0
1	2010	195	22798.0	 23.0	 31.0	3.000	 2.0	 6.0
1	2010	196	16187.0	 22.0	 29.0	3.000	 4.0	 5.0
1	2010	197	12506.0	 23.0	 28.0	3.000	 4.0	14.0
1	2010	198	15262.0	 22.0	 28.0	3.000	 3.0	10.0
1	2010	199	20524.0	 22.0	 29.0	3.000	 2.0	 8.0
1	2010	200	22042.0	 23.0	 30.0	3.000	 2.0	 5.0
1	2010	201	16095.0	 23.0	 30.0	3.000	 4.0	 0.0
1	2010	202	16939.0	 23.0	 29.0	3.000	 4.0	 4.0
1	2010	203	20360.0	 22.0	 29.0	3.000	 3.0	 6.0
1	2010	204	5412.0	 22.0	 24.0	3.000	 4.0	43.0
1	2010	205	9371.0	 22.0	 26.0	3.000	 3.0	 6.0
1	2010	206	18524.0	 22.0	 28.0	3.000	 3.0	 0.0
1	2010	207	24988.0	 22.0	 31.0	3.000	 3.0	 1.0
1	2010	208	15599.0	 23.0	 29.0	3.000	 3.0	 7.0
1	2010	209	16636.0	 23.0	 29.0	3.000	 2.0	 7.0
1	2010	210	19953.0	 22.0	 29.0	3.000	 2.0	 8.0
1	2010	211	16109.0	 23.0	 29.0	3.000	 2.0	 2.0
1	2010	212	14797.0	 22.0	 28.0	3.000	 2.0	 1.0
1	2010	213	21549.0	 22.0	 30.0	3.000	 2.0	 1.0
1	2010	214	16823.0	 23.0	 29.0	3.000	 1.0	 2.0
1	2010	215	19946.0	 22.0	 30.0	3.000	 2.0	 5.0
1	2010	216	13390.0	 23.0	 29.0	3.000	 3.0	 2.0
1	2010	217	18474.0	 23.0	 30.0	3.000	 3.0	 0.0
1	2010	218	19675.0	 23.0	 30.0	3.000	 2.0	 8.0
1	2010	219	18925.0	 23.0	 30.0	3.000	 2.0	 1.0
1	2010	220	11382.0	 23.0	 28.0	3.000	 3.0	18.0
1	2010	221	18566.0	 22.0	 29.0	3.000	 3.0	 2.0
1	2010	222	21824.0	 23.0	 30.0	3.000	 3.0	 0.0
1	2010	223	6984.0	 23.0	 26.0	3.000	 3.0	12.0
1	2010	224	12297.0	 23.0	 28.0	3.000	 3.0	 7.0
1	2010	225	16852.0	 23.0	 28.0	3.000	 3.0	 8.0
1	2010	226	15659.0	 22.0	 28.0	3.000	 2.0	32.0
1	2010	227	19681.0	 22.0	 30.0	3.000	 1.0	 2.0
1	2010	228	21409.0	 23.0	 31.0	3.000	 1.0	 2.0
1	2010	229	15138.0	 23.0	 29.0	3.000	 2.0	 6.0
1	2010	230	16750.0	 22.0	 29.0	3.000	 3.0	 8.0
1	2010	231	15205.0	 22.0	 29.0	3.000	 2.0	 1.0
1	2010	232	20542.0	 23.0	 30.0	3.000	 2.0	 7.0
1	2010	233	15170.0	 22.0	 30.0	3.000	 1.0	 5.0
1	2010	234	15513.0	 22.0	 29.0	3.000	 2.0	 1.0
1	2010	235	17002.0	 23.0	 28.0	3.000	 2.0	 3.0
1	2010	236	19836.0	 22.0	 30.0	3.000	 2.0	 6.0
1	2010	237	16601.0	 22.0	 30.0	3.000	 2.0	 2.0
1	2010	238	21883.0	 22.0	 30.0	3.000	 1.0	 4.0
1	2010	239	21252.0	 22.0	 30.0	3.000	 2.0	 6.0
1	2010	240	20843.0	 22.0	 30.0	3.000	 2.0	 3.0
1	2010	241	18398.0	 23.0	 30.0	3.000	 2.0	 4.0
1	2010	242	18121.0	 23.0	 30.0	3.000	 2.0	 4.0
1	2010	243	10571.0	 23.0	 27.0	3.000	 2.0	 8.0
1	2010	244	8032.0	 22.0	 27.0	3.000	 3.0	22.0
1	2010	245	18133.0	 22.0	 29.0	3.000	 2.0	 3.0
1	2010	246	14538.0	 23.0	 28.0	3.000	 1.0	18.0
1	2010	247	16398.0	 22.0	 29.0	3.000	 1.0	 3.0
1	2010	248	20013.0	 22.0	 30.0	3.000	 2.0	 6.0
1	2010	249	5470.0	 22.0	 26.0	3.000	 2.0	58.0
1	2010	250	17433.0	 22.0	 29.0	3.000	 2.0	 1.0
1	2010	251	8886.0	 22.0	 27.0	3.000	 2.0	20.0
1	2010	252	7083.0	 22.0	 25.0	3.000	 2.0	20.0
1	2010	253	18780.0	 21.0	 29.0	3.000	 2.0	 4.0
1	2010	254	19504.0	 22.0	 30.0	3.000	 1.0	 2.0
1	2010	255	17789.0	 22.0	 29.0	3.000	 1.0	 8.0
1	2010	256	12352.0	 22.0	 28.0	3.000	 1.0	14.0
1	2010	257	11794.0	 21.0	 28.0	3.000	 1.0	 3.0
1	2010	258	18006.0	 22.0	 29.0	3.000	 2.0	 4.0
1	2010	259	20397.0	 22.0	 30.0	3.000	 1.0	 9.0
1	2010	260	17344.0	 22.0	 29.0	3.000	 1.0	 7.0
1	2010	261	11099.0	 22.0	 27.0	3.000	 2.0	20.0
1	2010	262	18516.0	 22.0	 29.0	3.000	 2.0	 3.0
1	2010	263	18905.0	 22.0	 30.0	3.000	 1.0	11.0
1	2010	264	17847.0	 22.0	 29.0	3.000	 2.0	 1.0
1	2010	265	21418.0	 22.0	 30.0	3.000	 1.0	 1.0
1	2010	266	20369.0	 23.0	 30.0	3.000	 1.0	 3.0
1	2010	267	21107.0	 22.0	 30.0	3.000	 2.0	 3.0
1	2010	268	16229.0	 22.0	 29.0	3.000	 2.0	 5.0
1	2010	269	23362.0	 21.0	 30.0	3.000	 1.0	 2.0
1	2010	270	24316.0	 22.0	 31.0	3.000	 1.0	 0.0
1	2010	271	13012.0	 22.0	 28.0	3.000	 1.0	 5.0
1	2010	272	18547.0	 21.0	 30.0	3.000	 1.0	 0.0
1	2010	273	23372.0	 22.0	 31.0	3.000	 1.0	 0.0
1	2010	274	17454.0	 24.0	 31.0	3.000	 2.0	 6.0
1	2010	275	14693.0	 23.0	 29.0	3.000	 2.0	 1.0
1	2010	276	20503.0	 22.0	 31.0	3.000	 1.0	 6.0
1	2010	277	19564.0	 22.0	 30.0	3.000	 2.0	 9.0
1	2010	278	17216.0	 22.0	 29.0	3.000	 2.0	 2.0
1	2010	279	20418.0	 22.0	 30.0	3.000	 1.0	 6.0
1	2010	280	11131.0	 23.0	 28.0	3.000	 1.0	12.0
1	2010	281	12496.0	 23.0	 29.0	3.000	 2.0	 2.0
1	2010	282	20660.0	 22.0	 30.0	3.000	 2.0	 1.0
1	2010	283	24269.0	 22.0	 32.0	3.000	 1.0	 4.0
1	2010	284	16172.0	 23.0	 30.0	3.000	 2.0	 1.0
1	2010	285	21625.0	 22.0	 30.0	3.000	 1.0	14.0
1	2010	286	12933.0	 23.0	 28.0	3.000	 1.0	 3.0
1	2010	287	19125.0	 22.0	 30.0	3.000	 1.0	 7.0
1	2010	288	21104.0	 22.0	 31.0	3.000	 1.0	 1.0
1	2010	289	22398.0	 22.0	 31.0	3.000	 1.0	 0.0
1	2010	290	20604.0	 24.0	 31.0	3.000	 2.0	 1.0
1	2010	291	19560.0	 24.0	 31.0	3.000	 2.0	 2.0
1	2010	292	17540.0	 23.0	 30.0	3.000	 2.0	 0.0
1	2010	293	19272.0	 23.0	 30.0	3.000	 1.0	 2.0
1	2010	294	18043.0	 22.0	 30.0	3.000	 1.0	 1.0
1	2010	295	21550.0	 23.0	 31.0	3.000	 1.0	 5.0
1	2010	296	22831.0	 23.0	 31.0	3.000	 1.0	 0.0
1	2010	297	21383.0	 23.0	 31.0	3.000	 2.0	10.0
1	2010	298	20386.0	 22.0	 30.0	3.000	 1.0	 5.0
1	2010	299	18572.0	 22.0	 29.0	3.000	 2.0	 1.0
1	2010	300	20539.0	 22.0	 30.0	3.000	 2.0	 2.0
1	2010	301	15379.0	 23.0	 30.0	3.000	 1.0	 0.0
1	2010	302	22060.0	 22.0	 32.0	3.000	 1.0	 0.0
1	2010	303	21894.0	 23.0	 32.0	3.000	 1.0	 0.0
1	2010	304	22106.0	 23.0	 32.0	3.000	 1.0	 0.0
1	2010	305	21982.0	 23.0	 32.0	3.000	 2.0	 0.0
1	2010	306	20895.0	 23.0	 32.0	3.000	 1.0	 0.0
1	2010	307	21450.0	 23.0	 33.0	3.000	 0.0	 0.0
1	2010	308	21478.0	 23.0	 33.0	3.000	 1.0	 0.0
1	2010	309	21015.0	 23.0	 33.0	3.000	 2.0	 2.0
1	2010	310	20046.0	 24.0	 33.0	3.000	 1.0	 6.0
1	2010	311	10285.0	 24.0	 30.0	3.000	 2.0	 0.0
1	2010	312	19655.0	 21.0	 31.0	2.000	 1.0	 0.0
1	2010	313	21052.0	 22.0	 34.0	2.000	 0.0	 0.0
1	2010	314	21140.0	 22.0	 34.0	2.000	 1.0	 0.0
1	2010	315	20657.0	 23.0	 34.0	2.000	 1.0	 0.0
1	2010	316	22648.0	 23.0	 36.0	2.000	 1.0	 0.0
1	2010	317	22361.0	 19.0	 34.0	2.000	 2.0	 0.0
1	2010	318	20477.0	 23.0	 33.0	2.000	 2.0	 0.0
1	2010	319	20787.0	 23.0	 34.0	2.000	 2.0	 0.0
1	2010	320	20267.0	 23.0	 35.0	2.000	 0.0	 0.0
1	2010	321	19064.0	 22.0	 35.0	2.000	 1.0	 0.0
1	2010	322	19345.0	 23.0	 34.0	2.000	 1.0	 0.0
1	2010	323	18948.0	 23.0	 35.0	2.000	 1.0	 0.0
1	2010	324	19779.0	 22.0	 35.0	2.000	 1.0	 0.0
1	2010	325	20813.0	 21.0	 35.0	2.000	 1.0	 0.0
1	2010	326	20853.0	 23.0	 35.0	2.000	 2.0	 0.0
1	2010	327	19824.0	 23.0	 34.0	2.000	 1.0	 0.0
1	2010	328	22181.0	 20.0	 35.0	1.000	 2.0	 0.0
1	2010	329	22104.0	 20.0	 36.0	1.000	 2.0	 0.0
1	2010	330	22007.0	 20.0	 35.0	1.000	 2.0	 0.0
1	2010	331	21683.0	 19.0	 35.0	1.000	 1.0	 0.0
1	2010	332	20337.0	 23.0	 35.0	2.000	 1.0	 0.0
1	2010	333	21405.0	 21.0	 36.0	2.000	 2.0	 0.0
1	2010	334	22122.0	 19.0	 36.0	1.000	 2.0	 0.0
1	2010	335	22149.0	 18.0	 34.0	1.000	 2.0	 0.0
1	2010	336	22027.0	 18.0	 34.0	1.000	 1.0	 0.0
1	2010	337	20740.0	 18.0	 34.0	1.000	 1.0	 0.0
1	2010	338	21435.0	 20.0	 35.0	1.000	 2.0	 0.0
1	2010	339	21327.0	 20.0	 35.0	1.000	 2.0	 0.0
1	2010	340	21487.0	 19.0	 34.0	1.000	 2.0	 0.0
1	2010	341	21499.0	 19.0	 34.0	1.000	 2.0	 0.0
1	2010	342	21431.0	 18.0	 34.0	1.000	 3.0	 0.0
1	2010	343	21756.0	 19.0	 33.0	1.000	 3.0	 0.0
1	2010	344	21926.0	 18.0	 34.0	1.000	 3.0	 0.0
1	2010	345	21819.0	 17.0	 33.0	1.000	 3.0	 0.0
1	2010	346	21901.0	 15.0	 33.0	1.000	 2.0	 0.0
1	2010	347	21445.0	 16.0	 33.0	1.000	 2.0	 0.0
1	2010	348	20514.0	 18.0	 34.0	1.000	 2.0	 0.0
1	2010	349	20608.0	 19.0	 35.0	1.000	 3.0	 0.0
1	2010	350	20931.0	 20.0	 36.0	1.000	 2.0	 0.0
1	2010	351	20770.0	 20.0	 37.0	1.000	 2.0	 0.0
1	2010	352	20813.0	 21.0	 36.0	1.000	 3.0	 0.0
1	2010	353	20610.0	 21.0	 36.0	1.000	 2.0	 0.0
1	2010	354	20633.0	 20.0	 36.0	1.000	 2.0	 0.0
1	2010	355	21109.0	 21.0	 36.0	1.000	 3.0	 0.0
1	2010	356	21338.0	 18.0	 34.0	1.000	 2.0	 0.0
1	2010	357	21128.0	 18.0	 34.0	1.000	 2.0	 0.0
1	2010	358	20960.0	 18.0	 35.0	1.000	 2.0	 0.0
1	2010	359	21425.0	 19.0	 34.0	1.000	 3.0	 0.0
1	2010	360	21018.0	 20.0	 34.0	1.000	 1.0	 0.0
1	2010	361	20657.0	 18.0	 35.0	1.000	 1.0	 0.0
1	2010	362	19703.0	 20.0	 35.0	1.000	 3.0	 0.0
1	2010	363	20857.0	 20.0	 34.0	1.000	 3.0	 0.0
1	2010	364	20794.0	 20.0	 33.0	1.000	 3.0	 0.0
1	2010	365	20812.0	 18.0	 32.0	1.000	 3.0	 0.0
