*---------------------------------------------------
* Station: Upper_West
* Year: 2016
* Origin: ERA5-Reanalysis
* Columns & units
* ===================
* 1. station number
* 2. year
* 3. Day of Year
* 4. Irradiance   (kJ路m-2路d-1)
* 5. Daily minimum temperature (degC)
* 6. Daily maximum temperature (degC)
* 7. Vapour pressure (kPa)
* 8. Mean wind speed (m路s-1)
* 9. Precipitation (mm路d-1)
** WCCDESCRIPTION=Upper_West
** WCCFORMAT=2
** WCCYEARNR=2016
*------------------------------------------------------------*
-2.21  10.42  237.00 -0.18  -0.55
1	2016	1	21041.0	 20.0	 34.0	1.000	 3.0	 0.0
1	2016	2	21107.0	 19.0	 34.0	1.000	 3.0	 0.0
1	2016	3	20797.0	 20.0	 34.0	1.000	 4.0	 0.0
1	2016	4	16887.0	 19.0	 33.0	1.000	 3.0	 0.0
1	2016	5	17468.0	 19.0	 33.0	1.000	 3.0	 0.0
1	2016	6	20590.0	 21.0	 32.0	1.000	 5.0	 0.0
1	2016	7	16282.0	 20.0	 33.0	1.000	 4.0	 0.0
1	2016	8	17978.0	 23.0	 37.0	1.000	 4.0	 0.0
1	2016	9	20844.0	 21.0	 38.0	1.000	 3.0	 0.0
1	2016	10	21706.0	 20.0	 38.0	1.000	 3.0	 0.0
1	2016	11	21784.0	 21.0	 38.0	1.000	 3.0	 0.0
1	2016	12	21695.0	 21.0	 37.0	1.000	 3.0	 0.0
1	2016	13	22007.0	 20.0	 36.0	1.000	 3.0	 0.0
1	2016	14	21950.0	 19.0	 35.0	1.000	 3.0	 0.0
1	2016	15	21757.0	 20.0	 36.0	1.000	 2.0	 0.0
1	2016	16	21857.0	 20.0	 36.0	1.000	 3.0	 0.0
1	2016	17	21925.0	 20.0	 37.0	1.000	 3.0	 0.0
1	2016	18	21971.0	 20.0	 36.0	1.000	 3.0	 0.0
1	2016	19	22009.0	 21.0	 36.0	1.000	 3.0	 0.0
1	2016	20	21758.0	 21.0	 36.0	1.000	 3.0	 0.0
1	2016	21	21552.0	 21.0	 36.0	1.000	 4.0	 0.0
1	2016	22	22239.0	 20.0	 36.0	1.000	 4.0	 0.0
1	2016	23	21401.0	 20.0	 35.0	1.000	 4.0	 0.0
1	2016	24	18233.0	 22.0	 34.0	1.000	 4.0	 0.0
1	2016	25	21939.0	 21.0	 34.0	1.000	 4.0	 0.0
1	2016	26	19848.0	 22.0	 34.0	1.000	 4.0	 0.0
1	2016	27	21652.0	 23.0	 34.0	1.000	 4.0	 0.0
1	2016	28	22446.0	 20.0	 34.0	1.000	 4.0	 0.0
1	2016	29	22460.0	 19.0	 33.0	0.000	 4.0	 0.0
1	2016	30	22419.0	 19.0	 34.0	1.000	 3.0	 0.0
1	2016	31	22635.0	 19.0	 35.0	1.000	 3.0	 0.0
1	2016	32	23162.0	 19.0	 35.0	0.000	 3.0	 0.0
1	2016	33	23183.0	 19.0	 34.0	1.000	 3.0	 0.0
1	2016	34	23123.0	 18.0	 35.0	1.000	 3.0	 0.0
1	2016	35	22940.0	 20.0	 37.0	1.000	 3.0	 0.0
1	2016	36	22920.0	 21.0	 37.0	1.000	 3.0	 0.0
1	2016	37	23138.0	 22.0	 38.0	1.000	 4.0	 0.0
1	2016	38	23515.0	 23.0	 37.0	1.000	 4.0	 0.0
1	2016	39	23588.0	 20.0	 36.0	1.000	 3.0	 0.0
1	2016	40	23740.0	 21.0	 36.0	1.000	 3.0	 0.0
1	2016	41	24019.0	 20.0	 35.0	1.000	 3.0	 0.0
1	2016	42	24087.0	 20.0	 35.0	1.000	 3.0	 0.0
1	2016	43	24046.0	 20.0	 36.0	1.000	 3.0	 0.0
1	2016	44	24178.0	 19.0	 36.0	1.000	 3.0	 0.0
1	2016	45	23773.0	 21.0	 37.0	1.000	 2.0	 0.0
1	2016	46	20928.0	 21.0	 37.0	1.000	 2.0	 0.0
1	2016	47	19986.0	 23.0	 38.0	1.000	 2.0	 0.0
1	2016	48	22542.0	 24.0	 39.0	1.000	 2.0	 0.0
1	2016	49	23487.0	 24.0	 38.0	1.000	 3.0	 0.0
1	2016	50	23976.0	 22.0	 39.0	1.000	 2.0	 0.0
1	2016	51	24167.0	 22.0	 41.0	1.000	 3.0	 0.0
1	2016	52	24688.0	 25.0	 39.0	1.000	 4.0	 0.0
1	2016	53	24193.0	 23.0	 40.0	1.000	 3.0	 0.0
1	2016	54	22953.0	 24.0	 40.0	1.000	 3.0	 0.0
1	2016	55	24511.0	 23.0	 39.0	1.000	 3.0	 0.0
1	2016	56	25318.0	 23.0	 39.0	1.000	 3.0	 0.0
1	2016	57	25132.0	 23.0	 39.0	1.000	 2.0	 0.0
1	2016	58	25005.0	 22.0	 39.0	1.000	 1.0	 0.0
1	2016	59	23211.0	 23.0	 39.0	1.000	 1.0	 0.0
1	2016	60	23123.0	 26.0	 39.0	2.000	 1.0	 0.0
1	2016	61	22459.0	 27.0	 39.0	2.000	 1.0	 0.0
1	2016	62	24859.0	 24.0	 41.0	1.000	 2.0	 0.0
1	2016	63	24923.0	 24.0	 40.0	1.000	 2.0	 0.0
1	2016	64	25553.0	 23.0	 40.0	1.000	 2.0	 0.0
1	2016	65	25126.0	 22.0	 40.0	1.000	 2.0	 0.0
1	2016	66	25836.0	 23.0	 40.0	1.000	 1.0	 0.0
1	2016	67	25261.0	 23.0	 40.0	1.000	 3.0	 0.0
1	2016	68	21902.0	 24.0	 39.0	1.000	 1.0	 0.0
1	2016	69	23842.0	 27.0	 40.0	1.000	 1.0	 0.0
1	2016	70	24488.0	 26.0	 41.0	1.000	 2.0	 0.0
1	2016	71	20365.0	 27.0	 38.0	3.000	 2.0	 6.0
1	2016	72	20578.0	 25.0	 36.0	3.000	 3.0	 8.0
1	2016	73	21874.0	 26.0	 35.0	3.000	 3.0	 4.0
1	2016	74	21426.0	 25.0	 34.0	3.000	 3.0	 5.0
1	2016	75	21862.0	 25.0	 35.0	3.000	 1.0	 1.0
1	2016	76	21055.0	 25.0	 36.0	2.000	 1.0	 1.0
1	2016	77	22309.0	 26.0	 38.0	2.000	 1.0	 0.0
1	2016	78	22815.0	 25.0	 38.0	2.000	 1.0	 0.0
1	2016	79	20952.0	 26.0	 38.0	2.000	 2.0	 0.0
1	2016	80	17862.0	 26.0	 39.0	2.000	 2.0	 1.0
1	2016	81	21887.0	 27.0	 39.0	2.000	 2.0	 1.0
1	2016	82	20697.0	 26.0	 38.0	3.000	 2.0	 0.0
1	2016	83	22355.0	 27.0	 39.0	2.000	 2.0	 0.0
1	2016	84	23367.0	 28.0	 38.0	2.000	 3.0	 0.0
1	2016	85	20889.0	 28.0	 38.0	3.000	 1.0	 3.0
1	2016	86	26091.0	 25.0	 37.0	1.000	 1.0	 0.0
1	2016	87	26401.0	 24.0	 39.0	1.000	 1.0	 0.0
1	2016	88	25704.0	 24.0	 39.0	1.000	 2.0	 0.0
1	2016	89	24933.0	 24.0	 40.0	2.000	 1.0	 0.0
1	2016	90	25725.0	 27.0	 41.0	2.000	 2.0	 0.0
1	2016	91	23392.0	 29.0	 40.0	3.000	 4.0	 0.0
1	2016	92	22108.0	 27.0	 40.0	2.000	 2.0	 0.0
1	2016	93	23226.0	 27.0	 39.0	2.000	 3.0	 0.0
1	2016	94	22072.0	 28.0	 38.0	2.000	 2.0	 0.0
1	2016	95	22968.0	 28.0	 39.0	2.000	 2.0	 2.0
1	2016	96	21394.0	 27.0	 39.0	2.000	 4.0	 0.0
1	2016	97	25055.0	 27.0	 39.0	2.000	 3.0	 0.0
1	2016	98	20664.0	 28.0	 38.0	3.000	 3.0	 1.0
1	2016	99	22094.0	 27.0	 37.0	3.000	 3.0	 1.0
1	2016	100	22327.0	 25.0	 36.0	3.000	 0.0	 4.0
1	2016	101	22172.0	 26.0	 37.0	3.000	 1.0	 1.0
1	2016	102	21451.0	 26.0	 37.0	3.000	 2.0	 7.0
1	2016	103	23194.0	 25.0	 38.0	3.000	 2.0	 3.0
1	2016	104	25454.0	 26.0	 38.0	3.000	 2.0	 0.0
1	2016	105	22918.0	 27.0	 39.0	3.000	 2.0	 0.0
1	2016	106	23654.0	 29.0	 39.0	3.000	 3.0	 0.0
1	2016	107	19119.0	 28.0	 37.0	3.000	 2.0	10.0
1	2016	108	25053.0	 26.0	 39.0	3.000	 1.0	 0.0
1	2016	109	23121.0	 26.0	 37.0	3.000	 2.0	 0.0
1	2016	110	25481.0	 26.0	 39.0	2.000	 1.0	 0.0
1	2016	111	23537.0	 28.0	 40.0	2.000	 2.0	 0.0
1	2016	112	22984.0	 27.0	 41.0	2.000	 3.0	 0.0
1	2016	113	25069.0	 28.0	 41.0	2.000	 3.0	 0.0
1	2016	114	25286.0	 29.0	 41.0	2.000	 2.0	 0.0
1	2016	115	22578.0	 29.0	 39.0	2.000	 3.0	 0.0
1	2016	116	22763.0	 28.0	 39.0	3.000	 3.0	 1.0
1	2016	117	23285.0	 29.0	 39.0	3.000	 3.0	 1.0
1	2016	118	18508.0	 26.0	 36.0	3.000	 3.0	10.0
1	2016	119	24223.0	 25.0	 37.0	3.000	 1.0	 9.0
1	2016	120	24530.0	 25.0	 37.0	3.000	 2.0	 0.0
1	2016	121	25212.0	 27.0	 38.0	3.000	 2.0	 0.0
1	2016	122	24614.0	 27.0	 39.0	3.000	 2.0	 0.0
1	2016	123	24719.0	 27.0	 39.0	3.000	 3.0	 1.0
1	2016	124	23423.0	 27.0	 37.0	3.000	 2.0	 1.0
1	2016	125	24538.0	 26.0	 38.0	3.000	 3.0	 0.0
1	2016	126	24402.0	 26.0	 39.0	3.000	 3.0	 1.0
1	2016	127	24595.0	 26.0	 36.0	3.000	 3.0	18.0
1	2016	128	19282.0	 24.0	 34.0	3.000	 2.0	 0.0
1	2016	129	24865.0	 25.0	 36.0	3.000	 2.0	 0.0
1	2016	130	20669.0	 26.0	 35.0	3.000	 3.0	 2.0
1	2016	131	23978.0	 26.0	 37.0	3.000	 2.0	 1.0
1	2016	132	24471.0	 26.0	 37.0	3.000	 2.0	 0.0
1	2016	133	24236.0	 27.0	 38.0	3.000	 3.0	 0.0
1	2016	134	23163.0	 25.0	 36.0	3.000	 3.0	 3.0
1	2016	135	11738.0	 25.0	 32.0	3.000	 3.0	 1.0
1	2016	136	25051.0	 25.0	 36.0	3.000	 2.0	 0.0
1	2016	137	23746.0	 26.0	 36.0	3.000	 2.0	 1.0
1	2016	138	24157.0	 26.0	 36.0	3.000	 3.0	 1.0
1	2016	139	23553.0	 25.0	 35.0	3.000	 3.0	 0.0
1	2016	140	22722.0	 26.0	 35.0	3.000	 2.0	 0.0
1	2016	141	24400.0	 26.0	 37.0	3.000	 2.0	 0.0
1	2016	142	22658.0	 27.0	 36.0	3.000	 2.0	 0.0
1	2016	143	24064.0	 26.0	 38.0	3.000	 4.0	 0.0
1	2016	144	14693.0	 26.0	 34.0	3.000	 3.0	 0.0
1	2016	145	9711.0	 25.0	 29.0	3.000	 3.0	 7.0
1	2016	146	11443.0	 24.0	 29.0	3.000	 3.0	 8.0
1	2016	147	24747.0	 24.0	 33.0	3.000	 1.0	 0.0
1	2016	148	21589.0	 26.0	 34.0	3.000	 3.0	 2.0
1	2016	149	16387.0	 25.0	 33.0	3.000	 3.0	 1.0
1	2016	150	22249.0	 24.0	 34.0	3.000	 2.0	 0.0
1	2016	151	24031.0	 24.0	 34.0	3.000	 2.0	 0.0
1	2016	152	24340.0	 24.0	 35.0	3.000	 2.0	 0.0
1	2016	153	25009.0	 25.0	 36.0	3.000	 3.0	 1.0
1	2016	154	23772.0	 26.0	 36.0	3.000	 3.0	 1.0
1	2016	155	23389.0	 25.0	 35.0	3.000	 4.0	 0.0
1	2016	156	24782.0	 25.0	 36.0	3.000	 3.0	 0.0
1	2016	157	22035.0	 25.0	 34.0	3.000	 2.0	 3.0
1	2016	158	19905.0	 25.0	 35.0	3.000	 2.0	 0.0
1	2016	159	24258.0	 25.0	 36.0	3.000	 2.0	 1.0
1	2016	160	24472.0	 25.0	 36.0	3.000	 3.0	 0.0
1	2016	161	22884.0	 26.0	 36.0	3.000	 3.0	 0.0
1	2016	162	16360.0	 26.0	 33.0	3.000	 3.0	 1.0
1	2016	163	23495.0	 24.0	 34.0	3.000	 3.0	 0.0
1	2016	164	18692.0	 25.0	 34.0	3.000	 3.0	 0.0
1	2016	165	21450.0	 24.0	 33.0	3.000	 2.0	 9.0
1	2016	166	24086.0	 24.0	 34.0	3.000	 4.0	 0.0
1	2016	167	18895.0	 24.0	 33.0	3.000	 3.0	 7.0
1	2016	168	18249.0	 23.0	 31.0	3.000	 3.0	19.0
1	2016	169	14355.0	 22.0	 29.0	3.000	 2.0	18.0
1	2016	170	18571.0	 23.0	 31.0	3.000	 2.0	 0.0
1	2016	171	24458.0	 24.0	 33.0	3.000	 3.0	 2.0
1	2016	172	15891.0	 24.0	 30.0	3.000	 5.0	 2.0
1	2016	173	14660.0	 24.0	 30.0	3.000	 4.0	 2.0
1	2016	174	17353.0	 23.0	 31.0	3.000	 3.0	 1.0
1	2016	175	19640.0	 23.0	 31.0	3.000	 2.0	 2.0
1	2016	176	18226.0	 24.0	 31.0	3.000	 2.0	 0.0
1	2016	177	17261.0	 23.0	 30.0	3.000	 2.0	12.0
1	2016	178	20992.0	 23.0	 31.0	3.000	 2.0	 2.0
1	2016	179	13457.0	 23.0	 29.0	3.000	 2.0	22.0
1	2016	180	11983.0	 23.0	 29.0	3.000	 2.0	 5.0
1	2016	181	18347.0	 23.0	 30.0	3.000	 2.0	 1.0
1	2016	182	17816.0	 24.0	 30.0	3.000	 2.0	 5.0
1	2016	183	16094.0	 23.0	 30.0	3.000	 2.0	 6.0
1	2016	184	21809.0	 23.0	 31.0	3.000	 2.0	 1.0
1	2016	185	21141.0	 23.0	 31.0	3.000	 1.0	 3.0
1	2016	186	18539.0	 24.0	 31.0	3.000	 3.0	 0.0
1	2016	187	19618.0	 24.0	 31.0	3.000	 3.0	 1.0
1	2016	188	21687.0	 24.0	 31.0	3.000	 2.0	 1.0
1	2016	189	21803.0	 24.0	 32.0	3.000	 2.0	 0.0
1	2016	190	21426.0	 24.0	 33.0	3.000	 2.0	 0.0
1	2016	191	16748.0	 25.0	 32.0	3.000	 3.0	 0.0
1	2016	192	16235.0	 24.0	 31.0	3.000	 4.0	13.0
1	2016	193	13764.0	 23.0	 29.0	3.000	 3.0	 6.0
1	2016	194	16219.0	 23.0	 30.0	3.000	 3.0	 1.0
1	2016	195	20666.0	 23.0	 31.0	3.000	 2.0	 6.0
1	2016	196	8206.0	 22.0	 27.0	3.000	 1.0	12.0
1	2016	197	16904.0	 22.0	 30.0	3.000	 3.0	 1.0
1	2016	198	19658.0	 23.0	 31.0	3.000	 3.0	 0.0
1	2016	199	15977.0	 23.0	 30.0	3.000	 3.0	 1.0
1	2016	200	20429.0	 23.0	 30.0	3.000	 3.0	 6.0
1	2016	201	17142.0	 23.0	 30.0	3.000	 2.0	 2.0
1	2016	202	6050.0	 23.0	 26.0	3.000	 3.0	30.0
1	2016	203	21643.0	 22.0	 30.0	3.000	 3.0	 4.0
1	2016	204	20406.0	 23.0	 30.0	3.000	 2.0	 2.0
1	2016	205	14347.0	 23.0	 29.0	3.000	 2.0	 7.0
1	2016	206	9028.0	 23.0	 26.0	3.000	 2.0	11.0
1	2016	207	18996.0	 22.0	 29.0	3.000	 1.0	 6.0
1	2016	208	13776.0	 22.0	 29.0	3.000	 2.0	 7.0
1	2016	209	19548.0	 23.0	 30.0	3.000	 2.0	 1.0
1	2016	210	17006.0	 22.0	 28.0	3.000	 2.0	 6.0
1	2016	211	17887.0	 22.0	 29.0	3.000	 1.0	 7.0
1	2016	212	19502.0	 23.0	 30.0	3.000	 2.0	 1.0
1	2016	213	15072.0	 23.0	 29.0	3.000	 2.0	 2.0
1	2016	214	21804.0	 22.0	 30.0	3.000	 2.0	 4.0
1	2016	215	23491.0	 22.0	 31.0	3.000	 3.0	 2.0
1	2016	216	17382.0	 23.0	 30.0	3.000	 2.0	 5.0
1	2016	217	17375.0	 22.0	 29.0	3.000	 2.0	 3.0
1	2016	218	21200.0	 22.0	 31.0	3.000	 2.0	 0.0
1	2016	219	18520.0	 23.0	 30.0	3.000	 3.0	 4.0
1	2016	220	15503.0	 23.0	 30.0	3.000	 3.0	 3.0
1	2016	221	20374.0	 23.0	 31.0	3.000	 2.0	 2.0
1	2016	222	19745.0	 22.0	 30.0	3.000	 2.0	 2.0
1	2016	223	16525.0	 23.0	 29.0	3.000	 2.0	 7.0
1	2016	224	18550.0	 22.0	 30.0	3.000	 1.0	 3.0
1	2016	225	16592.0	 22.0	 30.0	3.000	 0.0	23.0
1	2016	226	17342.0	 22.0	 29.0	3.000	 2.0	20.0
1	2016	227	19911.0	 22.0	 30.0	3.000	 2.0	 2.0
1	2016	228	15079.0	 23.0	 28.0	3.000	 2.0	 8.0
1	2016	229	15443.0	 22.0	 29.0	3.000	 1.0	 3.0
1	2016	230	11014.0	 23.0	 29.0	3.000	 1.0	35.0
1	2016	231	10548.0	 23.0	 28.0	3.000	 2.0	 1.0
1	2016	232	19373.0	 22.0	 30.0	3.000	 1.0	 8.0
1	2016	233	24122.0	 22.0	 31.0	3.000	 1.0	 1.0
1	2016	234	21475.0	 23.0	 30.0	3.000	 2.0	21.0
1	2016	235	17882.0	 22.0	 31.0	3.000	 2.0	 0.0
1	2016	236	23622.0	 23.0	 31.0	3.000	 1.0	 7.0
1	2016	237	14977.0	 23.0	 29.0	3.000	 1.0	 9.0
1	2016	238	19217.0	 23.0	 29.0	3.000	 2.0	 3.0
1	2016	239	13173.0	 23.0	 29.0	3.000	 2.0	 1.0
1	2016	240	16451.0	 22.0	 30.0	3.000	 2.0	14.0
1	2016	241	4581.0	 22.0	 25.0	3.000	 2.0	63.0
1	2016	242	20164.0	 23.0	 29.0	3.000	 2.0	 3.0
1	2016	243	21178.0	 22.0	 30.0	3.000	 0.0	16.0
1	2016	244	18798.0	 22.0	 30.0	3.000	 1.0	 2.0
1	2016	245	20261.0	 23.0	 29.0	3.000	 1.0	 6.0
1	2016	246	22168.0	 22.0	 31.0	3.000	 1.0	 6.0
1	2016	247	18197.0	 22.0	 30.0	3.000	 1.0	 2.0
1	2016	248	21086.0	 22.0	 30.0	3.000	 1.0	 2.0
1	2016	249	13652.0	 23.0	 29.0	3.000	 2.0	 3.0
1	2016	250	19276.0	 23.0	 30.0	3.000	 2.0	 1.0
1	2016	251	22926.0	 23.0	 31.0	3.000	 1.0	 2.0
1	2016	252	19325.0	 22.0	 30.0	3.000	 1.0	 6.0
1	2016	253	20782.0	 23.0	 30.0	3.000	 2.0	 1.0
1	2016	254	20655.0	 23.0	 31.0	3.000	 1.0	 3.0
1	2016	255	20247.0	 22.0	 30.0	3.000	 1.0	 2.0
1	2016	256	21373.0	 22.0	 30.0	3.000	 2.0	 1.0
1	2016	257	16974.0	 23.0	 29.0	3.000	 2.0	 8.0
1	2016	258	15723.0	 23.0	 29.0	3.000	 1.0	13.0
1	2016	259	13947.0	 22.0	 28.0	3.000	 2.0	 7.0
1	2016	260	18737.0	 22.0	 29.0	3.000	 2.0	 2.0
1	2016	261	19815.0	 22.0	 30.0	3.000	 1.0	 2.0
1	2016	262	21084.0	 22.0	 30.0	3.000	 2.0	 3.0
1	2016	263	22060.0	 22.0	 30.0	3.000	 1.0	 3.0
1	2016	264	17025.0	 22.0	 29.0	3.000	 1.0	 1.0
1	2016	265	20691.0	 22.0	 30.0	3.000	 1.0	 1.0
1	2016	266	21540.0	 22.0	 30.0	3.000	 2.0	 1.0
1	2016	267	20138.0	 22.0	 30.0	3.000	 1.0	 1.0
1	2016	268	18063.0	 23.0	 30.0	3.000	 1.0	 1.0
1	2016	269	16616.0	 23.0	 29.0	3.000	 1.0	11.0
1	2016	270	14378.0	 23.0	 29.0	3.000	 2.0	 1.0
1	2016	271	20901.0	 22.0	 30.0	3.000	 1.0	 2.0
1	2016	272	21127.0	 22.0	 30.0	3.000	 2.0	 5.0
1	2016	273	22353.0	 23.0	 31.0	3.000	 2.0	 1.0
1	2016	274	23985.0	 23.0	 32.0	3.000	 1.0	 1.0
1	2016	275	22668.0	 22.0	 31.0	3.000	 1.0	 4.0
1	2016	276	22397.0	 23.0	 32.0	3.000	 2.0	 5.0
1	2016	277	24759.0	 23.0	 32.0	3.000	 2.0	 0.0
1	2016	278	24467.0	 23.0	 32.0	3.000	 1.0	 0.0
1	2016	279	23758.0	 23.0	 32.0	3.000	 1.0	 0.0
1	2016	280	22021.0	 24.0	 32.0	3.000	 2.0	 0.0
1	2016	281	23598.0	 24.0	 33.0	3.000	 1.0	 0.0
1	2016	282	20406.0	 24.0	 32.0	3.000	 2.0	 1.0
1	2016	283	14522.0	 23.0	 30.0	3.000	 3.0	 0.0
1	2016	284	22036.0	 23.0	 32.0	3.000	 2.0	 0.0
1	2016	285	24179.0	 23.0	 33.0	3.000	 1.0	 0.0
1	2016	286	22682.0	 24.0	 33.0	3.000	 2.0	 1.0
1	2016	287	22988.0	 24.0	 34.0	3.000	 2.0	 0.0
1	2016	288	22777.0	 24.0	 34.0	3.000	 1.0	 1.0
1	2016	289	22769.0	 23.0	 33.0	3.000	 1.0	 7.0
1	2016	290	22860.0	 24.0	 33.0	3.000	 1.0	 0.0
1	2016	291	24286.0	 23.0	 35.0	3.000	 2.0	 0.0
1	2016	292	23335.0	 24.0	 34.0	3.000	 2.0	 0.0
1	2016	293	23370.0	 24.0	 34.0	3.000	 2.0	 0.0
1	2016	294	22728.0	 24.0	 34.0	3.000	 1.0	 0.0
1	2016	295	22368.0	 24.0	 36.0	2.000	 1.0	 0.0
1	2016	296	18246.0	 25.0	 33.0	3.000	 2.0	 1.0
1	2016	297	23165.0	 24.0	 36.0	3.000	 2.0	 0.0
1	2016	298	23056.0	 23.0	 36.0	2.000	 1.0	 0.0
1	2016	299	23242.0	 23.0	 36.0	2.000	 1.0	 0.0
1	2016	300	23056.0	 24.0	 36.0	2.000	 1.0	 0.0
1	2016	301	22723.0	 24.0	 36.0	2.000	 1.0	 0.0
1	2016	302	21334.0	 22.0	 36.0	2.000	 1.0	 0.0
1	2016	303	19546.0	 24.0	 34.0	2.000	 1.0	 0.0
1	2016	304	19568.0	 24.0	 34.0	2.000	 1.0	 0.0
1	2016	305	20223.0	 25.0	 35.0	2.000	 1.0	 0.0
1	2016	306	21505.0	 24.0	 36.0	2.000	 0.0	 0.0
1	2016	307	20417.0	 25.0	 35.0	2.000	 2.0	 0.0
1	2016	308	21604.0	 25.0	 37.0	2.000	 1.0	 0.0
1	2016	309	20483.0	 25.0	 36.0	2.000	 2.0	 0.0
1	2016	310	23487.0	 23.0	 37.0	2.000	 2.0	 0.0
1	2016	311	23349.0	 20.0	 35.0	1.000	 1.0	 0.0
1	2016	312	17065.0	 23.0	 35.0	1.000	 2.0	 0.0
1	2016	313	23161.0	 22.0	 36.0	1.000	 2.0	 0.0
1	2016	314	23425.0	 21.0	 37.0	1.000	 2.0	 0.0
1	2016	315	23692.0	 21.0	 37.0	1.000	 2.0	 0.0
1	2016	316	23308.0	 19.0	 36.0	1.000	 1.0	 0.0
1	2016	317	21101.0	 20.0	 35.0	2.000	 2.0	 0.0
1	2016	318	19676.0	 23.0	 36.0	2.000	 1.0	 0.0
1	2016	319	20862.0	 24.0	 36.0	2.000	 1.0	 0.0
1	2016	320	22531.0	 23.0	 36.0	1.000	 3.0	 0.0
1	2016	321	22742.0	 21.0	 36.0	1.000	 2.0	 0.0
1	2016	322	22794.0	 21.0	 37.0	1.000	 2.0	 0.0
1	2016	323	22338.0	 21.0	 37.0	1.000	 1.0	 0.0
1	2016	324	20303.0	 23.0	 36.0	2.000	 1.0	 0.0
1	2016	325	21998.0	 22.0	 37.0	2.000	 1.0	 0.0
1	2016	326	21824.0	 24.0	 37.0	1.000	 2.0	 0.0
1	2016	327	21396.0	 22.0	 36.0	2.000	 1.0	 0.0
1	2016	328	17961.0	 25.0	 35.0	2.000	 1.0	 0.0
1	2016	329	19302.0	 24.0	 37.0	2.000	 1.0	 0.0
1	2016	330	20979.0	 23.0	 38.0	2.000	 2.0	 0.0
1	2016	331	21468.0	 22.0	 38.0	2.000	 1.0	 0.0
1	2016	332	18415.0	 25.0	 36.0	2.000	 1.0	 0.0
1	2016	333	19309.0	 25.0	 37.0	2.000	 1.0	 0.0
1	2016	334	18786.0	 25.0	 36.0	2.000	 1.0	 0.0
1	2016	335	18211.0	 26.0	 37.0	2.000	 1.0	 0.0
1	2016	336	21418.0	 23.0	 38.0	1.000	 3.0	 0.0
1	2016	337	21700.0	 23.0	 38.0	1.000	 3.0	 0.0
1	2016	338	21402.0	 23.0	 37.0	1.000	 3.0	 0.0
1	2016	339	21614.0	 23.0	 36.0	1.000	 3.0	 0.0
1	2016	340	20723.0	 20.0	 36.0	1.000	 1.0	 0.0
1	2016	341	20957.0	 22.0	 37.0	1.000	 2.0	 0.0
1	2016	342	20965.0	 22.0	 37.0	1.000	 3.0	 0.0
1	2016	343	20913.0	 22.0	 37.0	1.000	 3.0	 0.0
1	2016	344	20815.0	 22.0	 37.0	1.000	 3.0	 0.0
1	2016	345	18118.0	 23.0	 36.0	1.000	 4.0	 0.0
1	2016	346	20746.0	 22.0	 36.0	1.000	 3.0	 0.0
1	2016	347	20025.0	 20.0	 36.0	1.000	 2.0	 0.0
1	2016	348	17680.0	 24.0	 36.0	1.000	 1.0	 0.0
1	2016	349	19394.0	 22.0	 36.0	1.000	 3.0	 0.0
1	2016	350	20830.0	 21.0	 36.0	1.000	 3.0	 0.0
1	2016	351	20834.0	 20.0	 36.0	1.000	 2.0	 0.0
1	2016	352	20588.0	 21.0	 36.0	1.000	 2.0	 0.0
1	2016	353	17085.0	 24.0	 36.0	1.000	 2.0	 0.0
1	2016	354	20470.0	 22.0	 37.0	1.000	 2.0	 0.0
1	2016	355	21119.0	 22.0	 37.0	1.000	 3.0	 0.0
1	2016	356	21326.0	 21.0	 37.0	1.000	 3.0	 0.0
1	2016	357	21216.0	 21.0	 37.0	1.000	 3.0	 0.0
1	2016	358	21354.0	 22.0	 37.0	1.000	 3.0	 0.0
1	2016	359	21198.0	 21.0	 37.0	1.000	 3.0	 0.0
1	2016	360	21025.0	 22.0	 36.0	1.000	 3.0	 0.0
1	2016	361	20984.0	 21.0	 35.0	1.000	 4.0	 0.0
1	2016	362	21157.0	 19.0	 34.0	1.000	 3.0	 0.0
1	2016	363	20851.0	 19.0	 34.0	1.000	 3.0	 0.0
1	2016	364	20748.0	 21.0	 35.0	1.000	 3.0	 0.0
1	2016	365	20830.0	 21.0	 35.0	1.000	 3.0	 0.0
1	2016	366	20848.0	 21.0	 35.0	1.000	 3.0	 0.0
