*---------------------------------------------------
* Station: Upper_West
* Year: 2014
* Origin: ERA5-Reanalysis
* Columns & units
* ===================
* 1. station number
* 2. year
* 3. Day of Year
* 4. Irradiance   (kJ路m-2路d-1)
* 5. Daily minimum temperature (degC)
* 6. Daily maximum temperature (degC)
* 7. Vapour pressure (kPa)
* 8. Mean wind speed (m路s-1)
* 9. Precipitation (mm路d-1)
** WCCDESCRIPTION=Upper_West
** WCCFORMAT=2
** WCCYEARNR=2014
*------------------------------------------------------------*
-2.21  10.42  237.00 -0.18  -0.55
1	2014	1	20270.0	 22.0	 36.0	1.000	 3.0	 0.0
1	2014	2	19979.0	 22.0	 35.0	1.000	 3.0	 0.0
1	2014	3	14937.0	 22.0	 33.0	1.000	 4.0	 0.0
1	2014	4	20934.0	 22.0	 35.0	1.000	 4.0	 0.0
1	2014	5	21030.0	 21.0	 35.0	1.000	 3.0	 0.0
1	2014	6	21160.0	 21.0	 35.0	1.000	 3.0	 0.0
1	2014	7	21108.0	 20.0	 35.0	1.000	 3.0	 0.0
1	2014	8	21103.0	 20.0	 36.0	1.000	 3.0	 0.0
1	2014	9	21119.0	 21.0	 35.0	1.000	 3.0	 0.0
1	2014	10	21068.0	 21.0	 35.0	1.000	 3.0	 0.0
1	2014	11	21269.0	 21.0	 35.0	1.000	 3.0	 0.0
1	2014	12	21888.0	 21.0	 35.0	1.000	 3.0	 0.0
1	2014	13	22084.0	 19.0	 35.0	1.000	 3.0	 0.0
1	2014	14	22017.0	 17.0	 35.0	1.000	 2.0	 0.0
1	2014	15	22176.0	 18.0	 36.0	1.000	 2.0	 0.0
1	2014	16	22068.0	 19.0	 36.0	1.000	 2.0	 0.0
1	2014	17	17217.0	 21.0	 35.0	2.000	 2.0	 0.0
1	2014	18	17685.0	 25.0	 34.0	2.000	 2.0	 2.0
1	2014	19	17324.0	 23.0	 34.0	2.000	 2.0	 0.0
1	2014	20	19305.0	 25.0	 36.0	2.000	 2.0	 0.0
1	2014	21	20947.0	 23.0	 36.0	1.000	 4.0	 0.0
1	2014	22	21495.0	 23.0	 36.0	1.000	 3.0	 0.0
1	2014	23	21619.0	 21.0	 37.0	1.000	 2.0	 0.0
1	2014	24	20758.0	 19.0	 37.0	1.000	 2.0	 0.0
1	2014	25	21903.0	 21.0	 38.0	1.000	 3.0	 0.0
1	2014	26	18596.0	 21.0	 36.0	1.000	 2.0	 0.0
1	2014	27	22172.0	 22.0	 37.0	1.000	 3.0	 0.0
1	2014	28	22246.0	 22.0	 36.0	1.000	 2.0	 0.0
1	2014	29	22246.0	 20.0	 36.0	1.000	 1.0	 0.0
1	2014	30	18622.0	 23.0	 35.0	2.000	 2.0	 0.0
1	2014	31	21226.0	 23.0	 35.0	1.000	 3.0	 0.0
1	2014	32	21125.0	 22.0	 32.0	1.000	 4.0	 0.0
1	2014	33	22585.0	 19.0	 33.0	0.500	 3.0	 0.0
1	2014	34	17503.0	 20.0	 32.0	1.000	 3.0	 0.0
1	2014	35	22290.0	 20.0	 36.0	1.000	 2.0	 0.0
1	2014	36	22023.0	 23.0	 37.0	1.000	 3.0	 0.0
1	2014	37	22199.0	 24.0	 37.0	1.000	 3.0	 0.0
1	2014	38	22478.0	 24.0	 38.0	1.000	 3.0	 0.0
1	2014	39	22921.0	 22.0	 38.0	1.000	 3.0	 0.0
1	2014	40	23016.0	 22.0	 38.0	1.000	 3.0	 0.0
1	2014	41	23076.0	 23.0	 38.0	1.000	 3.0	 0.0
1	2014	42	21678.0	 23.0	 37.0	1.000	 3.0	 0.0
1	2014	43	23395.0	 23.0	 37.0	1.000	 3.0	 0.0
1	2014	44	23646.0	 24.0	 37.0	1.000	 4.0	 0.0
1	2014	45	23810.0	 23.0	 37.0	0.500	 4.0	 0.0
1	2014	46	24323.0	 21.0	 36.0	1.000	 3.0	 0.0
1	2014	47	23277.0	 21.0	 36.0	1.000	 2.0	 0.0
1	2014	48	20757.0	 23.0	 37.0	2.000	 1.0	 0.0
1	2014	49	21446.0	 24.0	 38.0	1.000	 3.0	 0.0
1	2014	50	23794.0	 22.0	 38.0	1.000	 3.0	 0.0
1	2014	51	23977.0	 24.0	 37.0	1.000	 2.0	 0.0
1	2014	52	24277.0	 22.0	 37.0	1.000	 2.0	 0.0
1	2014	53	24384.0	 21.0	 38.0	1.000	 2.0	 0.0
1	2014	54	24620.0	 23.0	 39.0	1.000	 2.0	 0.0
1	2014	55	24437.0	 22.0	 39.0	1.000	 1.0	 0.0
1	2014	56	24181.0	 23.0	 39.0	1.000	 1.0	 0.0
1	2014	57	21164.0	 26.0	 38.0	2.000	 2.0	 0.0
1	2014	58	19500.0	 27.0	 37.0	2.000	 1.0	 0.0
1	2014	59	23531.0	 23.0	 36.0	1.000	 3.0	 0.0
1	2014	60	24846.0	 22.0	 35.0	1.000	 3.0	 0.0
1	2014	61	25081.0	 21.0	 36.0	1.000	 3.0	 0.0
1	2014	62	25386.0	 20.0	 37.0	1.000	 2.0	 0.0
1	2014	63	25435.0	 22.0	 38.0	1.000	 2.0	 0.0
1	2014	64	25180.0	 22.0	 38.0	1.000	 0.0	 0.0
1	2014	65	23158.0	 23.0	 38.0	1.000	 1.0	 0.0
1	2014	66	24627.0	 24.0	 39.0	1.000	 1.0	 0.0
1	2014	67	23859.0	 24.0	 39.0	1.000	 1.0	 0.0
1	2014	68	25467.0	 24.0	 39.0	1.000	 1.0	 0.0
1	2014	69	25593.0	 21.0	 39.0	1.000	 2.0	 0.0
1	2014	70	22571.0	 24.0	 38.0	2.000	 2.0	 0.0
1	2014	71	18740.0	 27.0	 38.0	2.000	 2.0	 0.0
1	2014	72	20802.0	 24.0	 39.0	2.000	 1.0	 0.0
1	2014	73	21758.0	 27.0	 38.0	2.000	 1.0	 0.0
1	2014	74	24574.0	 27.0	 39.0	2.000	 1.0	 0.0
1	2014	75	25923.0	 24.0	 40.0	1.000	 2.0	 0.0
1	2014	76	22158.0	 24.0	 38.0	2.000	 2.0	 0.0
1	2014	77	23420.0	 27.0	 39.0	2.000	 2.0	 0.0
1	2014	78	23186.0	 27.0	 38.0	2.000	 2.0	 0.0
1	2014	79	22116.0	 28.0	 39.0	2.000	 2.0	 0.0
1	2014	80	21516.0	 26.0	 37.0	2.000	 2.0	 0.0
1	2014	81	21801.0	 27.0	 38.0	2.000	 2.0	 1.0
1	2014	82	20362.0	 26.0	 38.0	2.000	 2.0	 0.0
1	2014	83	22681.0	 26.0	 38.0	2.000	 2.0	 0.0
1	2014	84	22064.0	 27.0	 39.0	2.000	 1.0	 0.0
1	2014	85	23948.0	 27.0	 40.0	2.000	 2.0	 0.0
1	2014	86	23832.0	 27.0	 41.0	1.000	 2.0	 0.0
1	2014	87	23786.0	 25.0	 39.0	1.000	 2.0	 0.0
1	2014	88	23343.0	 27.0	 39.0	2.000	 2.0	 0.0
1	2014	89	22307.0	 26.0	 39.0	2.000	 2.0	 4.0
1	2014	90	21380.0	 26.0	 37.0	2.000	 2.0	 0.0
1	2014	91	24675.0	 25.0	 38.0	2.000	 1.0	 0.0
1	2014	92	24950.0	 27.0	 39.0	2.000	 1.0	 0.0
1	2014	93	25695.0	 26.0	 40.0	2.000	 2.0	 0.0
1	2014	94	24012.0	 27.0	 40.0	2.000	 2.0	 0.0
1	2014	95	22717.0	 28.0	 39.0	2.000	 2.0	 2.0
1	2014	96	22481.0	 26.0	 37.0	2.000	 3.0	 0.0
1	2014	97	22671.0	 27.0	 38.0	2.000	 2.0	 1.0
1	2014	98	22459.0	 24.0	 36.0	3.000	 3.0	 4.0
1	2014	99	23353.0	 25.0	 37.0	3.000	 3.0	 1.0
1	2014	100	23245.0	 25.0	 36.0	3.000	 2.0	 6.0
1	2014	101	23663.0	 25.0	 36.0	3.000	 3.0	 0.0
1	2014	102	24829.0	 25.0	 38.0	2.000	 2.0	 0.0
1	2014	103	21371.0	 26.0	 37.0	3.000	 3.0	 9.0
1	2014	104	18105.0	 25.0	 34.0	3.000	 3.0	 0.0
1	2014	105	25011.0	 25.0	 38.0	3.000	 2.0	 0.0
1	2014	106	24731.0	 26.0	 39.0	3.000	 2.0	 0.0
1	2014	107	24814.0	 27.0	 40.0	2.000	 2.0	 0.0
1	2014	108	25041.0	 27.0	 39.0	2.000	 4.0	 0.0
1	2014	109	23357.0	 26.0	 39.0	3.000	 3.0	 3.0
1	2014	110	24697.0	 27.0	 39.0	3.000	 2.0	 6.0
1	2014	111	23387.0	 25.0	 38.0	3.000	 3.0	 2.0
1	2014	112	24572.0	 26.0	 37.0	3.000	 3.0	 0.0
1	2014	113	20738.0	 26.0	 37.0	3.000	 2.0	 0.0
1	2014	114	23817.0	 26.0	 37.0	3.000	 2.0	 0.0
1	2014	115	25315.0	 26.0	 39.0	2.000	 2.0	 0.0
1	2014	116	24369.0	 27.0	 39.0	3.000	 3.0	 2.0
1	2014	117	19069.0	 27.0	 36.0	3.000	 3.0	 0.0
1	2014	118	25494.0	 27.0	 38.0	3.000	 2.0	 0.0
1	2014	119	13079.0	 25.0	 32.0	3.000	 2.0	 1.0
1	2014	120	20480.0	 25.0	 34.0	3.000	 2.0	 1.0
1	2014	121	24335.0	 25.0	 35.0	3.000	 2.0	 1.0
1	2014	122	25541.0	 25.0	 37.0	3.000	 2.0	 0.0
1	2014	123	18920.0	 25.0	 35.0	3.000	 1.0	 4.0
1	2014	124	18983.0	 26.0	 33.0	3.000	 2.0	11.0
1	2014	125	20392.0	 25.0	 33.0	3.000	 3.0	 4.0
1	2014	126	16090.0	 25.0	 33.0	3.000	 2.0	 2.0
1	2014	127	21860.0	 25.0	 33.0	3.000	 3.0	 1.0
1	2014	128	21857.0	 25.0	 34.0	3.000	 3.0	 5.0
1	2014	129	20090.0	 24.0	 32.0	3.000	 3.0	 3.0
1	2014	130	21599.0	 23.0	 33.0	3.000	 1.0	 2.0
1	2014	131	22339.0	 24.0	 33.0	3.000	 0.0	 2.0
1	2014	132	22432.0	 26.0	 35.0	3.000	 2.0	 4.0
1	2014	133	23262.0	 25.0	 34.0	3.000	 2.0	 7.0
1	2014	134	18795.0	 24.0	 32.0	3.000	 2.0	 4.0
1	2014	135	21232.0	 24.0	 32.0	3.000	 2.0	 5.0
1	2014	136	25003.0	 24.0	 34.0	3.000	 2.0	 0.0
1	2014	137	23712.0	 24.0	 34.0	3.000	 3.0	 0.0
1	2014	138	22923.0	 25.0	 35.0	3.000	 1.0	 0.0
1	2014	139	21881.0	 23.0	 33.0	3.000	 2.0	 6.0
1	2014	140	25133.0	 25.0	 37.0	2.000	 2.0	 0.0
1	2014	141	25493.0	 25.0	 39.0	2.000	 0.0	 0.0
1	2014	142	25489.0	 25.0	 38.0	3.000	 3.0	 0.0
1	2014	143	25239.0	 26.0	 38.0	3.000	 2.0	 0.0
1	2014	144	25136.0	 27.0	 39.0	2.000	 3.0	 0.0
1	2014	145	22029.0	 27.0	 37.0	3.000	 2.0	 0.0
1	2014	146	23507.0	 27.0	 39.0	3.000	 1.0	 3.0
1	2014	147	23129.0	 26.0	 38.0	3.000	 4.0	 0.0
1	2014	148	22809.0	 26.0	 38.0	3.000	 4.0	 1.0
1	2014	149	24138.0	 26.0	 37.0	3.000	 3.0	 2.0
1	2014	150	23217.0	 25.0	 35.0	3.000	 2.0	 1.0
1	2014	151	23845.0	 26.0	 36.0	3.000	 2.0	 1.0
1	2014	152	24288.0	 26.0	 37.0	3.000	 3.0	 2.0
1	2014	153	16981.0	 25.0	 32.0	3.000	 2.0	 1.0
1	2014	154	24588.0	 25.0	 36.0	3.000	 2.0	 1.0
1	2014	155	24142.0	 26.0	 37.0	3.000	 2.0	 1.0
1	2014	156	13514.0	 24.0	 32.0	3.000	 1.0	 5.0
1	2014	157	18404.0	 24.0	 33.0	3.000	 2.0	 0.0
1	2014	158	24494.0	 24.0	 35.0	3.000	 2.0	 2.0
1	2014	159	25452.0	 25.0	 37.0	3.000	 3.0	 0.0
1	2014	160	25098.0	 26.0	 37.0	3.000	 3.0	 0.0
1	2014	161	15483.0	 26.0	 33.0	3.000	 3.0	 0.0
1	2014	162	23799.0	 25.0	 35.0	3.000	 2.0	 2.0
1	2014	163	23730.0	 24.0	 35.0	3.000	 2.0	 1.0
1	2014	164	9582.0	 24.0	 30.0	3.000	 1.0	 6.0
1	2014	165	24431.0	 25.0	 34.0	3.000	 2.0	 0.0
1	2014	166	21071.0	 25.0	 34.0	3.000	 2.0	 3.0
1	2014	167	24321.0	 25.0	 35.0	3.000	 2.0	 1.0
1	2014	168	18288.0	 25.0	 32.0	3.000	 1.0	 2.0
1	2014	169	19285.0	 23.0	 33.0	3.000	 2.0	 1.0
1	2014	170	23130.0	 24.0	 35.0	3.000	 2.0	 0.0
1	2014	171	23443.0	 25.0	 34.0	3.000	 2.0	 9.0
1	2014	172	24240.0	 24.0	 35.0	3.000	 3.0	 1.0
1	2014	173	17467.0	 24.0	 33.0	3.000	 2.0	 5.0
1	2014	174	18773.0	 23.0	 32.0	3.000	 2.0	 0.0
1	2014	175	25270.0	 24.0	 34.0	3.000	 3.0	 0.0
1	2014	176	23875.0	 25.0	 34.0	3.000	 3.0	 0.0
1	2014	177	24212.0	 25.0	 34.0	3.000	 3.0	 0.0
1	2014	178	21604.0	 25.0	 33.0	3.000	 3.0	 1.0
1	2014	179	17636.0	 25.0	 32.0	3.000	 3.0	 0.0
1	2014	180	19699.0	 24.0	 33.0	3.000	 2.0	 2.0
1	2014	181	22055.0	 24.0	 34.0	3.000	 2.0	 0.0
1	2014	182	23468.0	 25.0	 34.0	3.000	 2.0	 1.0
1	2014	183	20708.0	 24.0	 33.0	3.000	 2.0	 1.0
1	2014	184	19669.0	 24.0	 33.0	3.000	 1.0	 3.0
1	2014	185	18639.0	 23.0	 32.0	3.000	 1.0	 0.0
1	2014	186	20393.0	 24.0	 33.0	3.000	 3.0	 6.0
1	2014	187	24829.0	 23.0	 34.0	3.000	 4.0	 2.0
1	2014	188	14752.0	 23.0	 31.0	3.000	 4.0	 5.0
1	2014	189	18913.0	 23.0	 30.0	3.000	 3.0	 1.0
1	2014	190	21494.0	 22.0	 32.0	3.000	 2.0	 1.0
1	2014	191	23647.0	 23.0	 33.0	3.000	 1.0	 2.0
1	2014	192	23011.0	 24.0	 33.0	3.000	 2.0	 1.0
1	2014	193	23054.0	 24.0	 34.0	3.000	 3.0	 0.0
1	2014	194	19325.0	 24.0	 33.0	3.000	 2.0	 1.0
1	2014	195	20185.0	 24.0	 32.0	3.000	 2.0	 3.0
1	2014	196	21281.0	 24.0	 32.0	3.000	 2.0	 1.0
1	2014	197	16247.0	 25.0	 32.0	3.000	 3.0	 0.0
1	2014	198	17775.0	 24.0	 31.0	3.000	 3.0	 3.0
1	2014	199	12970.0	 22.0	 28.0	3.000	 3.0	 3.0
1	2014	200	15104.0	 22.0	 32.0	3.000	 1.0	 0.0
1	2014	201	20892.0	 24.0	 32.0	3.000	 2.0	12.0
1	2014	202	21223.0	 23.0	 31.0	3.000	 3.0	 0.0
1	2014	203	19475.0	 24.0	 31.0	3.000	 3.0	 2.0
1	2014	204	9444.0	 23.0	 28.0	3.000	 2.0	19.0
1	2014	205	8908.0	 22.0	 27.0	3.000	 2.0	23.0
1	2014	206	17870.0	 22.0	 29.0	3.000	 2.0	 4.0
1	2014	207	19146.0	 22.0	 30.0	3.000	 2.0	 2.0
1	2014	208	20502.0	 23.0	 30.0	3.000	 2.0	 1.0
1	2014	209	19815.0	 23.0	 31.0	3.000	 2.0	 0.0
1	2014	210	17324.0	 23.0	 30.0	3.000	 2.0	 5.0
1	2014	211	20542.0	 23.0	 30.0	3.000	 2.0	 8.0
1	2014	212	19223.0	 23.0	 30.0	3.000	 2.0	 8.0
1	2014	213	17833.0	 23.0	 30.0	3.000	 3.0	 8.0
1	2014	214	12278.0	 23.0	 28.0	3.000	 3.0	 6.0
1	2014	215	20108.0	 22.0	 30.0	3.000	 2.0	 2.0
1	2014	216	17379.0	 23.0	 29.0	3.000	 2.0	10.0
1	2014	217	19963.0	 22.0	 30.0	3.000	 3.0	 3.0
1	2014	218	12146.0	 23.0	 28.0	3.000	 3.0	 3.0
1	2014	219	21577.0	 22.0	 30.0	3.000	 2.0	 4.0
1	2014	220	18590.0	 22.0	 30.0	3.000	 2.0	 5.0
1	2014	221	20735.0	 22.0	 29.0	3.000	 3.0	 3.0
1	2014	222	15726.0	 22.0	 28.0	3.000	 2.0	 4.0
1	2014	223	20672.0	 22.0	 30.0	3.000	 2.0	 2.0
1	2014	224	16173.0	 23.0	 30.0	3.000	 2.0	 1.0
1	2014	225	13102.0	 22.0	 27.0	3.000	 3.0	13.0
1	2014	226	21314.0	 22.0	 30.0	3.000	 2.0	 2.0
1	2014	227	17641.0	 23.0	 29.0	3.000	 2.0	 3.0
1	2014	228	4188.0	 22.0	 24.0	3.000	 2.0	25.0
1	2014	229	11725.0	 22.0	 28.0	3.000	 3.0	25.0
1	2014	230	18431.0	 22.0	 29.0	3.000	 2.0	 3.0
1	2014	231	19579.0	 22.0	 30.0	3.000	 1.0	16.0
1	2014	232	14040.0	 22.0	 28.0	3.000	 1.0	 1.0
1	2014	233	18755.0	 22.0	 29.0	3.000	 2.0	 6.0
1	2014	234	17899.0	 23.0	 29.0	3.000	 3.0	 2.0
1	2014	235	10889.0	 22.0	 27.0	3.000	 2.0	10.0
1	2014	236	20961.0	 22.0	 30.0	3.000	 0.0	 3.0
1	2014	237	21951.0	 22.0	 31.0	3.000	 1.0	 1.0
1	2014	238	18508.0	 22.0	 30.0	3.000	 2.0	10.0
1	2014	239	18080.0	 22.0	 28.0	3.000	 2.0	 3.0
1	2014	240	16438.0	 22.0	 29.0	3.000	 2.0	 0.0
1	2014	241	24182.0	 23.0	 32.0	3.000	 2.0	 2.0
1	2014	242	21244.0	 23.0	 30.0	3.000	 3.0	 8.0
1	2014	243	16042.0	 22.0	 29.0	3.000	 3.0	 1.0
1	2014	244	10577.0	 23.0	 27.0	3.000	 1.0	13.0
1	2014	245	9496.0	 22.0	 26.0	3.000	 2.0	20.0
1	2014	246	15340.0	 21.0	 29.0	3.000	 2.0	 0.0
1	2014	247	21804.0	 21.0	 30.0	3.000	 2.0	 2.0
1	2014	248	6463.0	 23.0	 26.0	3.000	 2.0	15.0
1	2014	249	15363.0	 22.0	 29.0	3.000	 2.0	 2.0
1	2014	250	16189.0	 22.0	 28.0	3.000	 2.0	 9.0
1	2014	251	18292.0	 21.0	 29.0	3.000	 1.0	 1.0
1	2014	252	19915.0	 21.0	 30.0	3.000	 1.0	 0.0
1	2014	253	15645.0	 22.0	 28.0	3.000	 2.0	10.0
1	2014	254	21022.0	 21.0	 30.0	3.000	 1.0	 5.0
1	2014	255	22078.0	 21.0	 30.0	3.000	 1.0	 2.0
1	2014	256	19169.0	 22.0	 30.0	3.000	 2.0	 1.0
1	2014	257	16396.0	 23.0	 29.0	3.000	 1.0	 6.0
1	2014	258	17801.0	 22.0	 29.0	3.000	 1.0	12.0
1	2014	259	20543.0	 22.0	 30.0	3.000	 1.0	 4.0
1	2014	260	19922.0	 22.0	 30.0	3.000	 2.0	 4.0
1	2014	261	15594.0	 22.0	 28.0	3.000	 1.0	18.0
1	2014	262	9682.0	 22.0	 28.0	3.000	 1.0	 2.0
1	2014	263	22697.0	 21.0	 30.0	3.000	 0.0	 1.0
1	2014	264	18238.0	 23.0	 30.0	3.000	 1.0	 2.0
1	2014	265	19329.0	 22.0	 30.0	3.000	 2.0	 0.0
1	2014	266	23979.0	 22.0	 31.0	3.000	 1.0	 1.0
1	2014	267	20857.0	 22.0	 30.0	3.000	 1.0	12.0
1	2014	268	21765.0	 21.0	 31.0	3.000	 2.0	 0.0
1	2014	269	24657.0	 22.0	 31.0	3.000	 2.0	 0.0
1	2014	270	17987.0	 23.0	 29.0	3.000	 1.0	 4.0
1	2014	271	20654.0	 22.0	 31.0	3.000	 2.0	 0.0
1	2014	272	24280.0	 22.0	 31.0	3.000	 2.0	 2.0
1	2014	273	15750.0	 22.0	 29.0	3.000	 2.0	18.0
1	2014	274	15351.0	 21.0	 28.0	3.000	 2.0	19.0
1	2014	275	17087.0	 22.0	 29.0	3.000	 2.0	 4.0
1	2014	276	19815.0	 22.0	 29.0	3.000	 1.0	 3.0
1	2014	277	23360.0	 22.0	 31.0	3.000	 1.0	 0.0
1	2014	278	19937.0	 22.0	 30.0	3.000	 2.0	 3.0
1	2014	279	21118.0	 22.0	 30.0	3.000	 1.0	 1.0
1	2014	280	21625.0	 23.0	 31.0	3.000	 1.0	 1.0
1	2014	281	23380.0	 23.0	 32.0	3.000	 1.0	 0.0
1	2014	282	24365.0	 23.0	 32.0	3.000	 2.0	 0.0
1	2014	283	24812.0	 23.0	 32.0	3.000	 2.0	 0.0
1	2014	284	22278.0	 24.0	 32.0	3.000	 2.0	 1.0
1	2014	285	17865.0	 23.0	 30.0	3.000	 2.0	 7.0
1	2014	286	17254.0	 23.0	 30.0	3.000	 2.0	 0.0
1	2014	287	17616.0	 23.0	 30.0	3.000	 2.0	 0.0
1	2014	288	23112.0	 23.0	 32.0	3.000	 2.0	 0.0
1	2014	289	23268.0	 23.0	 32.0	3.000	 2.0	 1.0
1	2014	290	23598.0	 24.0	 33.0	3.000	 2.0	 0.0
1	2014	291	21079.0	 23.0	 32.0	3.000	 2.0	 0.0
1	2014	292	21880.0	 22.0	 31.0	3.000	 2.0	 5.0
1	2014	293	22912.0	 22.0	 32.0	3.000	 2.0	 0.0
1	2014	294	22584.0	 23.0	 33.0	3.000	 0.0	 0.0
1	2014	295	23097.0	 22.0	 34.0	2.000	 1.0	 0.0
1	2014	296	21299.0	 23.0	 33.0	2.000	 2.0	 0.0
1	2014	297	20590.0	 24.0	 33.0	3.000	 2.0	 0.0
1	2014	298	21718.0	 23.0	 34.0	3.000	 0.0	 1.0
1	2014	299	20865.0	 24.0	 33.0	3.000	 2.0	 0.0
1	2014	300	21716.0	 24.0	 34.0	3.000	 1.0	 0.0
1	2014	301	21309.0	 25.0	 35.0	2.000	 2.0	 0.0
1	2014	302	22455.0	 24.0	 35.0	3.000	 2.0	 0.0
1	2014	303	17423.0	 25.0	 32.0	3.000	 2.0	 4.0
1	2014	304	20526.0	 23.0	 34.0	3.000	 2.0	 0.0
1	2014	305	21330.0	 25.0	 34.0	3.000	 2.0	 0.0
1	2014	306	20893.0	 24.0	 34.0	2.000	 1.0	 0.0
1	2014	307	19665.0	 24.0	 33.0	3.000	 1.0	 1.0
1	2014	308	22078.0	 23.0	 35.0	2.000	 2.0	 3.0
1	2014	309	7576.0	 25.0	 30.0	3.000	 2.0	 0.0
1	2014	310	16009.0	 23.0	 33.0	3.000	 1.0	 0.0
1	2014	311	22194.0	 23.0	 35.0	2.000	 1.0	 0.0
1	2014	312	21705.0	 22.0	 36.0	2.000	 1.0	 0.0
1	2014	313	22825.0	 21.0	 36.0	2.000	 0.0	 0.0
1	2014	314	21564.0	 23.0	 36.0	2.000	 2.0	 0.0
1	2014	315	20158.0	 24.0	 35.0	2.000	 1.0	 0.0
1	2014	316	15258.0	 24.0	 34.0	3.000	 1.0	 0.0
1	2014	317	18507.0	 25.0	 36.0	2.000	 1.0	 0.0
1	2014	318	20194.0	 24.0	 36.0	2.000	 2.0	 0.0
1	2014	319	20816.0	 24.0	 36.0	2.000	 1.0	 0.0
1	2014	320	20336.0	 24.0	 35.0	2.000	 1.0	 0.0
1	2014	321	20875.0	 24.0	 36.0	2.000	 2.0	 0.0
1	2014	322	19315.0	 25.0	 35.0	2.000	 2.0	 0.0
1	2014	323	19038.0	 25.0	 35.0	2.000	 1.0	 0.0
1	2014	324	17593.0	 25.0	 34.0	2.000	 2.0	 0.0
1	2014	325	19264.0	 23.0	 34.0	2.000	 0.0	 0.0
1	2014	326	21349.0	 23.0	 36.0	2.000	 1.0	 0.0
1	2014	327	22125.0	 21.0	 36.0	1.000	 2.0	 0.0
1	2014	328	22321.0	 21.0	 36.0	1.000	 3.0	 0.0
1	2014	329	21903.0	 21.0	 36.0	1.000	 2.0	 0.0
1	2014	330	21677.0	 19.0	 35.0	1.000	 1.0	 0.0
1	2014	331	21431.0	 20.0	 35.0	2.000	 1.0	 0.0
1	2014	332	18003.0	 23.0	 34.0	2.000	 2.0	 0.0
1	2014	333	17630.0	 24.0	 35.0	2.000	 2.0	 0.0
1	2014	334	18137.0	 25.0	 35.0	2.000	 1.0	 0.0
1	2014	335	16046.0	 24.0	 34.0	2.000	 1.0	 0.0
1	2014	336	17894.0	 25.0	 35.0	2.000	 1.0	 0.0
1	2014	337	21527.0	 21.0	 37.0	2.000	 2.0	 0.0
1	2014	338	21999.0	 21.0	 35.0	1.000	 3.0	 0.0
1	2014	339	21808.0	 17.0	 35.0	1.000	 2.0	 0.0
1	2014	340	21035.0	 22.0	 36.0	1.000	 2.0	 0.0
1	2014	341	21205.0	 22.0	 37.0	1.000	 2.0	 0.0
1	2014	342	21483.0	 20.0	 35.0	1.000	 2.0	 0.0
1	2014	343	21629.0	 19.0	 36.0	1.000	 2.0	 0.0
1	2014	344	21021.0	 18.0	 36.0	1.000	 2.0	 0.0
1	2014	345	21615.0	 20.0	 34.0	1.000	 3.0	 0.0
1	2014	346	21545.0	 18.0	 33.0	1.000	 3.0	 0.0
1	2014	347	21108.0	 19.0	 34.0	1.000	 3.0	 0.0
1	2014	348	20644.0	 21.0	 36.0	1.000	 3.0	 0.0
1	2014	349	19633.0	 21.0	 36.0	1.000	 3.0	 0.0
1	2014	350	20405.0	 21.0	 36.0	1.000	 2.0	 0.0
1	2014	351	20674.0	 19.0	 35.0	1.000	 2.0	 0.0
1	2014	352	20505.0	 20.0	 35.0	1.000	 2.0	 0.0
1	2014	353	20675.0	 22.0	 35.0	1.000	 3.0	 0.0
1	2014	354	20901.0	 20.0	 35.0	1.000	 3.0	 0.0
1	2014	355	20943.0	 19.0	 35.0	1.000	 2.0	 0.0
1	2014	356	20709.0	 21.0	 35.0	1.000	 3.0	 0.0
1	2014	357	20806.0	 21.0	 35.0	1.000	 3.0	 0.0
1	2014	358	21309.0	 20.0	 34.0	1.000	 4.0	 0.0
1	2014	359	21329.0	 19.0	 33.0	1.000	 3.0	 0.0
1	2014	360	21462.0	 18.0	 32.0	1.000	 3.0	 0.0
1	2014	361	21350.0	 17.0	 32.0	1.000	 3.0	 0.0
1	2014	362	21320.0	 18.0	 32.0	1.000	 3.0	 0.0
1	2014	363	21198.0	 18.0	 33.0	1.000	 3.0	 0.0
1	2014	364	21039.0	 19.0	 34.0	1.000	 3.0	 0.0
1	2014	365	20985.0	 19.0	 33.0	1.000	 4.0	 0.0
