*---------------------------------------------------
* Station: Ashanti
* Year: 2011
* Origin: ERA5-Reanalysis
* Columns & units
* ===================
* 1. station number
* 2. year
* 3. Day of Year
* 4. Irradiance   (kJ路m-2路d-1)
* 5. Daily minimum temperature (degC)
* 6. Daily maximum temperature (degC)
* 7. Vapour pressure (kPa)
* 8. Mean wind speed (m路s-1)
* 9. Precipitation (mm路d-1)
** WCCDESCRIPTION=Ashanti
** WCCFORMAT=2
** WCCYEARNR=2011
*------------------------------------------------------------*
-1.46  6.80  289.00 -0.18  -0.55
1	2011	1	22097.0	 21.0	 32.0	2.000	 1.0	 0.0
1	2011	2	21284.0	 20.0	 31.0	2.000	 1.0	 0.0
1	2011	3	22078.0	 21.0	 32.0	2.000	 1.0	 0.0
1	2011	4	21149.0	 21.0	 32.0	2.000	 1.0	 0.0
1	2011	5	19179.0	 22.0	 32.0	2.000	 2.0	 0.0
1	2011	6	19359.0	 23.0	 33.0	2.000	 2.0	 0.0
1	2011	7	17803.0	 23.0	 31.0	3.000	 1.0	 0.0
1	2011	8	19982.0	 23.0	 32.0	2.000	 1.0	 0.0
1	2011	9	20995.0	 21.0	 32.0	2.000	 1.0	 0.0
1	2011	10	21511.0	 21.0	 32.0	2.000	 1.0	 0.0
1	2011	11	22678.0	 21.0	 33.0	1.000	 1.0	 0.0
1	2011	12	22915.0	 20.0	 33.0	1.000	 0.0	 0.0
1	2011	13	22896.0	 19.0	 33.0	1.000	 1.0	 0.0
1	2011	14	22620.0	 18.0	 33.0	2.000	 1.0	 0.0
1	2011	15	19442.0	 21.0	 33.0	2.000	 1.0	 0.0
1	2011	16	20525.0	 22.0	 33.0	2.000	 1.0	 0.0
1	2011	17	21912.0	 22.0	 33.0	2.000	 0.0	 0.0
1	2011	18	22822.0	 20.0	 34.0	2.000	 1.0	 0.0
1	2011	19	22368.0	 22.0	 33.0	2.000	 1.0	 0.0
1	2011	20	22173.0	 21.0	 33.0	2.000	 2.0	 0.0
1	2011	21	19848.0	 23.0	 32.0	2.000	 2.0	 0.0
1	2011	22	18866.0	 23.0	 32.0	3.000	 1.0	 0.0
1	2011	23	19681.0	 23.0	 33.0	3.000	 2.0	 0.0
1	2011	24	17915.0	 24.0	 32.0	3.000	 2.0	 3.0
1	2011	25	14569.0	 24.0	 30.0	3.000	 2.0	 1.0
1	2011	26	15731.0	 23.0	 31.0	3.000	 2.0	 9.0
1	2011	27	17743.0	 23.0	 31.0	3.000	 2.0	 0.0
1	2011	28	17227.0	 23.0	 31.0	3.000	 2.0	 0.0
1	2011	29	19889.0	 23.0	 33.0	3.000	 2.0	 0.0
1	2011	30	19645.0	 24.0	 32.0	3.000	 3.0	 0.0
1	2011	31	18596.0	 24.0	 32.0	3.000	 2.0	 2.0
1	2011	32	15631.0	 23.0	 32.0	3.000	 3.0	 0.0
1	2011	33	15300.0	 23.0	 31.0	3.000	 3.0	 1.0
1	2011	34	18802.0	 23.0	 32.0	3.000	 1.0	12.0
1	2011	35	16984.0	 22.0	 31.0	3.000	 0.0	 5.0
1	2011	36	22999.0	 22.0	 33.0	2.000	 2.0	 0.0
1	2011	37	23210.0	 22.0	 33.0	2.000	 0.0	 0.0
1	2011	38	23174.0	 21.0	 35.0	2.000	 1.0	 0.0
1	2011	39	22676.0	 22.0	 34.0	2.000	 1.0	 0.0
1	2011	40	21628.0	 23.0	 33.0	2.000	 2.0	 0.0
1	2011	41	17381.0	 24.0	 33.0	3.000	 3.0	 5.0
1	2011	42	17638.0	 23.0	 32.0	3.000	 2.0	 0.0
1	2011	43	20057.0	 24.0	 33.0	3.000	 2.0	 7.0
1	2011	44	16743.0	 24.0	 31.0	3.000	 2.0	 6.0
1	2011	45	19558.0	 23.0	 32.0	3.000	 1.0	 6.0
1	2011	46	21962.0	 23.0	 34.0	2.000	 0.0	 0.0
1	2011	47	21487.0	 24.0	 33.0	3.000	 2.0	 0.0
1	2011	48	20562.0	 24.0	 34.0	3.000	 2.0	 0.0
1	2011	49	17303.0	 24.0	 32.0	3.000	 2.0	12.0
1	2011	50	13538.0	 24.0	 31.0	3.000	 1.0	 2.0
1	2011	51	21630.0	 24.0	 34.0	3.000	 2.0	 0.0
1	2011	52	17039.0	 25.0	 32.0	3.000	 3.0	 2.0
1	2011	53	21115.0	 23.0	 33.0	3.000	 3.0	 3.0
1	2011	54	11598.0	 23.0	 29.0	3.000	 2.0	 4.0
1	2011	55	21977.0	 22.0	 33.0	3.000	 2.0	 3.0
1	2011	56	21053.0	 23.0	 33.0	3.000	 2.0	 7.0
1	2011	57	18188.0	 23.0	 30.0	3.000	 1.0	 5.0
1	2011	58	19368.0	 23.0	 32.0	3.000	 1.0	15.0
1	2011	59	21109.0	 22.0	 32.0	3.000	 0.0	 7.0
1	2011	60	18763.0	 24.0	 32.0	3.000	 2.0	 0.0
1	2011	61	17582.0	 24.0	 32.0	3.000	 3.0	 2.0
1	2011	62	20099.0	 23.0	 32.0	3.000	 2.0	 5.0
1	2011	63	12304.0	 22.0	 29.0	3.000	 1.0	 1.0
1	2011	64	21578.0	 24.0	 33.0	3.000	 2.0	 0.0
1	2011	65	22431.0	 24.0	 33.0	3.000	 2.0	 0.0
1	2011	66	21153.0	 24.0	 33.0	3.000	 2.0	 2.0
1	2011	67	20981.0	 24.0	 33.0	3.000	 2.0	 0.0
1	2011	68	18352.0	 24.0	 32.0	3.000	 3.0	 1.0
1	2011	69	20496.0	 24.0	 32.0	3.000	 2.0	 0.0
1	2011	70	23084.0	 24.0	 33.0	3.000	 2.0	 0.0
1	2011	71	21848.0	 24.0	 34.0	3.000	 2.0	 0.0
1	2011	72	18934.0	 24.0	 32.0	3.000	 3.0	 0.0
1	2011	73	18509.0	 25.0	 32.0	3.000	 2.0	 1.0
1	2011	74	21223.0	 24.0	 33.0	3.000	 2.0	 0.0
1	2011	75	22963.0	 24.0	 35.0	3.000	 2.0	 0.0
1	2011	76	19450.0	 24.0	 33.0	3.000	 3.0	 1.0
1	2011	77	20527.0	 24.0	 34.0	3.000	 3.0	 4.0
1	2011	78	23129.0	 24.0	 35.0	3.000	 2.0	 5.0
1	2011	79	22848.0	 22.0	 33.0	3.000	 2.0	 1.0
1	2011	80	22785.0	 23.0	 33.0	3.000	 2.0	13.0
1	2011	81	22610.0	 23.0	 32.0	3.000	 2.0	 5.0
1	2011	82	22903.0	 23.0	 32.0	3.000	 2.0	 3.0
1	2011	83	21365.0	 23.0	 33.0	3.000	 2.0	 8.0
1	2011	84	16247.0	 24.0	 31.0	3.000	 3.0	 0.0
1	2011	85	18233.0	 23.0	 32.0	3.000	 2.0	 2.0
1	2011	86	24122.0	 23.0	 33.0	3.000	 2.0	 2.0
1	2011	87	21528.0	 23.0	 32.0	3.000	 2.0	 0.0
1	2011	88	21682.0	 24.0	 33.0	3.000	 2.0	 1.0
1	2011	89	17808.0	 24.0	 32.0	3.000	 3.0	 0.0
1	2011	90	19219.0	 24.0	 33.0	3.000	 2.0	 1.0
1	2011	91	15609.0	 24.0	 32.0	3.000	 3.0	 1.0
1	2011	92	16066.0	 23.0	 31.0	3.000	 3.0	 1.0
1	2011	93	24223.0	 23.0	 34.0	3.000	 3.0	 0.0
1	2011	94	19628.0	 24.0	 32.0	3.000	 2.0	 7.0
1	2011	95	18347.0	 23.0	 31.0	3.000	 1.0	 1.0
1	2011	96	23143.0	 23.0	 33.0	3.000	 0.0	 1.0
1	2011	97	23916.0	 24.0	 34.0	3.000	 2.0	 0.0
1	2011	98	20825.0	 25.0	 33.0	3.000	 3.0	 1.0
1	2011	99	24095.0	 24.0	 33.0	3.000	 2.0	 6.0
1	2011	100	21316.0	 24.0	 32.0	3.000	 2.0	 3.0
1	2011	101	16181.0	 24.0	 31.0	3.000	 2.0	 0.0
1	2011	102	18132.0	 24.0	 32.0	3.000	 2.0	 8.0
1	2011	103	18218.0	 23.0	 31.0	3.000	 2.0	 2.0
1	2011	104	22887.0	 23.0	 32.0	3.000	 2.0	 7.0
1	2011	105	19398.0	 24.0	 32.0	3.000	 3.0	 6.0
1	2011	106	16957.0	 24.0	 31.0	3.000	 3.0	 3.0
1	2011	107	20834.0	 23.0	 32.0	3.000	 2.0	12.0
1	2011	108	14847.0	 23.0	 29.0	3.000	 2.0	 6.0
1	2011	109	24810.0	 23.0	 33.0	3.000	 3.0	 0.0
1	2011	110	19638.0	 24.0	 32.0	3.000	 3.0	 0.0
1	2011	111	21963.0	 24.0	 32.0	3.000	 3.0	 1.0
1	2011	112	18148.0	 24.0	 32.0	3.000	 3.0	 0.0
1	2011	113	20093.0	 24.0	 32.0	3.000	 3.0	 1.0
1	2011	114	17031.0	 22.0	 29.0	3.000	 2.0	 3.0
1	2011	115	22768.0	 23.0	 33.0	3.000	 0.0	 2.0
1	2011	116	20681.0	 24.0	 31.0	3.000	 2.0	11.0
1	2011	117	19596.0	 24.0	 32.0	3.000	 3.0	 2.0
1	2011	118	17997.0	 23.0	 31.0	3.000	 2.0	 5.0
1	2011	119	13513.0	 23.0	 29.0	3.000	 3.0	 1.0
1	2011	120	13364.0	 23.0	 29.0	3.000	 2.0	 2.0
1	2011	121	17650.0	 23.0	 31.0	3.000	 2.0	 2.0
1	2011	122	20876.0	 23.0	 32.0	3.000	 2.0	 5.0
1	2011	123	18976.0	 24.0	 31.0	3.000	 2.0	16.0
1	2011	124	17601.0	 23.0	 32.0	3.000	 1.0	 0.0
1	2011	125	22674.0	 24.0	 32.0	3.000	 3.0	 0.0
1	2011	126	19887.0	 24.0	 32.0	3.000	 3.0	 0.0
1	2011	127	21288.0	 25.0	 33.0	3.000	 3.0	 0.0
1	2011	128	18591.0	 25.0	 32.0	3.000	 2.0	 8.0
1	2011	129	19159.0	 23.0	 31.0	3.000	 2.0	 3.0
1	2011	130	17363.0	 24.0	 31.0	3.000	 2.0	 3.0
1	2011	131	21176.0	 24.0	 31.0	3.000	 2.0	 1.0
1	2011	132	18821.0	 24.0	 32.0	3.000	 2.0	 0.0
1	2011	133	18780.0	 24.0	 32.0	3.000	 1.0	 3.0
1	2011	134	18313.0	 24.0	 32.0	3.000	 1.0	 6.0
1	2011	135	19261.0	 24.0	 32.0	3.000	 2.0	 1.0
1	2011	136	19804.0	 24.0	 32.0	3.000	 2.0	 1.0
1	2011	137	16308.0	 25.0	 32.0	3.000	 2.0	 4.0
1	2011	138	20710.0	 24.0	 32.0	3.000	 2.0	 2.0
1	2011	139	14949.0	 24.0	 30.0	3.000	 2.0	 2.0
1	2011	140	20896.0	 23.0	 31.0	3.000	 2.0	 1.0
1	2011	141	15599.0	 23.0	 30.0	3.000	 3.0	 3.0
1	2011	142	16558.0	 23.0	 30.0	3.000	 3.0	 4.0
1	2011	143	17890.0	 23.0	 31.0	3.000	 2.0	 1.0
1	2011	144	16408.0	 23.0	 31.0	3.000	 2.0	 0.0
1	2011	145	19299.0	 23.0	 31.0	3.000	 3.0	 1.0
1	2011	146	16821.0	 24.0	 29.0	3.000	 3.0	 3.0
1	2011	147	13267.0	 23.0	 29.0	3.000	 3.0	 1.0
1	2011	148	13533.0	 23.0	 29.0	3.000	 2.0	16.0
1	2011	149	20906.0	 22.0	 31.0	3.000	 2.0	 1.0
1	2011	150	16644.0	 23.0	 30.0	3.000	 2.0	 8.0
1	2011	151	14924.0	 22.0	 30.0	3.000	 2.0	 1.0
1	2011	152	14711.0	 22.0	 30.0	3.000	 2.0	 3.0
1	2011	153	11433.0	 23.0	 29.0	3.000	 2.0	 1.0
1	2011	154	16658.0	 23.0	 30.0	3.000	 2.0	 2.0
1	2011	155	15741.0	 23.0	 30.0	3.000	 2.0	 1.0
1	2011	156	7367.0	 23.0	 26.0	3.000	 1.0	 7.0
1	2011	157	14349.0	 22.0	 30.0	3.000	 2.0	 0.0
1	2011	158	18488.0	 23.0	 31.0	3.000	 2.0	 5.0
1	2011	159	11969.0	 23.0	 29.0	3.000	 2.0	 6.0
1	2011	160	13061.0	 22.0	 28.0	3.000	 2.0	 5.0
1	2011	161	10569.0	 22.0	 28.0	3.000	 2.0	 0.0
1	2011	162	15657.0	 23.0	 29.0	3.000	 3.0	 4.0
1	2011	163	13322.0	 22.0	 28.0	3.000	 2.0	 7.0
1	2011	164	16112.0	 21.0	 29.0	3.000	 2.0	 4.0
1	2011	165	16974.0	 22.0	 30.0	3.000	 2.0	 1.0
1	2011	166	18475.0	 22.0	 30.0	3.000	 2.0	 1.0
1	2011	167	16089.0	 23.0	 29.0	3.000	 3.0	 2.0
1	2011	168	17381.0	 23.0	 29.0	3.000	 2.0	 1.0
1	2011	169	10324.0	 22.0	 27.0	3.000	 2.0	 1.0
1	2011	170	15169.0	 22.0	 29.0	3.000	 2.0	 3.0
1	2011	171	15757.0	 22.0	 30.0	3.000	 2.0	 1.0
1	2011	172	15160.0	 23.0	 29.0	3.000	 2.0	 4.0
1	2011	173	16610.0	 22.0	 29.0	3.000	 2.0	 8.0
1	2011	174	15797.0	 23.0	 29.0	3.000	 2.0	 4.0
1	2011	175	12916.0	 22.0	 28.0	3.000	 2.0	12.0
1	2011	176	17921.0	 22.0	 29.0	3.000	 2.0	 8.0
1	2011	177	18086.0	 22.0	 29.0	3.000	 2.0	 3.0
1	2011	178	14524.0	 22.0	 28.0	3.000	 2.0	 1.0
1	2011	179	18827.0	 23.0	 29.0	3.000	 3.0	 2.0
1	2011	180	18327.0	 23.0	 29.0	3.000	 2.0	 1.0
1	2011	181	12080.0	 22.0	 27.0	3.000	 2.0	 9.0
1	2011	182	15682.0	 22.0	 28.0	3.000	 2.0	 6.0
1	2011	183	14689.0	 22.0	 29.0	3.000	 1.0	 1.0
1	2011	184	15601.0	 22.0	 29.0	3.000	 2.0	 4.0
1	2011	185	13805.0	 22.0	 27.0	3.000	 2.0	 8.0
1	2011	186	14353.0	 22.0	 28.0	3.000	 2.0	 1.0
1	2011	187	13932.0	 22.0	 29.0	3.000	 2.0	 5.0
1	2011	188	14048.0	 22.0	 29.0	3.000	 2.0	 7.0
1	2011	189	17792.0	 23.0	 29.0	3.000	 3.0	 3.0
1	2011	190	12391.0	 23.0	 28.0	3.000	 3.0	 4.0
1	2011	191	14985.0	 22.0	 28.0	3.000	 3.0	 4.0
1	2011	192	11513.0	 22.0	 26.0	3.000	 3.0	15.0
1	2011	193	15359.0	 21.0	 28.0	3.000	 2.0	 4.0
1	2011	194	16665.0	 22.0	 29.0	3.000	 3.0	 2.0
1	2011	195	13532.0	 22.0	 27.0	3.000	 3.0	 5.0
1	2011	196	15660.0	 22.0	 28.0	3.000	 1.0	 6.0
1	2011	197	12614.0	 22.0	 28.0	3.000	 2.0	 3.0
1	2011	198	17925.0	 22.0	 28.0	3.000	 2.0	 2.0
1	2011	199	6868.0	 22.0	 26.0	3.000	 2.0	15.0
1	2011	200	18137.0	 22.0	 29.0	3.000	 2.0	 1.0
1	2011	201	14348.0	 22.0	 29.0	3.000	 2.0	 3.0
1	2011	202	14932.0	 22.0	 29.0	3.000	 3.0	 9.0
1	2011	203	12105.0	 22.0	 28.0	3.000	 3.0	 1.0
1	2011	204	13845.0	 22.0	 28.0	3.000	 2.0	 2.0
1	2011	205	12083.0	 22.0	 27.0	3.000	 3.0	 1.0
1	2011	206	10556.0	 22.0	 25.0	2.000	 3.0	 2.0
1	2011	207	10303.0	 20.0	 25.0	2.000	 3.0	 1.0
1	2011	208	11183.0	 21.0	 27.0	2.000	 3.0	 0.0
1	2011	209	16505.0	 22.0	 28.0	2.000	 2.0	 1.0
1	2011	210	10470.0	 22.0	 27.0	3.000	 3.0	 2.0
1	2011	211	13773.0	 21.0	 28.0	3.000	 3.0	 1.0
1	2011	212	18090.0	 22.0	 29.0	3.000	 2.0	 2.0
1	2011	213	16202.0	 22.0	 30.0	3.000	 1.0	 1.0
1	2011	214	15633.0	 23.0	 29.0	3.000	 2.0	 5.0
1	2011	215	12587.0	 23.0	 29.0	3.000	 2.0	 4.0
1	2011	216	5557.0	 22.0	 24.0	3.000	 3.0	 8.0
1	2011	217	11153.0	 22.0	 28.0	3.000	 3.0	 1.0
1	2011	218	8714.0	 22.0	 26.0	3.000	 3.0	 1.0
1	2011	219	8894.0	 22.0	 26.0	3.000	 3.0	 2.0
1	2011	220	12993.0	 22.0	 28.0	3.000	 2.0	 1.0
1	2011	221	14277.0	 23.0	 28.0	3.000	 2.0	 1.0
1	2011	222	12270.0	 22.0	 28.0	3.000	 2.0	 0.0
1	2011	223	17892.0	 22.0	 29.0	3.000	 2.0	 1.0
1	2011	224	15067.0	 22.0	 28.0	3.000	 3.0	 4.0
1	2011	225	7347.0	 22.0	 25.0	3.000	 3.0	 6.0
1	2011	226	14399.0	 22.0	 28.0	3.000	 3.0	 2.0
1	2011	227	15069.0	 22.0	 28.0	3.000	 2.0	 1.0
1	2011	228	12803.0	 22.0	 28.0	3.000	 3.0	 4.0
1	2011	229	16559.0	 22.0	 29.0	3.000	 3.0	 2.0
1	2011	230	17830.0	 22.0	 29.0	2.000	 3.0	 2.0
1	2011	231	19012.0	 22.0	 28.0	2.000	 2.0	 1.0
1	2011	232	17942.0	 21.0	 29.0	2.000	 2.0	 0.0
1	2011	233	15418.0	 21.0	 28.0	2.000	 3.0	 0.0
1	2011	234	17672.0	 21.0	 29.0	2.000	 3.0	 1.0
1	2011	235	12434.0	 22.0	 28.0	3.000	 2.0	 3.0
1	2011	236	17345.0	 22.0	 29.0	3.000	 2.0	 5.0
1	2011	237	9976.0	 22.0	 28.0	3.000	 2.0	 3.0
1	2011	238	14544.0	 22.0	 28.0	3.000	 3.0	 2.0
1	2011	239	14455.0	 22.0	 29.0	3.000	 3.0	 8.0
1	2011	240	12822.0	 22.0	 28.0	3.000	 2.0	10.0
1	2011	241	16775.0	 22.0	 28.0	3.000	 2.0	 1.0
1	2011	242	18847.0	 22.0	 30.0	3.000	 2.0	 6.0
1	2011	243	12611.0	 22.0	 28.0	3.000	 3.0	 8.0
1	2011	244	18859.0	 22.0	 29.0	3.000	 2.0	 4.0
1	2011	245	14575.0	 22.0	 29.0	3.000	 1.0	 3.0
1	2011	246	11504.0	 21.0	 27.0	3.000	 2.0	 8.0
1	2011	247	18971.0	 22.0	 29.0	3.000	 2.0	 2.0
1	2011	248	15910.0	 22.0	 29.0	3.000	 1.0	 1.0
1	2011	249	16911.0	 22.0	 29.0	3.000	 1.0	14.0
1	2011	250	19227.0	 22.0	 29.0	3.000	 2.0	 3.0
1	2011	251	11573.0	 22.0	 28.0	3.000	 2.0	 1.0
1	2011	252	14118.0	 22.0	 28.0	3.000	 2.0	 4.0
1	2011	253	16108.0	 22.0	 29.0	3.000	 2.0	 2.0
1	2011	254	14649.0	 22.0	 28.0	3.000	 2.0	 1.0
1	2011	255	16815.0	 22.0	 28.0	3.000	 2.0	 2.0
1	2011	256	15175.0	 22.0	 28.0	3.000	 2.0	 3.0
1	2011	257	11557.0	 22.0	 27.0	3.000	 3.0	 4.0
1	2011	258	15899.0	 22.0	 29.0	3.000	 2.0	 1.0
1	2011	259	19823.0	 22.0	 29.0	3.000	 3.0	 4.0
1	2011	260	9903.0	 22.0	 26.0	3.000	 3.0	 4.0
1	2011	261	18818.0	 22.0	 29.0	3.000	 2.0	 2.0
1	2011	262	18529.0	 22.0	 29.0	3.000	 1.0	 2.0
1	2011	263	15334.0	 22.0	 29.0	3.000	 1.0	 8.0
1	2011	264	15958.0	 22.0	 29.0	3.000	 2.0	 9.0
1	2011	265	19072.0	 22.0	 29.0	3.000	 2.0	 1.0
1	2011	266	17649.0	 22.0	 30.0	3.000	 1.0	 3.0
1	2011	267	15158.0	 22.0	 28.0	3.000	 1.0	12.0
1	2011	268	15158.0	 22.0	 29.0	3.000	 2.0	10.0
1	2011	269	20159.0	 22.0	 30.0	3.000	 1.0	 6.0
1	2011	270	10018.0	 22.0	 27.0	3.000	 1.0	 3.0
1	2011	271	12294.0	 22.0	 27.0	3.000	 1.0	 6.0
1	2011	272	17105.0	 22.0	 29.0	3.000	 2.0	 3.0
1	2011	273	17618.0	 22.0	 29.0	3.000	 2.0	 2.0
1	2011	274	4556.0	 22.0	 24.0	3.000	 0.0	28.0
1	2011	275	10357.0	 21.0	 28.0	3.000	 2.0	 1.0
1	2011	276	17227.0	 22.0	 29.0	3.000	 1.0	 1.0
1	2011	277	19302.0	 22.0	 30.0	3.000	 2.0	 4.0
1	2011	278	19082.0	 23.0	 30.0	3.000	 2.0	 2.0
1	2011	279	15321.0	 23.0	 29.0	3.000	 2.0	 1.0
1	2011	280	13192.0	 23.0	 29.0	3.000	 2.0	 4.0
1	2011	281	14169.0	 22.0	 28.0	3.000	 1.0	 9.0
1	2011	282	15693.0	 22.0	 29.0	3.000	 1.0	 5.0
1	2011	283	16959.0	 22.0	 29.0	3.000	 2.0	13.0
1	2011	284	18076.0	 22.0	 29.0	3.000	 1.0	12.0
1	2011	285	18609.0	 23.0	 29.0	3.000	 2.0	 3.0
1	2011	286	13048.0	 22.0	 28.0	3.000	 1.0	11.0
1	2011	287	19085.0	 22.0	 29.0	3.000	 2.0	 3.0
1	2011	288	15690.0	 22.0	 29.0	3.000	 1.0	 7.0
1	2011	289	15614.0	 23.0	 29.0	3.000	 1.0	 2.0
1	2011	290	18591.0	 23.0	 30.0	3.000	 1.0	 6.0
1	2011	291	16674.0	 22.0	 30.0	3.000	 2.0	 8.0
1	2011	292	19608.0	 23.0	 30.0	3.000	 1.0	 3.0
1	2011	293	18765.0	 23.0	 30.0	3.000	 1.0	 3.0
1	2011	294	15634.0	 23.0	 29.0	3.000	 1.0	 5.0
1	2011	295	10880.0	 22.0	 26.0	3.000	 2.0	14.0
1	2011	296	13810.0	 22.0	 28.0	3.000	 2.0	 7.0
1	2011	297	19639.0	 21.0	 29.0	3.000	 1.0	16.0
1	2011	298	9880.0	 22.0	 27.0	3.000	 2.0	13.0
1	2011	299	12716.0	 21.0	 26.0	3.000	 0.0	12.0
1	2011	300	17851.0	 21.0	 29.0	3.000	 2.0	 0.0
1	2011	301	19866.0	 22.0	 29.0	3.000	 2.0	 1.0
1	2011	302	21586.0	 21.0	 29.0	3.000	 1.0	 0.0
1	2011	303	19047.0	 22.0	 30.0	3.000	 2.0	 0.0
1	2011	304	18070.0	 22.0	 30.0	3.000	 2.0	 0.0
1	2011	305	18131.0	 23.0	 30.0	3.000	 2.0	 1.0
1	2011	306	17297.0	 23.0	 29.0	3.000	 1.0	 1.0
1	2011	307	15928.0	 23.0	 29.0	3.000	 2.0	 1.0
1	2011	308	15781.0	 23.0	 29.0	3.000	 2.0	 1.0
1	2011	309	16951.0	 23.0	 29.0	3.000	 2.0	 1.0
1	2011	310	18043.0	 22.0	 29.0	3.000	 1.0	 0.0
1	2011	311	17357.0	 22.0	 29.0	3.000	 2.0	 0.0
1	2011	312	18079.0	 23.0	 30.0	3.000	 2.0	 0.0
1	2011	313	17249.0	 23.0	 30.0	3.000	 2.0	 0.0
1	2011	314	19467.0	 22.0	 30.0	3.000	 1.0	 1.0
1	2011	315	14469.0	 23.0	 29.0	3.000	 2.0	 2.0
1	2011	316	19225.0	 22.0	 30.0	3.000	 2.0	 1.0
1	2011	317	16305.0	 23.0	 29.0	3.000	 2.0	 0.0
1	2011	318	13741.0	 23.0	 29.0	3.000	 2.0	 1.0
1	2011	319	18027.0	 22.0	 30.0	3.000	 2.0	 1.0
1	2011	320	17562.0	 23.0	 30.0	3.000	 1.0	 1.0
1	2011	321	17519.0	 22.0	 30.0	3.000	 1.0	 1.0
1	2011	322	12495.0	 22.0	 28.0	3.000	 2.0	 0.0
1	2011	323	16341.0	 23.0	 30.0	3.000	 2.0	 1.0
1	2011	324	16168.0	 23.0	 30.0	3.000	 2.0	 0.0
1	2011	325	18920.0	 23.0	 31.0	3.000	 2.0	 0.0
1	2011	326	16261.0	 23.0	 30.0	3.000	 2.0	 0.0
1	2011	327	18164.0	 23.0	 30.0	3.000	 2.0	 0.0
1	2011	328	17521.0	 23.0	 30.0	3.000	 2.0	 1.0
1	2011	329	17731.0	 23.0	 30.0	3.000	 2.0	 1.0
1	2011	330	16086.0	 22.0	 29.0	3.000	 2.0	 1.0
1	2011	331	16353.0	 22.0	 29.0	3.000	 2.0	 0.0
1	2011	332	17849.0	 22.0	 30.0	3.000	 2.0	 0.0
1	2011	333	17199.0	 23.0	 31.0	3.000	 1.0	 1.0
1	2011	334	18210.0	 22.0	 32.0	3.000	 1.0	 0.0
1	2011	335	20806.0	 22.0	 32.0	3.000	 1.0	 0.0
1	2011	336	21274.0	 22.0	 32.0	2.000	 2.0	 0.0
1	2011	337	20828.0	 23.0	 32.0	2.000	 1.0	 0.0
1	2011	338	21151.0	 22.0	 32.0	2.000	 2.0	 0.0
1	2011	339	18740.0	 23.0	 32.0	2.000	 2.0	 0.0
1	2011	340	18122.0	 22.0	 32.0	3.000	 1.0	 0.0
1	2011	341	17294.0	 22.0	 31.0	3.000	 1.0	 0.0
1	2011	342	17761.0	 23.0	 32.0	3.000	 1.0	 0.0
1	2011	343	18839.0	 22.0	 32.0	3.000	 1.0	 0.0
1	2011	344	19703.0	 23.0	 32.0	2.000	 1.0	 0.0
1	2011	345	20690.0	 22.0	 33.0	2.000	 0.0	 0.0
1	2011	346	19999.0	 22.0	 33.0	2.000	 0.0	 0.0
1	2011	347	21665.0	 21.0	 33.0	2.000	 1.0	 0.0
1	2011	348	20655.0	 22.0	 32.0	2.000	 1.0	 0.0
1	2011	349	20685.0	 21.0	 33.0	2.000	 0.0	 0.0
1	2011	350	22193.0	 21.0	 34.0	2.000	 1.0	 0.0
1	2011	351	20455.0	 21.0	 32.0	2.000	 1.0	 0.0
1	2011	352	18664.0	 22.0	 32.0	2.000	 2.0	 0.0
1	2011	353	19708.0	 23.0	 33.0	2.000	 2.0	 0.0
1	2011	354	17657.0	 23.0	 32.0	3.000	 2.0	 0.0
1	2011	355	18184.0	 23.0	 32.0	2.000	 2.0	 0.0
1	2011	356	18989.0	 23.0	 32.0	2.000	 1.0	 0.0
1	2011	357	19566.0	 23.0	 33.0	2.000	 1.0	 0.0
1	2011	358	19513.0	 23.0	 33.0	2.000	 1.0	 0.0
1	2011	359	18871.0	 23.0	 33.0	2.000	 1.0	 0.0
1	2011	360	19414.0	 23.0	 33.0	2.000	 2.0	 0.0
1	2011	361	19662.0	 24.0	 33.0	3.000	 1.0	 1.0
1	2011	362	18655.0	 24.0	 33.0	2.000	 2.0	 0.0
1	2011	363	17743.0	 24.0	 32.0	2.000	 1.0	 0.0
1	2011	364	21138.0	 21.0	 33.0	1.000	 1.0	 0.0
1	2011	365	22516.0	 19.0	 34.0	1.000	 1.0	 0.0
