*---------------------------------------------------
* Station: Ashanti
* Year: 2018
* Origin: ERA5-Reanalysis
* Columns & units
* ===================
* 1. station number
* 2. year
* 3. Day of Year
* 4. Irradiance   (kJ路m-2路d-1)
* 5. Daily minimum temperature (degC)
* 6. Daily maximum temperature (degC)
* 7. Vapour pressure (kPa)
* 8. Mean wind speed (m路s-1)
* 9. Precipitation (mm路d-1)
** WCCDESCRIPTION=Ashanti
** WCCFORMAT=2
** WCCYEARNR=2018
*------------------------------------------------------------*
-1.46  6.80  289.00 -0.18  -0.55
1	2018	1	21240.0	 23.0	 33.0	2.000	 1.0	 0.0
1	2018	2	20520.0	 22.0	 32.0	2.000	 1.0	 0.0
1	2018	3	21906.0	 22.0	 33.0	2.000	 0.0	 0.0
1	2018	4	22464.0	 21.0	 34.0	2.000	 1.0	 0.0
1	2018	5	22360.0	 20.0	 33.0	2.000	 1.0	 0.0
1	2018	6	19595.0	 22.0	 32.0	2.000	 1.0	 0.0
1	2018	7	15788.0	 23.0	 30.0	3.000	 2.0	 1.0
1	2018	8	17275.0	 23.0	 31.0	3.000	 1.0	 0.0
1	2018	9	20287.0	 23.0	 34.0	2.000	 1.0	 0.0
1	2018	10	20387.0	 23.0	 32.0	2.000	 1.0	 0.0
1	2018	11	20693.0	 23.0	 33.0	2.000	 1.0	 0.0
1	2018	12	20994.0	 22.0	 33.0	2.000	 1.0	 0.0
1	2018	13	22444.0	 21.0	 33.0	2.000	 1.0	 0.0
1	2018	14	20463.0	 19.0	 32.0	2.000	 1.0	 0.0
1	2018	15	20564.0	 21.0	 33.0	2.000	 2.0	 0.0
1	2018	16	18430.0	 23.0	 32.0	3.000	 2.0	 0.0
1	2018	17	19165.0	 24.0	 33.0	3.000	 2.0	 0.0
1	2018	18	20052.0	 23.0	 33.0	2.000	 1.0	 0.0
1	2018	19	20402.0	 23.0	 33.0	2.000	 2.0	 0.0
1	2018	20	20635.0	 24.0	 33.0	2.000	 1.0	 0.0
1	2018	21	21594.0	 23.0	 34.0	2.000	 1.0	 0.0
1	2018	22	22472.0	 22.0	 34.0	2.000	 1.0	 0.0
1	2018	23	21429.0	 23.0	 34.0	2.000	 1.0	 0.0
1	2018	24	21333.0	 24.0	 34.0	2.000	 1.0	 0.0
1	2018	25	18892.0	 23.0	 33.0	2.000	 1.0	 0.0
1	2018	26	21713.0	 23.0	 34.0	2.000	 2.0	 0.0
1	2018	27	20903.0	 23.0	 34.0	2.000	 2.0	 0.0
1	2018	28	18324.0	 24.0	 33.0	2.000	 1.0	 0.0
1	2018	29	20762.0	 24.0	 34.0	3.000	 1.0	 0.0
1	2018	30	21644.0	 23.0	 35.0	2.000	 1.0	 0.0
1	2018	31	19409.0	 24.0	 33.0	3.000	 2.0	 0.0
1	2018	32	19940.0	 24.0	 34.0	3.000	 2.0	 0.0
1	2018	33	20310.0	 25.0	 34.0	3.000	 2.0	 0.0
1	2018	34	21168.0	 24.0	 35.0	3.000	 1.0	 0.0
1	2018	35	21039.0	 25.0	 36.0	3.000	 1.0	 0.0
1	2018	36	20305.0	 25.0	 36.0	3.000	 2.0	 0.0
1	2018	37	19497.0	 25.0	 35.0	3.000	 2.0	 0.0
1	2018	38	17026.0	 25.0	 34.0	3.000	 2.0	 0.0
1	2018	39	17963.0	 25.0	 35.0	2.000	 2.0	 0.0
1	2018	40	19840.0	 25.0	 36.0	2.000	 1.0	 0.0
1	2018	41	21618.0	 24.0	 35.0	2.000	 2.0	 0.0
1	2018	42	12871.0	 25.0	 34.0	2.000	 2.0	 0.0
1	2018	43	22894.0	 25.0	 37.0	2.000	 0.0	 0.0
1	2018	44	20293.0	 25.0	 35.0	2.000	 1.0	 0.0
1	2018	45	22134.0	 25.0	 37.0	2.000	 1.0	 0.0
1	2018	46	21048.0	 25.0	 36.0	2.000	 2.0	 0.0
1	2018	47	22504.0	 24.0	 37.0	2.000	 2.0	 0.0
1	2018	48	21226.0	 25.0	 36.0	3.000	 2.0	 0.0
1	2018	49	19495.0	 25.0	 34.0	3.000	 3.0	 5.0
1	2018	50	20211.0	 24.0	 34.0	3.000	 2.0	 2.0
1	2018	51	19369.0	 24.0	 32.0	3.000	 2.0	 6.0
1	2018	52	20047.0	 22.0	 33.0	2.000	 3.0	 0.0
1	2018	53	22554.0	 24.0	 34.0	3.000	 3.0	 0.0
1	2018	54	21617.0	 24.0	 34.0	3.000	 3.0	 0.0
1	2018	55	16569.0	 23.0	 32.0	3.000	 2.0	 1.0
1	2018	56	16974.0	 23.0	 32.0	3.000	 1.0	23.0
1	2018	57	17518.0	 23.0	 31.0	3.000	 1.0	30.0
1	2018	58	19100.0	 23.0	 32.0	3.000	 2.0	11.0
1	2018	59	18497.0	 23.0	 32.0	3.000	 2.0	 5.0
1	2018	60	18658.0	 23.0	 31.0	3.000	 2.0	 6.0
1	2018	61	16814.0	 23.0	 30.0	3.000	 2.0	 0.0
1	2018	62	22539.0	 23.0	 32.0	3.000	 2.0	 0.0
1	2018	63	17864.0	 23.0	 31.0	3.000	 2.0	 4.0
1	2018	64	17319.0	 23.0	 30.0	3.000	 3.0	 1.0
1	2018	65	23709.0	 23.0	 32.0	3.000	 2.0	 2.0
1	2018	66	21587.0	 24.0	 32.0	3.000	 2.0	 1.0
1	2018	67	21649.0	 23.0	 32.0	3.000	 2.0	 2.0
1	2018	68	18138.0	 23.0	 32.0	3.000	 2.0	13.0
1	2018	69	16513.0	 23.0	 31.0	3.000	 3.0	 2.0
1	2018	70	15338.0	 23.0	 31.0	3.000	 3.0	 1.0
1	2018	71	17219.0	 24.0	 31.0	3.000	 3.0	 4.0
1	2018	72	17616.0	 24.0	 32.0	3.000	 3.0	 1.0
1	2018	73	22397.0	 23.0	 32.0	3.000	 2.0	 0.0
1	2018	74	18265.0	 24.0	 32.0	3.000	 3.0	 1.0
1	2018	75	18626.0	 24.0	 30.0	3.000	 3.0	 9.0
1	2018	76	20828.0	 24.0	 31.0	3.000	 2.0	 2.0
1	2018	77	19772.0	 23.0	 31.0	3.000	 2.0	 0.0
1	2018	78	21497.0	 24.0	 31.0	3.000	 3.0	 2.0
1	2018	79	21393.0	 24.0	 32.0	3.000	 3.0	 0.0
1	2018	80	21272.0	 24.0	 32.0	3.000	 3.0	 5.0
1	2018	81	18862.0	 24.0	 32.0	3.000	 2.0	 5.0
1	2018	82	18539.0	 24.0	 31.0	3.000	 2.0	22.0
1	2018	83	18466.0	 23.0	 30.0	3.000	 1.0	 6.0
1	2018	84	20302.0	 23.0	 30.0	3.000	 1.0	 4.0
1	2018	85	23402.0	 23.0	 32.0	3.000	 2.0	 0.0
1	2018	86	19052.0	 24.0	 31.0	3.000	 2.0	 0.0
1	2018	87	18565.0	 24.0	 31.0	3.000	 3.0	 0.0
1	2018	88	16027.0	 24.0	 31.0	3.000	 3.0	 1.0
1	2018	89	20752.0	 24.0	 32.0	3.000	 2.0	 7.0
1	2018	90	19489.0	 23.0	 31.0	3.000	 2.0	 2.0
1	2018	91	21479.0	 24.0	 32.0	3.000	 2.0	 4.0
1	2018	92	15082.0	 24.0	 31.0	3.000	 3.0	 2.0
1	2018	93	16445.0	 23.0	 31.0	3.000	 3.0	 0.0
1	2018	94	17841.0	 24.0	 31.0	3.000	 3.0	 0.0
1	2018	95	20228.0	 24.0	 32.0	3.000	 2.0	 0.0
1	2018	96	21668.0	 24.0	 32.0	3.000	 2.0	 9.0
1	2018	97	18139.0	 24.0	 31.0	3.000	 3.0	 5.0
1	2018	98	18029.0	 23.0	 30.0	3.000	 2.0	 3.0
1	2018	99	21168.0	 23.0	 31.0	3.000	 2.0	 1.0
1	2018	100	14058.0	 23.0	 29.0	3.000	 2.0	 0.0
1	2018	101	22071.0	 22.0	 31.0	3.000	 2.0	 0.0
1	2018	102	21297.0	 24.0	 32.0	3.000	 3.0	 0.0
1	2018	103	19284.0	 24.0	 31.0	3.000	 3.0	 2.0
1	2018	104	22284.0	 24.0	 32.0	3.000	 3.0	 0.0
1	2018	105	18543.0	 23.0	 31.0	3.000	 1.0	 6.0
1	2018	106	24698.0	 23.0	 33.0	3.000	 2.0	 6.0
1	2018	107	18744.0	 24.0	 31.0	3.000	 2.0	 1.0
1	2018	108	20772.0	 25.0	 32.0	3.000	 3.0	 3.0
1	2018	109	15196.0	 24.0	 31.0	3.000	 3.0	 0.0
1	2018	110	19919.0	 24.0	 32.0	3.000	 2.0	 7.0
1	2018	111	14719.0	 23.0	 30.0	3.000	 2.0	 1.0
1	2018	112	18158.0	 23.0	 31.0	3.000	 3.0	 0.0
1	2018	113	15953.0	 23.0	 31.0	3.000	 3.0	 0.0
1	2018	114	20424.0	 24.0	 33.0	3.000	 3.0	 2.0
1	2018	115	20299.0	 24.0	 32.0	3.000	 3.0	 1.0
1	2018	116	18208.0	 24.0	 32.0	3.000	 3.0	 1.0
1	2018	117	24147.0	 24.0	 34.0	3.000	 2.0	 1.0
1	2018	118	19104.0	 24.0	 32.0	3.000	 1.0	 2.0
1	2018	119	14843.0	 23.0	 30.0	3.000	 3.0	12.0
1	2018	120	16369.0	 24.0	 30.0	3.000	 3.0	 1.0
1	2018	121	18646.0	 24.0	 31.0	3.000	 2.0	 9.0
1	2018	122	21940.0	 23.0	 32.0	3.000	 2.0	 4.0
1	2018	123	15333.0	 24.0	 30.0	3.000	 3.0	10.0
1	2018	124	14600.0	 24.0	 30.0	3.000	 3.0	 0.0
1	2018	125	21476.0	 23.0	 31.0	3.000	 2.0	 7.0
1	2018	126	11873.0	 23.0	 28.0	3.000	 2.0	 7.0
1	2018	127	20689.0	 22.0	 31.0	3.000	 2.0	 0.0
1	2018	128	21093.0	 23.0	 31.0	3.000	 2.0	 1.0
1	2018	129	15764.0	 23.0	 30.0	3.000	 3.0	 8.0
1	2018	130	17919.0	 24.0	 31.0	3.000	 3.0	 8.0
1	2018	131	3505.0	 23.0	 24.0	3.000	 1.0	133.0
1	2018	132	18593.0	 22.0	 29.0	3.000	 2.0	 2.0
1	2018	133	10844.0	 23.0	 28.0	3.000	 2.0	 5.0
1	2018	134	20714.0	 23.0	 30.0	3.000	 2.0	 0.0
1	2018	135	16985.0	 23.0	 30.0	3.000	 3.0	 3.0
1	2018	136	18242.0	 24.0	 30.0	3.000	 2.0	 3.0
1	2018	137	15011.0	 23.0	 30.0	3.000	 2.0	 5.0
1	2018	138	16089.0	 23.0	 29.0	3.000	 2.0	 1.0
1	2018	139	16615.0	 23.0	 30.0	3.000	 2.0	12.0
1	2018	140	15104.0	 22.0	 30.0	3.000	 3.0	 0.0
1	2018	141	17760.0	 23.0	 31.0	3.000	 3.0	 0.0
1	2018	142	17381.0	 24.0	 30.0	3.000	 2.0	 2.0
1	2018	143	17504.0	 24.0	 30.0	3.000	 2.0	 9.0
1	2018	144	18867.0	 24.0	 30.0	3.000	 3.0	 1.0
1	2018	145	15552.0	 24.0	 30.0	3.000	 2.0	 0.0
1	2018	146	15769.0	 23.0	 30.0	3.000	 3.0	12.0
1	2018	147	13398.0	 23.0	 28.0	3.000	 2.0	17.0
1	2018	148	17440.0	 22.0	 29.0	3.000	 2.0	 1.0
1	2018	149	17918.0	 23.0	 30.0	3.000	 2.0	 2.0
1	2018	150	18840.0	 23.0	 30.0	3.000	 2.0	 6.0
1	2018	151	16697.0	 23.0	 29.0	3.000	 2.0	 3.0
1	2018	152	16432.0	 23.0	 30.0	3.000	 2.0	 0.0
1	2018	153	18228.0	 23.0	 30.0	3.000	 2.0	 4.0
1	2018	154	12846.0	 22.0	 28.0	3.000	 2.0	 9.0
1	2018	155	17612.0	 23.0	 30.0	3.000	 2.0	 5.0
1	2018	156	17982.0	 23.0	 30.0	3.000	 2.0	 1.0
1	2018	157	17380.0	 24.0	 30.0	3.000	 2.0	 1.0
1	2018	158	16735.0	 23.0	 30.0	3.000	 2.0	 3.0
1	2018	159	15061.0	 23.0	 30.0	3.000	 2.0	 0.0
1	2018	160	15697.0	 24.0	 29.0	3.000	 2.0	 9.0
1	2018	161	14452.0	 23.0	 29.0	3.000	 2.0	 2.0
1	2018	162	15197.0	 23.0	 29.0	3.000	 2.0	 6.0
1	2018	163	18500.0	 23.0	 30.0	3.000	 2.0	 1.0
1	2018	164	15732.0	 23.0	 30.0	3.000	 2.0	 3.0
1	2018	165	17053.0	 23.0	 30.0	3.000	 2.0	 4.0
1	2018	166	16940.0	 23.0	 29.0	3.000	 2.0	 6.0
1	2018	167	15162.0	 23.0	 29.0	3.000	 3.0	 5.0
1	2018	168	5964.0	 23.0	 25.0	3.000	 3.0	 7.0
1	2018	169	16713.0	 22.0	 30.0	3.000	 3.0	 4.0
1	2018	170	17881.0	 21.0	 29.0	3.000	 3.0	 0.0
1	2018	171	15597.0	 22.0	 28.0	3.000	 3.0	 2.0
1	2018	172	10624.0	 22.0	 26.0	3.000	 3.0	11.0
1	2018	173	12598.0	 22.0	 27.0	3.000	 3.0	 3.0
1	2018	174	11679.0	 22.0	 27.0	3.000	 3.0	 3.0
1	2018	175	13777.0	 22.0	 27.0	3.000	 2.0	 5.0
1	2018	176	15265.0	 22.0	 28.0	3.000	 2.0	 1.0
1	2018	177	16420.0	 21.0	 28.0	3.000	 2.0	 5.0
1	2018	178	14917.0	 21.0	 28.0	3.000	 3.0	 2.0
1	2018	179	13476.0	 22.0	 28.0	3.000	 2.0	 4.0
1	2018	180	13731.0	 22.0	 27.0	3.000	 3.0	 6.0
1	2018	181	11017.0	 22.0	 27.0	3.000	 3.0	 6.0
1	2018	182	4798.0	 21.0	 24.0	3.000	 2.0	37.0
1	2018	183	14339.0	 21.0	 28.0	3.000	 2.0	 3.0
1	2018	184	18803.0	 22.0	 29.0	3.000	 2.0	 3.0
1	2018	185	14370.0	 22.0	 28.0	3.000	 2.0	 2.0
1	2018	186	14427.0	 22.0	 29.0	3.000	 2.0	11.0
1	2018	187	10777.0	 22.0	 27.0	3.000	 2.0	22.0
1	2018	188	15143.0	 21.0	 28.0	3.000	 2.0	 6.0
1	2018	189	13568.0	 22.0	 28.0	3.000	 2.0	 2.0
1	2018	190	12382.0	 22.0	 26.0	3.000	 2.0	 1.0
1	2018	191	18813.0	 22.0	 29.0	3.000	 2.0	 2.0
1	2018	192	15864.0	 22.0	 28.0	3.000	 2.0	 1.0
1	2018	193	15477.0	 22.0	 28.0	3.000	 3.0	 2.0
1	2018	194	14272.0	 22.0	 28.0	3.000	 2.0	 3.0
1	2018	195	14076.0	 22.0	 28.0	3.000	 2.0	 5.0
1	2018	196	16129.0	 22.0	 27.0	3.000	 3.0	 2.0
1	2018	197	13050.0	 22.0	 27.0	3.000	 3.0	 4.0
1	2018	198	11150.0	 22.0	 26.0	3.000	 2.0	 8.0
1	2018	199	14491.0	 22.0	 28.0	3.000	 2.0	 1.0
1	2018	200	18499.0	 23.0	 29.0	3.000	 2.0	 2.0
1	2018	201	15859.0	 22.0	 29.0	3.000	 3.0	 9.0
1	2018	202	13704.0	 22.0	 28.0	3.000	 3.0	14.0
1	2018	203	16606.0	 22.0	 29.0	3.000	 2.0	 1.0
1	2018	204	15896.0	 23.0	 29.0	3.000	 1.0	 4.0
1	2018	205	14623.0	 22.0	 29.0	3.000	 3.0	 2.0
1	2018	206	11200.0	 23.0	 27.0	3.000	 3.0	 3.0
1	2018	207	9334.0	 22.0	 27.0	3.000	 3.0	14.0
1	2018	208	19579.0	 22.0	 30.0	3.000	 2.0	 1.0
1	2018	209	18063.0	 22.0	 29.0	3.000	 2.0	 2.0
1	2018	210	12721.0	 22.0	 27.0	3.000	 3.0	 7.0
1	2018	211	12746.0	 22.0	 27.0	2.000	 3.0	 1.0
1	2018	212	17625.0	 21.0	 28.0	2.000	 2.0	 0.0
1	2018	213	17265.0	 21.0	 28.0	2.000	 2.0	 0.0
1	2018	214	14964.0	 21.0	 28.0	2.000	 2.0	 0.0
1	2018	215	11617.0	 22.0	 27.0	3.000	 3.0	 1.0
1	2018	216	15410.0	 22.0	 28.0	3.000	 3.0	 1.0
1	2018	217	16880.0	 22.0	 28.0	2.000	 2.0	 0.0
1	2018	218	17142.0	 21.0	 29.0	2.000	 2.0	 0.0
1	2018	219	13565.0	 21.0	 27.0	2.000	 3.0	 1.0
1	2018	220	18283.0	 21.0	 29.0	2.000	 2.0	 1.0
1	2018	221	18395.0	 22.0	 29.0	3.000	 2.0	 1.0
1	2018	222	17694.0	 22.0	 29.0	3.000	 3.0	 2.0
1	2018	223	15261.0	 22.0	 29.0	3.000	 3.0	 1.0
1	2018	224	18080.0	 23.0	 29.0	3.000	 3.0	 1.0
1	2018	225	8804.0	 22.0	 26.0	3.000	 2.0	 5.0
1	2018	226	11662.0	 21.0	 27.0	3.000	 2.0	 5.0
1	2018	227	18548.0	 22.0	 29.0	3.000	 3.0	 2.0
1	2018	228	19048.0	 22.0	 30.0	3.000	 3.0	 1.0
1	2018	229	14900.0	 23.0	 29.0	3.000	 3.0	 3.0
1	2018	230	11525.0	 23.0	 27.0	3.000	 3.0	 4.0
1	2018	231	13909.0	 22.0	 28.0	3.000	 3.0	 7.0
1	2018	232	17384.0	 22.0	 29.0	3.000	 3.0	 6.0
1	2018	233	12864.0	 22.0	 29.0	3.000	 3.0	 4.0
1	2018	234	9915.0	 22.0	 27.0	3.000	 3.0	27.0
1	2018	235	12277.0	 22.0	 27.0	3.000	 3.0	 5.0
1	2018	236	10120.0	 22.0	 27.0	3.000	 3.0	21.0
1	2018	237	2899.0	 22.0	 23.0	3.000	 4.0	39.0
1	2018	238	14434.0	 22.0	 27.0	3.000	 3.0	 3.0
1	2018	239	15478.0	 22.0	 29.0	3.000	 2.0	 1.0
1	2018	240	18315.0	 22.0	 29.0	3.000	 2.0	 1.0
1	2018	241	14601.0	 22.0	 27.0	3.000	 2.0	 1.0
1	2018	242	13958.0	 22.0	 28.0	3.000	 2.0	 5.0
1	2018	243	12374.0	 22.0	 28.0	3.000	 3.0	16.0
1	2018	244	10999.0	 22.0	 27.0	3.000	 3.0	 4.0
1	2018	245	18828.0	 22.0	 28.0	3.000	 2.0	 2.0
1	2018	246	19185.0	 23.0	 29.0	3.000	 2.0	 1.0
1	2018	247	6812.0	 22.0	 26.0	3.000	 1.0	29.0
1	2018	248	16257.0	 22.0	 28.0	3.000	 2.0	 4.0
1	2018	249	17545.0	 22.0	 29.0	3.000	 2.0	 6.0
1	2018	250	16055.0	 22.0	 29.0	3.000	 3.0	 8.0
1	2018	251	12657.0	 22.0	 28.0	3.000	 3.0	 8.0
1	2018	252	16177.0	 22.0	 28.0	3.000	 2.0	 1.0
1	2018	253	17348.0	 22.0	 29.0	3.000	 2.0	 1.0
1	2018	254	12742.0	 22.0	 28.0	3.000	 1.0	15.0
1	2018	255	3581.0	 22.0	 23.0	3.000	 1.0	49.0
1	2018	256	16417.0	 21.0	 29.0	3.000	 1.0	 1.0
1	2018	257	20593.0	 22.0	 30.0	3.000	 2.0	 3.0
1	2018	258	19341.0	 22.0	 29.0	3.000	 2.0	 2.0
1	2018	259	15367.0	 22.0	 29.0	3.000	 1.0	 6.0
1	2018	260	18845.0	 22.0	 29.0	3.000	 1.0	 2.0
1	2018	261	14874.0	 23.0	 28.0	3.000	 1.0	 3.0
1	2018	262	16114.0	 22.0	 29.0	3.000	 2.0	14.0
1	2018	263	14889.0	 23.0	 29.0	3.000	 1.0	 9.0
1	2018	264	14664.0	 23.0	 28.0	3.000	 2.0	10.0
1	2018	265	11862.0	 22.0	 27.0	3.000	 2.0	 6.0
1	2018	266	8666.0	 22.0	 27.0	3.000	 1.0	44.0
1	2018	267	11183.0	 22.0	 27.0	3.000	 1.0	 2.0
1	2018	268	16272.0	 23.0	 29.0	3.000	 2.0	 7.0
1	2018	269	10043.0	 22.0	 27.0	3.000	 2.0	 9.0
1	2018	270	16195.0	 22.0	 29.0	3.000	 2.0	 1.0
1	2018	271	12789.0	 22.0	 27.0	3.000	 2.0	 7.0
1	2018	272	20055.0	 22.0	 30.0	3.000	 1.0	 6.0
1	2018	273	15562.0	 23.0	 29.0	3.000	 1.0	 3.0
1	2018	274	19302.0	 23.0	 31.0	3.000	 1.0	 2.0
1	2018	275	17100.0	 23.0	 29.0	3.000	 1.0	 8.0
1	2018	276	17677.0	 22.0	 29.0	3.000	 1.0	 8.0
1	2018	277	13170.0	 22.0	 28.0	3.000	 1.0	 2.0
1	2018	278	17630.0	 22.0	 29.0	3.000	 1.0	 4.0
1	2018	279	15118.0	 23.0	 29.0	3.000	 1.0	 3.0
1	2018	280	18782.0	 23.0	 30.0	3.000	 1.0	 4.0
1	2018	281	10093.0	 22.0	 28.0	3.000	 1.0	 4.0
1	2018	282	17248.0	 23.0	 29.0	3.000	 1.0	11.0
1	2018	283	15169.0	 23.0	 29.0	3.000	 1.0	 1.0
1	2018	284	14314.0	 22.0	 29.0	3.000	 1.0	 6.0
1	2018	285	17245.0	 22.0	 29.0	3.000	 2.0	10.0
1	2018	286	14385.0	 22.0	 28.0	3.000	 1.0	 8.0
1	2018	287	20356.0	 23.0	 30.0	3.000	 1.0	 1.0
1	2018	288	15136.0	 23.0	 29.0	3.000	 1.0	 6.0
1	2018	289	16731.0	 22.0	 30.0	3.000	 1.0	 6.0
1	2018	290	20846.0	 23.0	 30.0	3.000	 1.0	 2.0
1	2018	291	17461.0	 23.0	 29.0	3.000	 2.0	 1.0
1	2018	292	19340.0	 23.0	 30.0	3.000	 1.0	 1.0
1	2018	293	19916.0	 23.0	 31.0	3.000	 1.0	 1.0
1	2018	294	18992.0	 23.0	 30.0	3.000	 2.0	 2.0
1	2018	295	14295.0	 23.0	 28.0	3.000	 1.0	 9.0
1	2018	296	11066.0	 22.0	 28.0	3.000	 2.0	 1.0
1	2018	297	17408.0	 23.0	 30.0	3.000	 2.0	 2.0
1	2018	298	17757.0	 22.0	 29.0	3.000	 1.0	 1.0
1	2018	299	17206.0	 23.0	 30.0	3.000	 1.0	 1.0
1	2018	300	20887.0	 23.0	 30.0	3.000	 1.0	 2.0
1	2018	301	16963.0	 23.0	 30.0	3.000	 1.0	13.0
1	2018	302	9670.0	 23.0	 27.0	3.000	 1.0	16.0
1	2018	303	19584.0	 22.0	 30.0	3.000	 0.0	 3.0
1	2018	304	18563.0	 23.0	 30.0	3.000	 1.0	 6.0
1	2018	305	16795.0	 23.0	 30.0	3.000	 1.0	13.0
1	2018	306	17149.0	 23.0	 29.0	3.000	 2.0	 3.0
1	2018	307	18138.0	 22.0	 30.0	3.000	 2.0	 0.0
1	2018	308	17858.0	 22.0	 30.0	3.000	 1.0	 2.0
1	2018	309	18626.0	 22.0	 30.0	3.000	 1.0	 0.0
1	2018	310	14135.0	 23.0	 29.0	3.000	 1.0	10.0
1	2018	311	18084.0	 22.0	 30.0	3.000	 2.0	 6.0
1	2018	312	19974.0	 22.0	 30.0	3.000	 1.0	 0.0
1	2018	313	16606.0	 23.0	 30.0	3.000	 2.0	 3.0
1	2018	314	17272.0	 23.0	 30.0	3.000	 1.0	 2.0
1	2018	315	15618.0	 23.0	 29.0	3.000	 1.0	 1.0
1	2018	316	17455.0	 23.0	 30.0	3.000	 1.0	 2.0
1	2018	317	20777.0	 23.0	 31.0	3.000	 1.0	 1.0
1	2018	318	14778.0	 24.0	 29.0	3.000	 2.0	 4.0
1	2018	319	15230.0	 23.0	 29.0	3.000	 2.0	 1.0
1	2018	320	16452.0	 22.0	 29.0	3.000	 2.0	 1.0
1	2018	321	20726.0	 23.0	 31.0	3.000	 2.0	 0.0
1	2018	322	18488.0	 24.0	 30.0	3.000	 1.0	 1.0
1	2018	323	16773.0	 22.0	 30.0	3.000	 1.0	10.0
1	2018	324	16799.0	 22.0	 30.0	3.000	 1.0	10.0
1	2018	325	18099.0	 22.0	 30.0	3.000	 1.0	 0.0
1	2018	326	17430.0	 23.0	 30.0	3.000	 1.0	 1.0
1	2018	327	17070.0	 23.0	 30.0	3.000	 1.0	 2.0
1	2018	328	16115.0	 23.0	 30.0	3.000	 2.0	 1.0
1	2018	329	18450.0	 23.0	 30.0	3.000	 2.0	 0.0
1	2018	330	15917.0	 23.0	 29.0	3.000	 2.0	 1.0
1	2018	331	19460.0	 22.0	 31.0	3.000	 1.0	 0.0
1	2018	332	17112.0	 24.0	 30.0	3.000	 1.0	 1.0
1	2018	333	16190.0	 23.0	 30.0	3.000	 1.0	 2.0
1	2018	334	17667.0	 22.0	 30.0	3.000	 2.0	 0.0
1	2018	335	16935.0	 24.0	 30.0	3.000	 2.0	 1.0
1	2018	336	17968.0	 23.0	 30.0	3.000	 1.0	 5.0
1	2018	337	18142.0	 23.0	 31.0	3.000	 1.0	 0.0
1	2018	338	19283.0	 23.0	 31.0	3.000	 1.0	 0.0
1	2018	339	17012.0	 23.0	 30.0	3.000	 1.0	 1.0
1	2018	340	20754.0	 22.0	 32.0	3.000	 1.0	 0.0
1	2018	341	18788.0	 23.0	 31.0	3.000	 2.0	 0.0
1	2018	342	17515.0	 23.0	 31.0	2.000	 1.0	 0.0
1	2018	343	19681.0	 22.0	 32.0	2.000	 1.0	 0.0
1	2018	344	19452.0	 23.0	 32.0	3.000	 1.0	 0.0
1	2018	345	19041.0	 23.0	 32.0	3.000	 1.0	 0.0
1	2018	346	16434.0	 23.0	 30.0	3.000	 1.0	 4.0
1	2018	347	17987.0	 22.0	 31.0	3.000	 1.0	 1.0
1	2018	348	19555.0	 22.0	 32.0	3.000	 1.0	 0.0
1	2018	349	20275.0	 23.0	 33.0	3.000	 1.0	 0.0
1	2018	350	18157.0	 24.0	 31.0	3.000	 2.0	 0.0
1	2018	351	19111.0	 23.0	 33.0	3.000	 2.0	 0.0
1	2018	352	18164.0	 23.0	 31.0	3.000	 2.0	 0.0
1	2018	353	18122.0	 24.0	 32.0	3.000	 1.0	 0.0
1	2018	354	18885.0	 24.0	 32.0	3.000	 1.0	 0.0
1	2018	355	19595.0	 23.0	 33.0	2.000	 1.0	 0.0
1	2018	356	20565.0	 23.0	 32.0	2.000	 1.0	 0.0
1	2018	357	21066.0	 22.0	 33.0	2.000	 0.0	 0.0
1	2018	358	21029.0	 22.0	 33.0	2.000	 0.0	 0.0
1	2018	359	22190.0	 21.0	 34.0	1.000	 1.0	 0.0
1	2018	360	21406.0	 21.0	 33.0	2.000	 1.0	 0.0
1	2018	361	21960.0	 21.0	 35.0	1.000	 1.0	 0.0
1	2018	362	20448.0	 22.0	 34.0	2.000	 1.0	 0.0
1	2018	363	20477.0	 22.0	 34.0	2.000	 1.0	 0.0
1	2018	364	19571.0	 24.0	 34.0	2.000	 1.0	 0.0
1	2018	365	18288.0	 24.0	 33.0	2.000	 1.0	 0.0
