*---------------------------------------------------
* Station: Ashanti
* Year: 2014
* Origin: ERA5-Reanalysis
* Columns & units
* ===================
* 1. station number
* 2. year
* 3. Day of Year
* 4. Irradiance   (kJ路m-2路d-1)
* 5. Daily minimum temperature (degC)
* 6. Daily maximum temperature (degC)
* 7. Vapour pressure (kPa)
* 8. Mean wind speed (m路s-1)
* 9. Precipitation (mm路d-1)
** WCCDESCRIPTION=Ashanti
** WCCFORMAT=2
** WCCYEARNR=2014
*------------------------------------------------------------*
-1.46  6.80  289.00 -0.18  -0.55
1	2014	1	15834.0	 23.0	 30.0	3.000	 2.0	 1.0
1	2014	2	16644.0	 23.0	 31.0	3.000	 1.0	 5.0
1	2014	3	17631.0	 22.0	 31.0	3.000	 1.0	 0.0
1	2014	4	20621.0	 22.0	 32.0	2.000	 1.0	 0.0
1	2014	5	19459.0	 22.0	 32.0	2.000	 1.0	 0.0
1	2014	6	20125.0	 22.0	 32.0	2.000	 1.0	 0.0
1	2014	7	19804.0	 22.0	 31.0	2.000	 1.0	 0.0
1	2014	8	20797.0	 21.0	 32.0	2.000	 1.0	 0.0
1	2014	9	16196.0	 24.0	 30.0	3.000	 2.0	 1.0
1	2014	10	15016.0	 23.0	 30.0	3.000	 1.0	 1.0
1	2014	11	15584.0	 23.0	 31.0	3.000	 1.0	 1.0
1	2014	12	17063.0	 23.0	 31.0	3.000	 1.0	 0.0
1	2014	13	18519.0	 24.0	 32.0	3.000	 1.0	 0.0
1	2014	14	19606.0	 23.0	 32.0	3.000	 2.0	 0.0
1	2014	15	18546.0	 23.0	 32.0	3.000	 2.0	 0.0
1	2014	16	19241.0	 23.0	 32.0	3.000	 2.0	 0.0
1	2014	17	19231.0	 24.0	 32.0	3.000	 2.0	 0.0
1	2014	18	17601.0	 23.0	 32.0	3.000	 1.0	 6.0
1	2014	19	17163.0	 22.0	 31.0	3.000	 1.0	 4.0
1	2014	20	21606.0	 22.0	 34.0	2.000	 0.0	 0.0
1	2014	21	19928.0	 24.0	 33.0	3.000	 1.0	 0.0
1	2014	22	20686.0	 24.0	 33.0	2.000	 2.0	 0.0
1	2014	23	18984.0	 24.0	 32.0	3.000	 2.0	 0.0
1	2014	24	19201.0	 24.0	 33.0	3.000	 2.0	 0.0
1	2014	25	19316.0	 24.0	 33.0	3.000	 2.0	 0.0
1	2014	26	17785.0	 24.0	 32.0	3.000	 2.0	 0.0
1	2014	27	19680.0	 23.0	 33.0	3.000	 2.0	 0.0
1	2014	28	20395.0	 23.0	 32.0	3.000	 2.0	 0.0
1	2014	29	17448.0	 23.0	 32.0	3.000	 3.0	 0.0
1	2014	30	18363.0	 24.0	 32.0	3.000	 3.0	 1.0
1	2014	31	14431.0	 23.0	 31.0	3.000	 1.0	 5.0
1	2014	32	17175.0	 22.0	 32.0	2.000	 1.0	 0.0
1	2014	33	22183.0	 22.0	 32.0	1.000	 3.0	 0.0
1	2014	34	23256.0	 20.0	 33.0	1.000	 1.0	 0.0
1	2014	35	19489.0	 22.0	 33.0	2.000	 1.0	 0.0
1	2014	36	21929.0	 24.0	 34.0	2.000	 1.0	 0.0
1	2014	37	21161.0	 23.0	 33.0	3.000	 2.0	 0.0
1	2014	38	19397.0	 23.0	 32.0	3.000	 2.0	 0.0
1	2014	39	19674.0	 24.0	 33.0	3.000	 1.0	 2.0
1	2014	40	18297.0	 24.0	 32.0	3.000	 2.0	 1.0
1	2014	41	20105.0	 23.0	 33.0	3.000	 2.0	 2.0
1	2014	42	19254.0	 23.0	 33.0	3.000	 2.0	 0.0
1	2014	43	18786.0	 24.0	 32.0	3.000	 2.0	 0.0
1	2014	44	15974.0	 23.0	 31.0	3.000	 2.0	 2.0
1	2014	45	16332.0	 23.0	 31.0	3.000	 1.0	 4.0
1	2014	46	18605.0	 23.0	 31.0	3.000	 2.0	 0.0
1	2014	47	15611.0	 24.0	 31.0	3.000	 2.0	 0.0
1	2014	48	21122.0	 23.0	 32.0	3.000	 2.0	 1.0
1	2014	49	17607.0	 23.0	 32.0	3.000	 2.0	 1.0
1	2014	50	17843.0	 24.0	 32.0	3.000	 2.0	 1.0
1	2014	51	19338.0	 24.0	 32.0	3.000	 2.0	 0.0
1	2014	52	20407.0	 24.0	 33.0	3.000	 2.0	 0.0
1	2014	53	20979.0	 24.0	 34.0	2.000	 2.0	 0.0
1	2014	54	21757.0	 24.0	 34.0	3.000	 2.0	 0.0
1	2014	55	19619.0	 25.0	 34.0	3.000	 3.0	 0.0
1	2014	56	16684.0	 24.0	 33.0	3.000	 3.0	 0.0
1	2014	57	18893.0	 24.0	 33.0	3.000	 2.0	 2.0
1	2014	58	23098.0	 24.0	 34.0	3.000	 2.0	11.0
1	2014	59	16675.0	 23.0	 31.0	3.000	 1.0	 8.0
1	2014	60	15931.0	 23.0	 30.0	3.000	 2.0	 8.0
1	2014	61	24966.0	 21.0	 34.0	2.000	 0.0	 0.0
1	2014	62	23675.0	 23.0	 33.0	2.000	 2.0	 0.0
1	2014	63	21132.0	 24.0	 33.0	3.000	 2.0	 0.0
1	2014	64	21197.0	 24.0	 33.0	3.000	 2.0	 1.0
1	2014	65	19897.0	 24.0	 33.0	3.000	 2.0	 0.0
1	2014	66	14400.0	 24.0	 31.0	3.000	 2.0	 7.0
1	2014	67	21720.0	 23.0	 33.0	3.000	 2.0	 3.0
1	2014	68	16546.0	 23.0	 32.0	3.000	 3.0	 0.0
1	2014	69	20932.0	 24.0	 33.0	3.000	 3.0	 4.0
1	2014	70	19044.0	 23.0	 32.0	3.000	 3.0	 3.0
1	2014	71	23619.0	 23.0	 34.0	3.000	 2.0	 0.0
1	2014	72	22681.0	 25.0	 34.0	3.000	 1.0	 2.0
1	2014	73	20709.0	 24.0	 33.0	3.000	 2.0	 3.0
1	2014	74	21967.0	 24.0	 33.0	3.000	 2.0	 9.0
1	2014	75	18724.0	 24.0	 33.0	3.000	 2.0	 2.0
1	2014	76	11344.0	 24.0	 29.0	3.000	 2.0	 3.0
1	2014	77	21404.0	 22.0	 32.0	3.000	 3.0	 1.0
1	2014	78	19434.0	 24.0	 33.0	3.000	 2.0	 4.0
1	2014	79	16996.0	 24.0	 31.0	3.000	 3.0	 7.0
1	2014	80	19283.0	 24.0	 32.0	3.000	 3.0	 1.0
1	2014	81	22678.0	 24.0	 33.0	3.000	 2.0	18.0
1	2014	82	16476.0	 23.0	 30.0	3.000	 2.0	34.0
1	2014	83	16703.0	 23.0	 30.0	3.000	 2.0	11.0
1	2014	84	22829.0	 23.0	 31.0	3.000	 2.0	 2.0
1	2014	85	23421.0	 24.0	 32.0	3.000	 2.0	 9.0
1	2014	86	20196.0	 23.0	 32.0	3.000	 2.0	 9.0
1	2014	87	14176.0	 23.0	 30.0	3.000	 3.0	 0.0
1	2014	88	23065.0	 24.0	 32.0	3.000	 2.0	 0.0
1	2014	89	23837.0	 23.0	 32.0	3.000	 3.0	 1.0
1	2014	90	19757.0	 24.0	 30.0	3.000	 1.0	 2.0
1	2014	91	22693.0	 24.0	 32.0	3.000	 1.0	 1.0
1	2014	92	23529.0	 24.0	 33.0	3.000	 2.0	 6.0
1	2014	93	17240.0	 24.0	 31.0	3.000	 3.0	 0.0
1	2014	94	20669.0	 24.0	 32.0	3.000	 2.0	 0.0
1	2014	95	20397.0	 24.0	 32.0	3.000	 3.0	 0.0
1	2014	96	21682.0	 24.0	 33.0	3.000	 3.0	 0.0
1	2014	97	23828.0	 24.0	 33.0	3.000	 3.0	 1.0
1	2014	98	23003.0	 24.0	 32.0	3.000	 2.0	 0.0
1	2014	99	20043.0	 24.0	 31.0	3.000	 2.0	 2.0
1	2014	100	20941.0	 23.0	 31.0	3.000	 2.0	 1.0
1	2014	101	21192.0	 24.0	 32.0	3.000	 3.0	 3.0
1	2014	102	23519.0	 24.0	 33.0	3.000	 3.0	 0.0
1	2014	103	17274.0	 24.0	 31.0	3.000	 2.0	 8.0
1	2014	104	17355.0	 23.0	 31.0	3.000	 2.0	 0.0
1	2014	105	23584.0	 23.0	 33.0	3.000	 2.0	 0.0
1	2014	106	25411.0	 24.0	 34.0	3.000	 2.0	 0.0
1	2014	107	20097.0	 25.0	 33.0	3.000	 3.0	 0.0
1	2014	108	20934.0	 24.0	 33.0	3.000	 2.0	 1.0
1	2014	109	19118.0	 24.0	 32.0	3.000	 2.0	 2.0
1	2014	110	23476.0	 23.0	 33.0	3.000	 1.0	14.0
1	2014	111	13283.0	 23.0	 29.0	3.000	 2.0	 4.0
1	2014	112	16870.0	 24.0	 31.0	3.000	 2.0	 7.0
1	2014	113	17286.0	 24.0	 31.0	3.000	 2.0	 0.0
1	2014	114	18481.0	 23.0	 31.0	3.000	 2.0	 5.0
1	2014	115	19136.0	 24.0	 31.0	3.000	 2.0	10.0
1	2014	116	20862.0	 24.0	 32.0	3.000	 2.0	 1.0
1	2014	117	18107.0	 24.0	 31.0	3.000	 2.0	 6.0
1	2014	118	24233.0	 23.0	 32.0	3.000	 2.0	 0.0
1	2014	119	17893.0	 23.0	 30.0	3.000	 1.0	31.0
1	2014	120	14733.0	 23.0	 29.0	3.000	 2.0	 6.0
1	2014	121	17196.0	 23.0	 30.0	3.000	 1.0	 5.0
1	2014	122	18271.0	 24.0	 31.0	3.000	 1.0	 1.0
1	2014	123	18487.0	 24.0	 31.0	3.000	 2.0	 0.0
1	2014	124	20523.0	 24.0	 31.0	3.000	 1.0	 3.0
1	2014	125	18217.0	 25.0	 30.0	3.000	 3.0	 2.0
1	2014	126	14387.0	 23.0	 30.0	3.000	 1.0	17.0
1	2014	127	16078.0	 23.0	 29.0	3.000	 2.0	 7.0
1	2014	128	10668.0	 23.0	 27.0	3.000	 2.0	14.0
1	2014	129	13169.0	 23.0	 28.0	3.000	 2.0	11.0
1	2014	130	21909.0	 22.0	 31.0	3.000	 2.0	 1.0
1	2014	131	21604.0	 23.0	 32.0	3.000	 0.0	 5.0
1	2014	132	20166.0	 24.0	 31.0	3.000	 2.0	 3.0
1	2014	133	19976.0	 24.0	 31.0	3.000	 2.0	11.0
1	2014	134	17435.0	 24.0	 30.0	3.000	 1.0	 7.0
1	2014	135	9541.0	 23.0	 27.0	3.000	 1.0	10.0
1	2014	136	16390.0	 22.0	 29.0	3.000	 2.0	 6.0
1	2014	137	18964.0	 23.0	 30.0	3.000	 2.0	 1.0
1	2014	138	20773.0	 22.0	 31.0	3.000	 1.0	 1.0
1	2014	139	21906.0	 23.0	 31.0	3.000	 0.0	12.0
1	2014	140	19413.0	 23.0	 32.0	3.000	 1.0	 3.0
1	2014	141	14734.0	 24.0	 30.0	3.000	 2.0	 7.0
1	2014	142	17042.0	 23.0	 30.0	3.000	 3.0	 1.0
1	2014	143	17514.0	 23.0	 30.0	3.000	 2.0	 4.0
1	2014	144	19076.0	 23.0	 30.0	3.000	 2.0	 0.0
1	2014	145	18839.0	 24.0	 31.0	3.000	 2.0	 1.0
1	2014	146	21048.0	 23.0	 31.0	3.000	 2.0	 3.0
1	2014	147	16090.0	 24.0	 30.0	3.000	 2.0	12.0
1	2014	148	19126.0	 23.0	 30.0	3.000	 3.0	 0.0
1	2014	149	14369.0	 23.0	 30.0	3.000	 2.0	 8.0
1	2014	150	12332.0	 23.0	 29.0	3.000	 2.0	 9.0
1	2014	151	9647.0	 23.0	 28.0	3.000	 2.0	 0.0
1	2014	152	16868.0	 23.0	 29.0	3.000	 2.0	 3.0
1	2014	153	11657.0	 23.0	 29.0	3.000	 1.0	 4.0
1	2014	154	18131.0	 23.0	 30.0	3.000	 1.0	 1.0
1	2014	155	16278.0	 24.0	 30.0	3.000	 2.0	 6.0
1	2014	156	4939.0	 23.0	 25.0	3.000	 1.0	29.0
1	2014	157	8596.0	 22.0	 26.0	3.000	 2.0	 7.0
1	2014	158	13427.0	 22.0	 29.0	3.000	 2.0	 2.0
1	2014	159	20183.0	 22.0	 30.0	3.000	 2.0	 1.0
1	2014	160	17504.0	 23.0	 30.0	3.000	 3.0	 2.0
1	2014	161	16404.0	 23.0	 28.0	3.000	 3.0	 3.0
1	2014	162	15692.0	 23.0	 29.0	3.000	 2.0	 4.0
1	2014	163	11982.0	 22.0	 29.0	3.000	 2.0	 5.0
1	2014	164	13777.0	 23.0	 28.0	3.000	 2.0	 9.0
1	2014	165	14883.0	 22.0	 29.0	3.000	 2.0	 1.0
1	2014	166	16508.0	 23.0	 29.0	3.000	 2.0	 1.0
1	2014	167	17588.0	 23.0	 29.0	3.000	 3.0	 2.0
1	2014	168	15987.0	 23.0	 30.0	3.000	 2.0	 8.0
1	2014	169	10539.0	 23.0	 28.0	3.000	 2.0	20.0
1	2014	170	10748.0	 22.0	 28.0	3.000	 2.0	 1.0
1	2014	171	15470.0	 23.0	 29.0	3.000	 2.0	 2.0
1	2014	172	15978.0	 23.0	 30.0	3.000	 3.0	 4.0
1	2014	173	20098.0	 23.0	 29.0	3.000	 2.0	 1.0
1	2014	174	12652.0	 23.0	 28.0	3.000	 2.0	 6.0
1	2014	175	12514.0	 22.0	 28.0	3.000	 2.0	 2.0
1	2014	176	15122.0	 22.0	 29.0	3.000	 2.0	 2.0
1	2014	177	18667.0	 23.0	 28.0	3.000	 3.0	 2.0
1	2014	178	15481.0	 23.0	 29.0	3.000	 2.0	 4.0
1	2014	179	15590.0	 22.0	 28.0	3.000	 3.0	 2.0
1	2014	180	9834.0	 22.0	 27.0	3.000	 2.0	 4.0
1	2014	181	14757.0	 22.0	 29.0	3.000	 2.0	 7.0
1	2014	182	15809.0	 22.0	 29.0	3.000	 2.0	 1.0
1	2014	183	11806.0	 22.0	 28.0	3.000	 2.0	 4.0
1	2014	184	16213.0	 22.0	 29.0	3.000	 2.0	 7.0
1	2014	185	8165.0	 22.0	 27.0	3.000	 1.0	 5.0
1	2014	186	13753.0	 22.0	 28.0	3.000	 2.0	12.0
1	2014	187	14713.0	 22.0	 28.0	3.000	 3.0	 1.0
1	2014	188	14559.0	 22.0	 27.0	3.000	 3.0	 2.0
1	2014	189	14234.0	 22.0	 28.0	3.000	 2.0	 1.0
1	2014	190	19123.0	 21.0	 29.0	2.000	 2.0	 0.0
1	2014	191	15059.0	 21.0	 28.0	2.000	 2.0	 0.0
1	2014	192	12693.0	 22.0	 28.0	3.000	 2.0	 1.0
1	2014	193	13784.0	 23.0	 28.0	3.000	 3.0	 1.0
1	2014	194	16987.0	 22.0	 29.0	3.000	 3.0	 1.0
1	2014	195	18159.0	 22.0	 28.0	3.000	 3.0	 3.0
1	2014	196	15585.0	 22.0	 29.0	3.000	 2.0	 1.0
1	2014	197	4617.0	 22.0	 25.0	3.000	 2.0	19.0
1	2014	198	5810.0	 22.0	 24.0	3.000	 3.0	13.0
1	2014	199	7548.0	 21.0	 25.0	3.000	 3.0	 1.0
1	2014	200	12678.0	 22.0	 28.0	3.000	 2.0	 1.0
1	2014	201	13751.0	 23.0	 29.0	3.000	 3.0	 1.0
1	2014	202	17373.0	 22.0	 28.0	3.000	 3.0	 1.0
1	2014	203	15033.0	 22.0	 28.0	3.000	 3.0	 1.0
1	2014	204	13490.0	 22.0	 27.0	3.000	 3.0	 1.0
1	2014	205	15737.0	 22.0	 28.0	3.000	 3.0	 3.0
1	2014	206	13984.0	 22.0	 27.0	3.000	 3.0	 2.0
1	2014	207	12701.0	 22.0	 27.0	3.000	 2.0	 1.0
1	2014	208	9837.0	 22.0	 27.0	3.000	 2.0	 2.0
1	2014	209	12235.0	 22.0	 27.0	3.000	 3.0	 3.0
1	2014	210	14750.0	 22.0	 28.0	3.000	 2.0	 2.0
1	2014	211	10216.0	 22.0	 27.0	3.000	 2.0	 2.0
1	2014	212	12877.0	 22.0	 29.0	3.000	 3.0	 1.0
1	2014	213	9521.0	 22.0	 27.0	3.000	 3.0	 2.0
1	2014	214	12785.0	 22.0	 27.0	3.000	 3.0	 3.0
1	2014	215	15718.0	 22.0	 28.0	3.000	 3.0	 2.0
1	2014	216	17086.0	 22.0	 28.0	3.000	 3.0	 1.0
1	2014	217	12127.0	 22.0	 28.0	3.000	 3.0	11.0
1	2014	218	16104.0	 22.0	 28.0	3.000	 3.0	 5.0
1	2014	219	16607.0	 22.0	 28.0	3.000	 3.0	 2.0
1	2014	220	13715.0	 22.0	 28.0	3.000	 3.0	 4.0
1	2014	221	17528.0	 22.0	 28.0	3.000	 3.0	 1.0
1	2014	222	15833.0	 22.0	 29.0	2.000	 3.0	 1.0
1	2014	223	10375.0	 22.0	 27.0	2.000	 3.0	 1.0
1	2014	224	12351.0	 21.0	 27.0	2.000	 3.0	 1.0
1	2014	225	10814.0	 22.0	 27.0	2.000	 3.0	 2.0
1	2014	226	12335.0	 21.0	 27.0	2.000	 2.0	 1.0
1	2014	227	14080.0	 21.0	 28.0	2.000	 2.0	 1.0
1	2014	228	7602.0	 21.0	 25.0	2.000	 3.0	 3.0
1	2014	229	16212.0	 22.0	 28.0	3.000	 3.0	 2.0
1	2014	230	16730.0	 22.0	 29.0	2.000	 2.0	 1.0
1	2014	231	7596.0	 22.0	 26.0	3.000	 0.0	11.0
1	2014	232	7059.0	 22.0	 26.0	3.000	 3.0	15.0
1	2014	233	14022.0	 21.0	 28.0	3.000	 3.0	 2.0
1	2014	234	18931.0	 22.0	 29.0	3.000	 3.0	 3.0
1	2014	235	8033.0	 21.0	 26.0	3.000	 2.0	 2.0
1	2014	236	17463.0	 22.0	 29.0	3.000	 1.0	 1.0
1	2014	237	14611.0	 22.0	 28.0	3.000	 2.0	 2.0
1	2014	238	11098.0	 22.0	 27.0	2.000	 3.0	43.0
1	2014	239	14659.0	 22.0	 27.0	3.000	 3.0	 3.0
1	2014	240	13787.0	 22.0	 29.0	3.000	 1.0	 1.0
1	2014	241	14408.0	 23.0	 29.0	3.000	 2.0	 2.0
1	2014	242	13414.0	 22.0	 28.0	3.000	 2.0	 4.0
1	2014	243	19529.0	 22.0	 30.0	3.000	 3.0	 1.0
1	2014	244	9975.0	 22.0	 27.0	3.000	 3.0	 3.0
1	2014	245	14643.0	 22.0	 28.0	3.000	 3.0	 2.0
1	2014	246	19175.0	 22.0	 29.0	3.000	 2.0	 2.0
1	2014	247	12552.0	 22.0	 28.0	3.000	 2.0	 2.0
1	2014	248	10116.0	 22.0	 27.0	3.000	 2.0	 7.0
1	2014	249	12268.0	 22.0	 26.0	3.000	 2.0	 6.0
1	2014	250	17983.0	 22.0	 29.0	3.000	 2.0	 2.0
1	2014	251	13175.0	 22.0	 27.0	3.000	 2.0	16.0
1	2014	252	15873.0	 21.0	 29.0	3.000	 2.0	15.0
1	2014	253	17201.0	 21.0	 28.0	3.000	 2.0	10.0
1	2014	254	18020.0	 22.0	 29.0	3.000	 2.0	 2.0
1	2014	255	16213.0	 22.0	 29.0	3.000	 1.0	 6.0
1	2014	256	20658.0	 22.0	 29.0	3.000	 2.0	 2.0
1	2014	257	16184.0	 22.0	 29.0	3.000	 2.0	 3.0
1	2014	258	16375.0	 22.0	 29.0	3.000	 2.0	 4.0
1	2014	259	8337.0	 22.0	 26.0	3.000	 2.0	 5.0
1	2014	260	10808.0	 22.0	 28.0	3.000	 2.0	 4.0
1	2014	261	16569.0	 22.0	 28.0	3.000	 3.0	 4.0
1	2014	262	17209.0	 22.0	 29.0	3.000	 2.0	 2.0
1	2014	263	16425.0	 22.0	 29.0	3.000	 1.0	 4.0
1	2014	264	11178.0	 22.0	 26.0	3.000	 2.0	14.0
1	2014	265	18902.0	 22.0	 29.0	3.000	 2.0	 1.0
1	2014	266	16624.0	 22.0	 29.0	3.000	 2.0	 4.0
1	2014	267	13881.0	 22.0	 28.0	3.000	 2.0	 9.0
1	2014	268	17098.0	 22.0	 28.0	3.000	 2.0	 7.0
1	2014	269	17010.0	 22.0	 29.0	3.000	 2.0	 5.0
1	2014	270	8177.0	 22.0	 26.0	3.000	 1.0	10.0
1	2014	271	17993.0	 22.0	 28.0	3.000	 2.0	 7.0
1	2014	272	17520.0	 22.0	 29.0	3.000	 2.0	 4.0
1	2014	273	14581.0	 22.0	 28.0	3.000	 2.0	 5.0
1	2014	274	14212.0	 22.0	 27.0	3.000	 3.0	 8.0
1	2014	275	17684.0	 22.0	 28.0	3.000	 2.0	 2.0
1	2014	276	18412.0	 22.0	 29.0	3.000	 1.0	15.0
1	2014	277	18339.0	 22.0	 30.0	3.000	 1.0	 9.0
1	2014	278	18579.0	 22.0	 29.0	3.000	 2.0	 2.0
1	2014	279	19275.0	 22.0	 29.0	3.000	 2.0	 1.0
1	2014	280	15288.0	 22.0	 28.0	3.000	 1.0	 4.0
1	2014	281	15912.0	 22.0	 29.0	3.000	 1.0	 1.0
1	2014	282	16808.0	 22.0	 29.0	3.000	 2.0	 0.0
1	2014	283	17134.0	 23.0	 29.0	3.000	 2.0	 1.0
1	2014	284	13493.0	 22.0	 28.0	3.000	 2.0	12.0
1	2014	285	11695.0	 22.0	 27.0	3.000	 2.0	 8.0
1	2014	286	16928.0	 22.0	 29.0	3.000	 2.0	10.0
1	2014	287	15194.0	 22.0	 29.0	3.000	 2.0	 5.0
1	2014	288	10568.0	 22.0	 28.0	3.000	 2.0	 1.0
1	2014	289	17104.0	 22.0	 29.0	3.000	 2.0	 1.0
1	2014	290	15683.0	 22.0	 29.0	3.000	 2.0	 2.0
1	2014	291	16501.0	 23.0	 29.0	3.000	 2.0	 2.0
1	2014	292	13105.0	 22.0	 27.0	3.000	 1.0	11.0
1	2014	293	16598.0	 22.0	 28.0	3.000	 1.0	 8.0
1	2014	294	12059.0	 22.0	 28.0	3.000	 2.0	 0.0
1	2014	295	15320.0	 22.0	 29.0	3.000	 2.0	 0.0
1	2014	296	17483.0	 22.0	 29.0	3.000	 2.0	 1.0
1	2014	297	14315.0	 22.0	 28.0	3.000	 2.0	 2.0
1	2014	298	16923.0	 22.0	 29.0	3.000	 1.0	18.0
1	2014	299	13152.0	 22.0	 28.0	3.000	 2.0	 4.0
1	2014	300	16193.0	 22.0	 29.0	3.000	 2.0	 1.0
1	2014	301	16766.0	 22.0	 29.0	3.000	 2.0	 1.0
1	2014	302	9893.0	 23.0	 28.0	3.000	 2.0	 1.0
1	2014	303	11484.0	 23.0	 28.0	3.000	 2.0	 5.0
1	2014	304	14673.0	 22.0	 29.0	3.000	 1.0	 1.0
1	2014	305	18617.0	 23.0	 30.0	3.000	 2.0	 1.0
1	2014	306	17274.0	 22.0	 29.0	3.000	 2.0	 1.0
1	2014	307	19105.0	 23.0	 29.0	3.000	 2.0	 1.0
1	2014	308	16979.0	 22.0	 29.0	3.000	 1.0	 9.0
1	2014	309	9585.0	 22.0	 27.0	3.000	 2.0	 6.0
1	2014	310	20439.0	 22.0	 30.0	3.000	 1.0	 1.0
1	2014	311	19772.0	 22.0	 30.0	3.000	 1.0	 1.0
1	2014	312	16696.0	 22.0	 29.0	3.000	 1.0	 5.0
1	2014	313	15875.0	 22.0	 29.0	3.000	 2.0	 9.0
1	2014	314	12963.0	 23.0	 28.0	3.000	 2.0	 2.0
1	2014	315	14240.0	 22.0	 28.0	3.000	 2.0	 9.0
1	2014	316	15841.0	 22.0	 29.0	3.000	 1.0	 2.0
1	2014	317	17905.0	 22.0	 30.0	3.000	 2.0	 1.0
1	2014	318	17049.0	 23.0	 29.0	3.000	 2.0	 0.0
1	2014	319	16145.0	 22.0	 29.0	3.000	 2.0	 1.0
1	2014	320	13384.0	 23.0	 28.0	3.000	 2.0	 1.0
1	2014	321	14419.0	 23.0	 29.0	3.000	 2.0	 2.0
1	2014	322	13249.0	 23.0	 28.0	3.000	 2.0	 4.0
1	2014	323	17341.0	 22.0	 29.0	3.000	 1.0	 3.0
1	2014	324	17225.0	 22.0	 29.0	3.000	 1.0	 2.0
1	2014	325	16844.0	 22.0	 29.0	3.000	 1.0	 1.0
1	2014	326	18369.0	 23.0	 30.0	3.000	 1.0	 2.0
1	2014	327	18226.0	 22.0	 30.0	3.000	 1.0	 1.0
1	2014	328	14509.0	 22.0	 29.0	3.000	 2.0	 4.0
1	2014	329	15143.0	 22.0	 29.0	3.000	 2.0	 0.0
1	2014	330	16093.0	 23.0	 29.0	3.000	 2.0	 1.0
1	2014	331	13940.0	 22.0	 28.0	3.000	 2.0	 1.0
1	2014	332	12598.0	 22.0	 28.0	3.000	 2.0	 1.0
1	2014	333	16542.0	 22.0	 29.0	3.000	 2.0	 0.0
1	2014	334	17851.0	 22.0	 30.0	3.000	 2.0	 0.0
1	2014	335	15807.0	 23.0	 29.0	3.000	 2.0	 2.0
1	2014	336	15888.0	 22.0	 29.0	3.000	 2.0	 0.0
1	2014	337	14067.0	 23.0	 29.0	3.000	 2.0	 0.0
1	2014	338	18095.0	 23.0	 30.0	3.000	 2.0	 0.0
1	2014	339	13939.0	 23.0	 29.0	3.000	 1.0	 1.0
1	2014	340	14496.0	 22.0	 30.0	3.000	 2.0	 1.0
1	2014	341	15573.0	 22.0	 30.0	3.000	 2.0	 0.0
1	2014	342	16182.0	 22.0	 30.0	3.000	 2.0	 0.0
1	2014	343	15614.0	 23.0	 30.0	3.000	 2.0	 0.0
1	2014	344	16927.0	 22.0	 30.0	3.000	 2.0	 0.0
1	2014	345	15889.0	 23.0	 29.0	3.000	 2.0	 1.0
1	2014	346	16776.0	 22.0	 30.0	3.000	 1.0	 1.0
1	2014	347	17943.0	 22.0	 31.0	2.000	 1.0	 0.0
1	2014	348	15701.0	 23.0	 30.0	2.000	 2.0	 0.0
1	2014	349	17280.0	 23.0	 31.0	3.000	 2.0	 0.0
1	2014	350	18112.0	 23.0	 31.0	3.000	 1.0	 0.0
1	2014	351	16421.0	 22.0	 30.0	3.000	 2.0	 0.0
1	2014	352	17370.0	 23.0	 31.0	3.000	 2.0	 1.0
1	2014	353	18304.0	 23.0	 31.0	3.000	 1.0	 2.0
1	2014	354	18176.0	 23.0	 30.0	3.000	 2.0	 1.0
1	2014	355	17415.0	 23.0	 31.0	3.000	 2.0	 3.0
1	2014	356	14796.0	 22.0	 30.0	3.000	 1.0	 7.0
1	2014	357	17647.0	 22.0	 31.0	3.000	 1.0	 1.0
1	2014	358	18532.0	 22.0	 31.0	3.000	 1.0	 0.0
1	2014	359	19406.0	 23.0	 31.0	2.000	 1.0	 0.0
1	2014	360	21972.0	 20.0	 32.0	2.000	 0.0	 0.0
1	2014	361	22547.0	 19.0	 31.0	1.000	 1.0	 0.0
1	2014	362	22459.0	 18.0	 32.0	1.000	 2.0	 0.0
1	2014	363	22197.0	 20.0	 33.0	1.000	 1.0	 0.0
1	2014	364	21404.0	 20.0	 32.0	2.000	 1.0	 0.0
1	2014	365	22212.0	 21.0	 33.0	1.000	 2.0	 0.0
