*---------------------------------------------------
* Station: Ashanti
* Year: 2010
* Origin: ERA5-Reanalysis
* Columns & units
* ===================
* 1. station number
* 2. year
* 3. Day of Year
* 4. Irradiance   (kJ路m-2路d-1)
* 5. Daily minimum temperature (degC)
* 6. Daily maximum temperature (degC)
* 7. Vapour pressure (kPa)
* 8. Mean wind speed (m路s-1)
* 9. Precipitation (mm路d-1)
** WCCDESCRIPTION=Ashanti
** WCCFORMAT=2
** WCCYEARNR=2010
*------------------------------------------------------------*
-1.46  6.80  289.00 -0.18  -0.55
1	2010	1	15860.0	 23.0	 31.0	3.000	 2.0	 2.0
1	2010	2	19403.0	 23.0	 33.0	3.000	 1.0	 0.0
1	2010	3	19159.0	 23.0	 33.0	2.000	 1.0	 0.0
1	2010	4	20218.0	 23.0	 33.0	2.000	 2.0	 0.0
1	2010	5	20135.0	 23.0	 33.0	2.000	 2.0	 0.0
1	2010	6	19557.0	 23.0	 33.0	3.000	 2.0	 0.0
1	2010	7	17567.0	 23.0	 32.0	3.000	 2.0	 0.0
1	2010	8	18251.0	 23.0	 32.0	3.000	 2.0	 0.0
1	2010	9	20120.0	 23.0	 34.0	3.000	 1.0	 0.0
1	2010	10	15962.0	 24.0	 31.0	3.000	 2.0	 0.0
1	2010	11	16501.0	 23.0	 32.0	3.000	 2.0	 0.0
1	2010	12	20598.0	 23.0	 34.0	2.000	 1.0	 0.0
1	2010	13	20770.0	 23.0	 33.0	2.000	 2.0	 0.0
1	2010	14	19774.0	 23.0	 33.0	3.000	 2.0	 0.0
1	2010	15	19718.0	 23.0	 33.0	3.000	 2.0	 1.0
1	2010	16	18632.0	 24.0	 33.0	3.000	 2.0	 0.0
1	2010	17	21222.0	 23.0	 34.0	2.000	 1.0	 0.0
1	2010	18	20953.0	 23.0	 34.0	3.000	 2.0	 0.0
1	2010	19	20563.0	 23.0	 34.0	3.000	 1.0	 0.0
1	2010	20	22712.0	 22.0	 34.0	2.000	 1.0	 0.0
1	2010	21	21964.0	 23.0	 34.0	2.000	 1.0	 0.0
1	2010	22	21324.0	 23.0	 34.0	3.000	 1.0	 0.0
1	2010	23	21008.0	 23.0	 34.0	3.000	 2.0	 0.0
1	2010	24	20314.0	 24.0	 34.0	3.000	 2.0	 1.0
1	2010	25	19675.0	 24.0	 34.0	3.000	 2.0	 1.0
1	2010	26	19777.0	 25.0	 34.0	3.000	 2.0	 0.0
1	2010	27	13040.0	 25.0	 32.0	3.000	 2.0	 5.0
1	2010	28	17526.0	 24.0	 32.0	3.000	 1.0	 1.0
1	2010	29	19522.0	 24.0	 35.0	3.000	 1.0	 0.0
1	2010	30	21613.0	 23.0	 35.0	2.000	 1.0	 0.0
1	2010	31	19854.0	 24.0	 34.0	3.000	 1.0	 0.0
1	2010	32	19526.0	 24.0	 34.0	3.000	 2.0	 0.0
1	2010	33	22994.0	 24.0	 36.0	2.000	 1.0	 0.0
1	2010	34	21567.0	 24.0	 35.0	2.000	 2.0	 0.0
1	2010	35	19869.0	 25.0	 35.0	3.000	 2.0	 0.0
1	2010	36	20437.0	 25.0	 35.0	3.000	 1.0	 0.0
1	2010	37	23740.0	 23.0	 36.0	2.000	 1.0	 0.0
1	2010	38	22901.0	 24.0	 35.0	2.000	 1.0	 0.0
1	2010	39	22690.0	 23.0	 35.0	2.000	 1.0	 0.0
1	2010	40	18810.0	 24.0	 34.0	2.000	 2.0	 0.0
1	2010	41	18065.0	 25.0	 33.0	3.000	 2.0	 0.0
1	2010	42	19222.0	 24.0	 34.0	3.000	 2.0	 3.0
1	2010	43	17034.0	 23.0	 33.0	3.000	 2.0	 7.0
1	2010	44	18583.0	 23.0	 31.0	3.000	 1.0	 7.0
1	2010	45	19785.0	 24.0	 33.0	3.000	 1.0	 8.0
1	2010	46	17187.0	 23.0	 32.0	3.000	 2.0	 0.0
1	2010	47	22663.0	 24.0	 34.0	3.000	 2.0	 2.0
1	2010	48	21372.0	 24.0	 34.0	3.000	 2.0	 1.0
1	2010	49	20404.0	 25.0	 34.0	3.000	 2.0	 3.0
1	2010	50	19980.0	 25.0	 34.0	3.000	 3.0	 0.0
1	2010	51	19705.0	 25.0	 34.0	3.000	 3.0	 1.0
1	2010	52	18930.0	 25.0	 34.0	3.000	 2.0	 1.0
1	2010	53	18407.0	 25.0	 34.0	3.000	 2.0	 4.0
1	2010	54	16982.0	 24.0	 33.0	3.000	 2.0	 1.0
1	2010	55	21432.0	 24.0	 35.0	3.000	 2.0	 0.0
1	2010	56	18523.0	 25.0	 33.0	3.000	 3.0	 0.0
1	2010	57	16062.0	 25.0	 33.0	3.000	 3.0	 0.0
1	2010	58	20002.0	 25.0	 34.0	3.000	 2.0	 0.0
1	2010	59	19218.0	 25.0	 34.0	3.000	 2.0	 0.0
1	2010	60	20832.0	 25.0	 35.0	3.000	 2.0	 0.0
1	2010	61	22561.0	 25.0	 35.0	3.000	 2.0	 0.0
1	2010	62	21643.0	 25.0	 35.0	3.000	 2.0	 2.0
1	2010	63	16630.0	 25.0	 33.0	3.000	 2.0	 0.0
1	2010	64	19025.0	 25.0	 33.0	3.000	 3.0	 0.0
1	2010	65	17137.0	 25.0	 33.0	3.000	 3.0	 1.0
1	2010	66	20275.0	 25.0	 34.0	3.000	 2.0	 0.0
1	2010	67	22937.0	 25.0	 35.0	3.000	 2.0	 2.0
1	2010	68	15519.0	 25.0	 31.0	3.000	 2.0	 9.0
1	2010	69	17836.0	 24.0	 32.0	3.000	 2.0	 1.0
1	2010	70	18381.0	 24.0	 32.0	3.000	 2.0	14.0
1	2010	71	19137.0	 24.0	 32.0	3.000	 2.0	 6.0
1	2010	72	19169.0	 24.0	 32.0	3.000	 3.0	 4.0
1	2010	73	16397.0	 24.0	 31.0	3.000	 3.0	 2.0
1	2010	74	17020.0	 24.0	 31.0	3.000	 3.0	 4.0
1	2010	75	13242.0	 24.0	 30.0	3.000	 2.0	 1.0
1	2010	76	19456.0	 24.0	 32.0	3.000	 1.0	 8.0
1	2010	77	23980.0	 24.0	 34.0	3.000	 0.0	 5.0
1	2010	78	16304.0	 24.0	 31.0	3.000	 2.0	10.0
1	2010	79	19704.0	 23.0	 32.0	3.000	 1.0	 4.0
1	2010	80	21604.0	 23.0	 33.0	3.000	 1.0	 0.0
1	2010	81	23350.0	 24.0	 35.0	3.000	 2.0	 1.0
1	2010	82	24471.0	 24.0	 35.0	3.000	 1.0	 0.0
1	2010	83	24534.0	 24.0	 34.0	3.000	 2.0	 0.0
1	2010	84	21636.0	 24.0	 33.0	3.000	 2.0	 1.0
1	2010	85	23560.0	 24.0	 34.0	3.000	 1.0	 0.0
1	2010	86	18514.0	 25.0	 33.0	3.000	 2.0	 3.0
1	2010	87	20326.0	 24.0	 34.0	3.000	 2.0	 0.0
1	2010	88	20706.0	 25.0	 33.0	3.000	 2.0	 3.0
1	2010	89	16824.0	 25.0	 32.0	3.000	 2.0	 3.0
1	2010	90	20799.0	 24.0	 33.0	3.000	 2.0	 3.0
1	2010	91	20167.0	 24.0	 33.0	3.000	 2.0	 7.0
1	2010	92	22951.0	 25.0	 34.0	3.000	 2.0	 0.0
1	2010	93	18316.0	 25.0	 32.0	3.000	 3.0	 5.0
1	2010	94	20605.0	 24.0	 33.0	3.000	 3.0	 0.0
1	2010	95	22669.0	 25.0	 33.0	3.000	 2.0	10.0
1	2010	96	14985.0	 23.0	 32.0	3.000	 1.0	 9.0
1	2010	97	20894.0	 25.0	 32.0	3.000	 2.0	 0.0
1	2010	98	22010.0	 25.0	 34.0	3.000	 2.0	 1.0
1	2010	99	18603.0	 25.0	 32.0	3.000	 3.0	 2.0
1	2010	100	21025.0	 24.0	 32.0	3.000	 2.0	 2.0
1	2010	101	20541.0	 24.0	 32.0	3.000	 2.0	 1.0
1	2010	102	21408.0	 25.0	 33.0	3.000	 2.0	 4.0
1	2010	103	19962.0	 25.0	 33.0	3.000	 3.0	 0.0
1	2010	104	21398.0	 25.0	 33.0	3.000	 2.0	 4.0
1	2010	105	18611.0	 25.0	 32.0	3.000	 2.0	 9.0
1	2010	106	18335.0	 25.0	 32.0	3.000	 3.0	 1.0
1	2010	107	22871.0	 24.0	 33.0	3.000	 1.0	 0.0
1	2010	108	22217.0	 25.0	 34.0	3.000	 2.0	 0.0
1	2010	109	22663.0	 25.0	 34.0	3.000	 3.0	 5.0
1	2010	110	13571.0	 24.0	 31.0	3.000	 3.0	 2.0
1	2010	111	18591.0	 24.0	 32.0	3.000	 3.0	 0.0
1	2010	112	18023.0	 25.0	 31.0	3.000	 3.0	16.0
1	2010	113	21172.0	 24.0	 32.0	3.000	 2.0	 2.0
1	2010	114	19990.0	 24.0	 32.0	3.000	 1.0	 3.0
1	2010	115	17632.0	 23.0	 32.0	3.000	 2.0	 1.0
1	2010	116	19761.0	 24.0	 32.0	3.000	 2.0	 8.0
1	2010	117	21188.0	 25.0	 32.0	3.000	 1.0	12.0
1	2010	118	19206.0	 24.0	 31.0	3.000	 2.0	 3.0
1	2010	119	17055.0	 24.0	 30.0	3.000	 2.0	 6.0
1	2010	120	19224.0	 24.0	 32.0	3.000	 2.0	 0.0
1	2010	121	20661.0	 24.0	 32.0	3.000	 2.0	 3.0
1	2010	122	14437.0	 24.0	 30.0	3.000	 2.0	21.0
1	2010	123	11475.0	 23.0	 29.0	3.000	 1.0	 1.0
1	2010	124	17960.0	 24.0	 31.0	3.000	 1.0	 0.0
1	2010	125	18660.0	 25.0	 31.0	3.000	 3.0	 4.0
1	2010	126	17283.0	 24.0	 31.0	3.000	 2.0	 1.0
1	2010	127	22100.0	 24.0	 32.0	3.000	 2.0	 3.0
1	2010	128	17396.0	 24.0	 31.0	3.000	 1.0	 9.0
1	2010	129	17949.0	 24.0	 31.0	3.000	 2.0	 6.0
1	2010	130	20747.0	 24.0	 32.0	3.000	 2.0	 0.0
1	2010	131	20953.0	 24.0	 32.0	3.000	 2.0	 1.0
1	2010	132	18877.0	 25.0	 31.0	3.000	 2.0	 3.0
1	2010	133	20247.0	 24.0	 32.0	3.000	 2.0	 2.0
1	2010	134	19605.0	 24.0	 32.0	3.000	 2.0	 1.0
1	2010	135	21449.0	 24.0	 32.0	3.000	 2.0	 2.0
1	2010	136	19654.0	 23.0	 31.0	3.000	 2.0	 3.0
1	2010	137	19967.0	 24.0	 32.0	3.000	 2.0	 0.0
1	2010	138	21129.0	 24.0	 32.0	3.000	 2.0	 3.0
1	2010	139	18955.0	 24.0	 30.0	3.000	 3.0	 3.0
1	2010	140	17511.0	 23.0	 31.0	3.000	 2.0	10.0
1	2010	141	12899.0	 24.0	 31.0	3.000	 2.0	 8.0
1	2010	142	18908.0	 23.0	 31.0	3.000	 2.0	 3.0
1	2010	143	16735.0	 24.0	 31.0	3.000	 2.0	 1.0
1	2010	144	17116.0	 24.0	 31.0	3.000	 2.0	 2.0
1	2010	145	16836.0	 24.0	 31.0	3.000	 2.0	 5.0
1	2010	146	13494.0	 24.0	 30.0	3.000	 2.0	 4.0
1	2010	147	16707.0	 24.0	 31.0	3.000	 2.0	 1.0
1	2010	148	15332.0	 24.0	 31.0	3.000	 2.0	 6.0
1	2010	149	17359.0	 24.0	 30.0	3.000	 2.0	 6.0
1	2010	150	12879.0	 24.0	 30.0	3.000	 2.0	 5.0
1	2010	151	15119.0	 24.0	 30.0	3.000	 3.0	 4.0
1	2010	152	18010.0	 23.0	 30.0	3.000	 2.0	 0.0
1	2010	153	16924.0	 24.0	 31.0	3.000	 2.0	 6.0
1	2010	154	16942.0	 23.0	 30.0	3.000	 2.0	 6.0
1	2010	155	8695.0	 23.0	 27.0	3.000	 2.0	28.0
1	2010	156	16248.0	 22.0	 29.0	3.000	 2.0	 6.0
1	2010	157	17654.0	 22.0	 30.0	3.000	 1.0	 3.0
1	2010	158	14872.0	 23.0	 30.0	3.000	 2.0	14.0
1	2010	159	17532.0	 23.0	 30.0	3.000	 2.0	11.0
1	2010	160	17060.0	 23.0	 29.0	3.000	 3.0	 7.0
1	2010	161	6586.0	 22.0	 27.0	3.000	 2.0	33.0
1	2010	162	17789.0	 23.0	 30.0	3.000	 1.0	 3.0
1	2010	163	14756.0	 24.0	 29.0	3.000	 1.0	 6.0
1	2010	164	9602.0	 23.0	 28.0	3.000	 2.0	 9.0
1	2010	165	9334.0	 23.0	 27.0	3.000	 2.0	 6.0
1	2010	166	15914.0	 23.0	 30.0	3.000	 2.0	 5.0
1	2010	167	14415.0	 22.0	 29.0	3.000	 2.0	 7.0
1	2010	168	12170.0	 22.0	 29.0	3.000	 2.0	 0.0
1	2010	169	16702.0	 22.0	 30.0	3.000	 2.0	 0.0
1	2010	170	17099.0	 23.0	 30.0	3.000	 2.0	 1.0
1	2010	171	19504.0	 23.0	 30.0	3.000	 2.0	 2.0
1	2010	172	16556.0	 23.0	 30.0	3.000	 2.0	 2.0
1	2010	173	17773.0	 23.0	 30.0	3.000	 1.0	 9.0
1	2010	174	14237.0	 23.0	 29.0	3.000	 2.0	 5.0
1	2010	175	12959.0	 23.0	 28.0	3.000	 2.0	11.0
1	2010	176	14830.0	 23.0	 29.0	3.000	 3.0	 5.0
1	2010	177	12423.0	 23.0	 28.0	3.000	 2.0	 3.0
1	2010	178	12115.0	 22.0	 27.0	3.000	 2.0	 1.0
1	2010	179	19059.0	 23.0	 30.0	3.000	 2.0	 1.0
1	2010	180	13194.0	 23.0	 28.0	3.000	 2.0	 1.0
1	2010	181	17414.0	 23.0	 29.0	3.000	 2.0	 1.0
1	2010	182	11799.0	 23.0	 27.0	3.000	 3.0	12.0
1	2010	183	13236.0	 22.0	 28.0	3.000	 2.0	 5.0
1	2010	184	12935.0	 22.0	 28.0	3.000	 2.0	 0.0
1	2010	185	19734.0	 23.0	 30.0	3.000	 2.0	 2.0
1	2010	186	15328.0	 23.0	 30.0	3.000	 2.0	 5.0
1	2010	187	16672.0	 23.0	 28.0	3.000	 3.0	 2.0
1	2010	188	14782.0	 23.0	 27.0	3.000	 2.0	 8.0
1	2010	189	16989.0	 22.0	 29.0	3.000	 2.0	 1.0
1	2010	190	12830.0	 23.0	 28.0	3.000	 2.0	10.0
1	2010	191	13117.0	 22.0	 27.0	3.000	 3.0	 3.0
1	2010	192	9708.0	 22.0	 26.0	3.000	 3.0	 6.0
1	2010	193	13314.0	 22.0	 28.0	3.000	 2.0	 0.0
1	2010	194	15999.0	 22.0	 30.0	3.000	 2.0	 4.0
1	2010	195	13085.0	 22.0	 29.0	3.000	 2.0	11.0
1	2010	196	14448.0	 22.0	 29.0	3.000	 3.0	 3.0
1	2010	197	11302.0	 22.0	 27.0	3.000	 3.0	 8.0
1	2010	198	8789.0	 22.0	 26.0	3.000	 3.0	 3.0
1	2010	199	14452.0	 22.0	 29.0	3.000	 1.0	 0.0
1	2010	200	11204.0	 22.0	 28.0	3.000	 2.0	 0.0
1	2010	201	9276.0	 22.0	 26.0	3.000	 3.0	 1.0
1	2010	202	10935.0	 21.0	 27.0	2.000	 3.0	 0.0
1	2010	203	20902.0	 20.0	 29.0	2.000	 3.0	 0.0
1	2010	204	15494.0	 20.0	 27.0	2.000	 4.0	 0.0
1	2010	205	18865.0	 21.0	 28.0	2.000	 3.0	 0.0
1	2010	206	19698.0	 20.0	 29.0	2.000	 2.0	 0.0
1	2010	207	17072.0	 21.0	 28.0	2.000	 3.0	 0.0
1	2010	208	9470.0	 21.0	 26.0	3.000	 3.0	 4.0
1	2010	209	18550.0	 22.0	 29.0	3.000	 3.0	 1.0
1	2010	210	15063.0	 22.0	 28.0	2.000	 2.0	 0.0
1	2010	211	10896.0	 21.0	 27.0	2.000	 3.0	 0.0
1	2010	212	9973.0	 21.0	 26.0	2.000	 3.0	 1.0
1	2010	213	14415.0	 21.0	 28.0	2.000	 2.0	 1.0
1	2010	214	13162.0	 20.0	 27.0	2.000	 2.0	 1.0
1	2010	215	8635.0	 22.0	 26.0	3.000	 3.0	 4.0
1	2010	216	14810.0	 22.0	 28.0	3.000	 3.0	 1.0
1	2010	217	14263.0	 22.0	 28.0	2.000	 2.0	 0.0
1	2010	218	9847.0	 21.0	 28.0	2.000	 2.0	 0.0
1	2010	219	13424.0	 22.0	 29.0	3.000	 3.0	 0.0
1	2010	220	12268.0	 22.0	 28.0	3.000	 3.0	 5.0
1	2010	221	10131.0	 22.0	 27.0	3.000	 2.0	 6.0
1	2010	222	8982.0	 22.0	 27.0	3.000	 2.0	 1.0
1	2010	223	13749.0	 22.0	 28.0	3.000	 3.0	 4.0
1	2010	224	13203.0	 22.0	 28.0	3.000	 3.0	 6.0
1	2010	225	15416.0	 22.0	 29.0	3.000	 3.0	 5.0
1	2010	226	11835.0	 22.0	 28.0	3.000	 2.0	 9.0
1	2010	227	16204.0	 22.0	 29.0	3.000	 1.0	 1.0
1	2010	228	15999.0	 23.0	 29.0	3.000	 2.0	 8.0
1	2010	229	10681.0	 22.0	 27.0	3.000	 2.0	 4.0
1	2010	230	17087.0	 22.0	 28.0	3.000	 3.0	 1.0
1	2010	231	20140.0	 22.0	 30.0	3.000	 2.0	 0.0
1	2010	232	8477.0	 23.0	 27.0	3.000	 2.0	 1.0
1	2010	233	9014.0	 22.0	 26.0	3.000	 2.0	31.0
1	2010	234	17403.0	 22.0	 28.0	3.000	 3.0	10.0
1	2010	235	14934.0	 22.0	 28.0	3.000	 2.0	 1.0
1	2010	236	12530.0	 22.0	 28.0	3.000	 2.0	 3.0
1	2010	237	17466.0	 22.0	 29.0	3.000	 2.0	 6.0
1	2010	238	18597.0	 22.0	 30.0	3.000	 2.0	 2.0
1	2010	239	15944.0	 23.0	 29.0	3.000	 3.0	 4.0
1	2010	240	15347.0	 21.0	 28.0	3.000	 2.0	 4.0
1	2010	241	11600.0	 22.0	 28.0	3.000	 3.0	 2.0
1	2010	242	15804.0	 23.0	 29.0	3.000	 3.0	 2.0
1	2010	243	16633.0	 23.0	 29.0	3.000	 3.0	 2.0
1	2010	244	18053.0	 22.0	 29.0	3.000	 3.0	 2.0
1	2010	245	18270.0	 23.0	 30.0	3.000	 2.0	 1.0
1	2010	246	8386.0	 23.0	 26.0	3.000	 2.0	 3.0
1	2010	247	11869.0	 22.0	 28.0	3.000	 2.0	 9.0
1	2010	248	16504.0	 23.0	 29.0	3.000	 3.0	 2.0
1	2010	249	15305.0	 22.0	 28.0	3.000	 3.0	 2.0
1	2010	250	14292.0	 23.0	 29.0	3.000	 2.0	 1.0
1	2010	251	13397.0	 22.0	 27.0	3.000	 3.0	 0.0
1	2010	252	15906.0	 22.0	 29.0	3.000	 3.0	 2.0
1	2010	253	15577.0	 22.0	 29.0	3.000	 2.0	 8.0
1	2010	254	15705.0	 22.0	 29.0	3.000	 2.0	 2.0
1	2010	255	16259.0	 22.0	 29.0	3.000	 1.0	 9.0
1	2010	256	15506.0	 23.0	 29.0	3.000	 2.0	 3.0
1	2010	257	11863.0	 22.0	 28.0	3.000	 2.0	 3.0
1	2010	258	17342.0	 22.0	 29.0	3.000	 2.0	 4.0
1	2010	259	20037.0	 22.0	 29.0	3.000	 1.0	 4.0
1	2010	260	11634.0	 23.0	 27.0	3.000	 2.0	 6.0
1	2010	261	11969.0	 22.0	 27.0	3.000	 2.0	15.0
1	2010	262	15136.0	 22.0	 28.0	3.000	 1.0	 3.0
1	2010	263	16693.0	 22.0	 29.0	3.000	 1.0	 3.0
1	2010	264	12016.0	 22.0	 28.0	3.000	 2.0	 6.0
1	2010	265	17177.0	 22.0	 29.0	3.000	 2.0	 2.0
1	2010	266	9060.0	 22.0	 26.0	3.000	 2.0	13.0
1	2010	267	12455.0	 21.0	 28.0	3.000	 1.0	 4.0
1	2010	268	17030.0	 22.0	 29.0	3.000	 2.0	 5.0
1	2010	269	21285.0	 22.0	 29.0	3.000	 2.0	 1.0
1	2010	270	16969.0	 22.0	 30.0	3.000	 1.0	 3.0
1	2010	271	14827.0	 22.0	 28.0	3.000	 1.0	 6.0
1	2010	272	19509.0	 22.0	 30.0	3.000	 1.0	 3.0
1	2010	273	17916.0	 23.0	 30.0	3.000	 1.0	 3.0
1	2010	274	15160.0	 23.0	 29.0	3.000	 1.0	 5.0
1	2010	275	18540.0	 23.0	 29.0	3.000	 1.0	 3.0
1	2010	276	15959.0	 23.0	 29.0	3.000	 1.0	 3.0
1	2010	277	10290.0	 22.0	 27.0	3.000	 2.0	 8.0
1	2010	278	18324.0	 22.0	 29.0	3.000	 2.0	 2.0
1	2010	279	19666.0	 22.0	 30.0	3.000	 2.0	 3.0
1	2010	280	15005.0	 22.0	 28.0	3.000	 2.0	10.0
1	2010	281	14302.0	 22.0	 28.0	3.000	 2.0	 3.0
1	2010	282	19337.0	 22.0	 29.0	3.000	 1.0	 3.0
1	2010	283	16469.0	 23.0	 29.0	3.000	 2.0	 6.0
1	2010	284	16342.0	 22.0	 29.0	3.000	 2.0	 3.0
1	2010	285	19648.0	 23.0	 29.0	3.000	 1.0	 2.0
1	2010	286	16347.0	 23.0	 29.0	3.000	 1.0	12.0
1	2010	287	15763.0	 23.0	 29.0	3.000	 2.0	16.0
1	2010	288	17857.0	 23.0	 29.0	3.000	 1.0	 6.0
1	2010	289	17510.0	 22.0	 29.0	3.000	 1.0	 1.0
1	2010	290	16318.0	 23.0	 29.0	3.000	 1.0	 5.0
1	2010	291	15923.0	 22.0	 29.0	3.000	 2.0	 4.0
1	2010	292	17087.0	 23.0	 29.0	3.000	 2.0	 4.0
1	2010	293	12705.0	 22.0	 28.0	3.000	 1.0	10.0
1	2010	294	16599.0	 21.0	 29.0	3.000	 1.0	 1.0
1	2010	295	20585.0	 22.0	 30.0	3.000	 1.0	10.0
1	2010	296	19120.0	 22.0	 29.0	3.000	 2.0	 6.0
1	2010	297	14545.0	 22.0	 28.0	3.000	 2.0	 3.0
1	2010	298	16739.0	 22.0	 29.0	3.000	 2.0	 7.0
1	2010	299	13798.0	 22.0	 28.0	3.000	 1.0	 9.0
1	2010	300	18700.0	 22.0	 29.0	3.000	 2.0	 1.0
1	2010	301	18221.0	 23.0	 30.0	3.000	 1.0	 2.0
1	2010	302	20001.0	 22.0	 30.0	3.000	 1.0	 2.0
1	2010	303	15061.0	 22.0	 29.0	3.000	 1.0	 9.0
1	2010	304	16350.0	 23.0	 29.0	3.000	 2.0	 4.0
1	2010	305	17116.0	 23.0	 29.0	3.000	 1.0	 1.0
1	2010	306	16515.0	 23.0	 29.0	3.000	 1.0	11.0
1	2010	307	20799.0	 22.0	 31.0	3.000	 1.0	 2.0
1	2010	308	12839.0	 23.0	 29.0	3.000	 2.0	 0.0
1	2010	309	19871.0	 22.0	 30.0	3.000	 2.0	 3.0
1	2010	310	14614.0	 23.0	 28.0	3.000	 1.0	11.0
1	2010	311	18577.0	 22.0	 29.0	3.000	 1.0	 3.0
1	2010	312	17560.0	 22.0	 29.0	3.000	 1.0	 1.0
1	2010	313	19559.0	 22.0	 30.0	3.000	 1.0	 1.0
1	2010	314	18801.0	 23.0	 30.0	3.000	 2.0	 3.0
1	2010	315	15319.0	 22.0	 30.0	3.000	 1.0	 1.0
1	2010	316	17427.0	 22.0	 31.0	3.000	 1.0	 2.0
1	2010	317	14902.0	 23.0	 29.0	3.000	 2.0	 2.0
1	2010	318	16917.0	 22.0	 29.0	3.000	 2.0	 2.0
1	2010	319	19857.0	 22.0	 30.0	3.000	 2.0	 0.0
1	2010	320	17078.0	 22.0	 30.0	3.000	 1.0	 1.0
1	2010	321	16393.0	 23.0	 30.0	3.000	 2.0	 2.0
1	2010	322	14927.0	 23.0	 29.0	3.000	 2.0	 4.0
1	2010	323	16568.0	 22.0	 29.0	3.000	 1.0	 0.0
1	2010	324	19274.0	 22.0	 30.0	3.000	 1.0	 1.0
1	2010	325	13295.0	 23.0	 29.0	3.000	 2.0	 1.0
1	2010	326	16088.0	 22.0	 29.0	3.000	 1.0	 2.0
1	2010	327	16694.0	 22.0	 29.0	3.000	 1.0	 0.0
1	2010	328	18291.0	 22.0	 30.0	3.000	 1.0	 1.0
1	2010	329	20400.0	 21.0	 31.0	3.000	 1.0	 0.0
1	2010	330	16729.0	 23.0	 30.0	3.000	 2.0	 1.0
1	2010	331	13724.0	 23.0	 29.0	3.000	 2.0	 2.0
1	2010	332	14914.0	 23.0	 29.0	3.000	 1.0	 4.0
1	2010	333	17267.0	 22.0	 30.0	3.000	 1.0	 1.0
1	2010	334	17573.0	 23.0	 30.0	3.000	 2.0	 0.0
1	2010	335	17356.0	 23.0	 30.0	3.000	 2.0	 0.0
1	2010	336	19117.0	 22.0	 30.0	3.000	 2.0	 0.0
1	2010	337	15933.0	 23.0	 29.0	3.000	 2.0	 1.0
1	2010	338	19333.0	 22.0	 31.0	3.000	 1.0	 0.0
1	2010	339	18040.0	 23.0	 31.0	3.000	 2.0	 0.0
1	2010	340	16316.0	 23.0	 30.0	3.000	 2.0	 1.0
1	2010	341	18910.0	 22.0	 31.0	3.000	 1.0	 0.0
1	2010	342	16204.0	 22.0	 29.0	3.000	 2.0	 1.0
1	2010	343	16780.0	 22.0	 30.0	3.000	 1.0	 1.0
1	2010	344	19861.0	 22.0	 32.0	2.000	 1.0	 0.0
1	2010	345	20545.0	 21.0	 32.0	2.000	 1.0	 0.0
1	2010	346	20913.0	 20.0	 32.0	2.000	 1.0	 0.0
1	2010	347	20528.0	 21.0	 31.0	3.000	 2.0	 0.0
1	2010	348	18418.0	 22.0	 32.0	3.000	 1.0	 0.0
1	2010	349	19252.0	 22.0	 32.0	3.000	 1.0	 0.0
1	2010	350	18324.0	 23.0	 32.0	3.000	 1.0	 0.0
1	2010	351	19236.0	 23.0	 33.0	3.000	 1.0	 0.0
1	2010	352	18110.0	 23.0	 32.0	3.000	 2.0	 0.0
1	2010	353	17139.0	 24.0	 31.0	3.000	 1.0	 0.0
1	2010	354	17804.0	 23.0	 33.0	3.000	 1.0	 0.0
1	2010	355	17808.0	 23.0	 32.0	3.000	 2.0	 0.0
1	2010	356	17100.0	 24.0	 31.0	3.000	 2.0	 0.0
1	2010	357	15649.0	 24.0	 30.0	3.000	 2.0	 1.0
1	2010	358	17672.0	 22.0	 32.0	3.000	 1.0	 0.0
1	2010	359	17575.0	 23.0	 31.0	3.000	 2.0	 0.0
1	2010	360	18300.0	 23.0	 31.0	3.000	 2.0	 2.0
1	2010	361	18773.0	 22.0	 32.0	3.000	 1.0	18.0
1	2010	362	16496.0	 22.0	 30.0	3.000	 1.0	 0.0
1	2010	363	16596.0	 23.0	 30.0	3.000	 2.0	 8.0
1	2010	364	16639.0	 22.0	 31.0	3.000	 1.0	 3.0
1	2010	365	19008.0	 22.0	 31.0	2.000	 0.0	 0.0
