*---------------------------------------------------
* Station: Ashanti
* Year: 2017
* Origin: ERA5-Reanalysis
* Columns & units
* ===================
* 1. station number
* 2. year
* 3. Day of Year
* 4. Irradiance   (kJ路m-2路d-1)
* 5. Daily minimum temperature (degC)
* 6. Daily maximum temperature (degC)
* 7. Vapour pressure (kPa)
* 8. Mean wind speed (m路s-1)
* 9. Precipitation (mm路d-1)
** WCCDESCRIPTION=Ashanti
** WCCFORMAT=2
** WCCYEARNR=2017
*------------------------------------------------------------*
-1.46  6.80  289.00 -0.18  -0.55
1	2017	1	21200.0	 22.0	 33.0	2.000	 1.0	 0.0
1	2017	2	21023.0	 23.0	 33.0	2.000	 1.0	 0.0
1	2017	3	21168.0	 23.0	 34.0	2.000	 0.0	 0.0
1	2017	4	21655.0	 23.0	 34.0	2.000	 0.0	 0.0
1	2017	5	20536.0	 22.0	 34.0	2.000	 1.0	 0.0
1	2017	6	22160.0	 21.0	 35.0	2.000	 0.0	 0.0
1	2017	7	20413.0	 23.0	 33.0	2.000	 2.0	 0.0
1	2017	8	19413.0	 24.0	 33.0	3.000	 1.0	 0.0
1	2017	9	18854.0	 23.0	 34.0	3.000	 1.0	 0.0
1	2017	10	19221.0	 24.0	 33.0	2.000	 1.0	 0.0
1	2017	11	20268.0	 24.0	 33.0	2.000	 3.0	 0.0
1	2017	12	17531.0	 24.0	 32.0	3.000	 2.0	 0.0
1	2017	13	18307.0	 24.0	 32.0	3.000	 1.0	 0.0
1	2017	14	22593.0	 22.0	 34.0	1.000	 1.0	 0.0
1	2017	15	21760.0	 23.0	 35.0	2.000	 0.0	 0.0
1	2017	16	21101.0	 22.0	 34.0	2.000	 2.0	 0.0
1	2017	17	21644.0	 22.0	 34.0	2.000	 2.0	 0.0
1	2017	18	19382.0	 24.0	 33.0	3.000	 2.0	 0.0
1	2017	19	19802.0	 24.0	 33.0	3.000	 2.0	 1.0
1	2017	20	20175.0	 24.0	 34.0	3.000	 2.0	 0.0
1	2017	21	17855.0	 24.0	 33.0	3.000	 2.0	10.0
1	2017	22	12741.0	 23.0	 30.0	3.000	 2.0	 4.0
1	2017	23	14883.0	 24.0	 31.0	3.000	 2.0	 1.0
1	2017	24	22565.0	 21.0	 34.0	2.000	 1.0	 0.0
1	2017	25	22667.0	 22.0	 33.0	2.000	 1.0	 0.0
1	2017	26	21872.0	 23.0	 33.0	2.000	 2.0	 0.0
1	2017	27	22521.0	 22.0	 34.0	2.000	 1.0	 0.0
1	2017	28	20762.0	 23.0	 34.0	2.000	 2.0	 0.0
1	2017	29	20998.0	 23.0	 33.0	3.000	 2.0	 0.0
1	2017	30	18651.0	 24.0	 33.0	3.000	 2.0	 0.0
1	2017	31	18077.0	 24.0	 32.0	3.000	 2.0	 2.0
1	2017	32	13359.0	 24.0	 30.0	3.000	 2.0	 2.0
1	2017	33	19920.0	 23.0	 33.0	3.000	 1.0	 4.0
1	2017	34	19511.0	 23.0	 33.0	3.000	 2.0	 1.0
1	2017	35	19606.0	 24.0	 33.0	3.000	 1.0	 0.0
1	2017	36	20307.0	 24.0	 34.0	3.000	 1.0	 0.0
1	2017	37	20733.0	 25.0	 34.0	3.000	 1.0	 0.0
1	2017	38	20982.0	 24.0	 34.0	3.000	 1.0	 0.0
1	2017	39	20808.0	 25.0	 34.0	3.000	 2.0	 0.0
1	2017	40	20265.0	 25.0	 34.0	3.000	 2.0	 0.0
1	2017	41	18524.0	 25.0	 33.0	3.000	 2.0	 3.0
1	2017	42	18478.0	 25.0	 32.0	3.000	 2.0	 0.0
1	2017	43	19618.0	 24.0	 34.0	3.000	 2.0	 0.0
1	2017	44	16242.0	 25.0	 34.0	3.000	 2.0	 2.0
1	2017	45	20516.0	 24.0	 34.0	3.000	 1.0	 0.0
1	2017	46	21201.0	 24.0	 35.0	3.000	 2.0	 0.0
1	2017	47	19072.0	 25.0	 34.0	3.000	 2.0	 1.0
1	2017	48	19358.0	 25.0	 34.0	3.000	 1.0	 1.0
1	2017	49	20990.0	 24.0	 34.0	2.000	 1.0	 0.0
1	2017	50	22707.0	 24.0	 35.0	2.000	 1.0	 0.0
1	2017	51	22633.0	 24.0	 35.0	2.000	 2.0	 0.0
1	2017	52	21251.0	 24.0	 35.0	3.000	 2.0	 0.0
1	2017	53	20926.0	 25.0	 34.0	3.000	 2.0	 0.0
1	2017	54	19741.0	 25.0	 34.0	3.000	 3.0	 1.0
1	2017	55	21406.0	 25.0	 35.0	3.000	 3.0	 3.0
1	2017	56	19635.0	 25.0	 34.0	3.000	 3.0	 0.0
1	2017	57	14905.0	 24.0	 32.0	3.000	 2.0	 4.0
1	2017	58	20428.0	 23.0	 33.0	3.000	 2.0	 2.0
1	2017	59	22052.0	 24.0	 35.0	3.000	 2.0	 1.0
1	2017	60	19121.0	 24.0	 33.0	3.000	 3.0	 1.0
1	2017	61	17770.0	 24.0	 33.0	3.000	 2.0	 0.0
1	2017	62	20301.0	 24.0	 34.0	3.000	 2.0	 1.0
1	2017	63	17176.0	 25.0	 33.0	3.000	 2.0	 6.0
1	2017	64	16702.0	 24.0	 32.0	3.000	 3.0	 1.0
1	2017	65	17920.0	 24.0	 34.0	3.000	 2.0	11.0
1	2017	66	18375.0	 23.0	 32.0	3.000	 2.0	 0.0
1	2017	67	22586.0	 24.0	 35.0	3.000	 2.0	 0.0
1	2017	68	20053.0	 25.0	 34.0	3.000	 3.0	 0.0
1	2017	69	18617.0	 25.0	 33.0	3.000	 3.0	 3.0
1	2017	70	18731.0	 24.0	 33.0	3.000	 2.0	 2.0
1	2017	71	18299.0	 24.0	 32.0	3.000	 2.0	 1.0
1	2017	72	21337.0	 24.0	 33.0	3.000	 2.0	 0.0
1	2017	73	21725.0	 24.0	 34.0	3.000	 3.0	 1.0
1	2017	74	21583.0	 24.0	 35.0	3.000	 2.0	 1.0
1	2017	75	22082.0	 24.0	 36.0	3.000	 2.0	 0.0
1	2017	76	21054.0	 25.0	 35.0	3.000	 3.0	 0.0
1	2017	77	21398.0	 25.0	 35.0	3.000	 3.0	 0.0
1	2017	78	23412.0	 24.0	 36.0	3.000	 3.0	 2.0
1	2017	79	15133.0	 25.0	 31.0	3.000	 2.0	 2.0
1	2017	80	17980.0	 25.0	 33.0	3.000	 3.0	 4.0
1	2017	81	15309.0	 25.0	 32.0	3.000	 3.0	 4.0
1	2017	82	14868.0	 23.0	 31.0	3.000	 3.0	11.0
1	2017	83	20280.0	 23.0	 32.0	3.000	 1.0	 6.0
1	2017	84	17105.0	 24.0	 32.0	3.000	 2.0	 3.0
1	2017	85	21382.0	 24.0	 33.0	3.000	 2.0	 0.0
1	2017	86	19559.0	 24.0	 33.0	3.000	 2.0	 0.0
1	2017	87	24631.0	 24.0	 35.0	3.000	 2.0	 0.0
1	2017	88	21329.0	 25.0	 35.0	3.000	 2.0	 4.0
1	2017	89	17071.0	 25.0	 32.0	3.000	 2.0	 3.0
1	2017	90	16207.0	 24.0	 32.0	3.000	 3.0	 0.0
1	2017	91	24301.0	 24.0	 35.0	3.000	 2.0	11.0
1	2017	92	21009.0	 23.0	 32.0	3.000	 3.0	 0.0
1	2017	93	17639.0	 24.0	 31.0	3.000	 0.0	 9.0
1	2017	94	18800.0	 23.0	 32.0	3.000	 1.0	 0.0
1	2017	95	23710.0	 24.0	 33.0	3.000	 3.0	 1.0
1	2017	96	21702.0	 24.0	 32.0	3.000	 2.0	10.0
1	2017	97	21554.0	 24.0	 32.0	3.000	 1.0	11.0
1	2017	98	17591.0	 24.0	 31.0	3.000	 1.0	19.0
1	2017	99	16507.0	 23.0	 30.0	3.000	 1.0	 1.0
1	2017	100	20629.0	 23.0	 32.0	3.000	 2.0	 2.0
1	2017	101	22642.0	 23.0	 33.0	3.000	 2.0	 0.0
1	2017	102	18951.0	 25.0	 32.0	3.000	 3.0	 3.0
1	2017	103	18542.0	 24.0	 32.0	3.000	 3.0	 2.0
1	2017	104	14681.0	 25.0	 31.0	3.000	 3.0	 1.0
1	2017	105	19890.0	 24.0	 33.0	3.000	 2.0	 5.0
1	2017	106	20256.0	 23.0	 32.0	3.000	 2.0	 3.0
1	2017	107	23985.0	 24.0	 33.0	3.000	 2.0	 0.0
1	2017	108	18091.0	 24.0	 32.0	3.000	 2.0	 2.0
1	2017	109	23183.0	 24.0	 33.0	3.000	 2.0	 1.0
1	2017	110	16885.0	 25.0	 33.0	3.000	 2.0	 3.0
1	2017	111	9985.0	 24.0	 28.0	3.000	 2.0	 2.0
1	2017	112	25182.0	 22.0	 33.0	3.000	 2.0	 0.0
1	2017	113	24713.0	 23.0	 34.0	3.000	 2.0	 0.0
1	2017	114	22934.0	 24.0	 33.0	3.000	 2.0	 8.0
1	2017	115	15966.0	 24.0	 32.0	3.000	 2.0	11.0
1	2017	116	20417.0	 24.0	 32.0	3.000	 2.0	 1.0
1	2017	117	23891.0	 23.0	 32.0	3.000	 2.0	 3.0
1	2017	118	21049.0	 24.0	 32.0	3.000	 2.0	 1.0
1	2017	119	21466.0	 24.0	 32.0	3.000	 2.0	 1.0
1	2017	120	23689.0	 24.0	 33.0	3.000	 2.0	 0.0
1	2017	121	22799.0	 24.0	 33.0	3.000	 3.0	 1.0
1	2017	122	21614.0	 25.0	 32.0	3.000	 2.0	 6.0
1	2017	123	20007.0	 24.0	 32.0	3.000	 1.0	15.0
1	2017	124	13246.0	 23.0	 29.0	3.000	 2.0	17.0
1	2017	125	12121.0	 23.0	 30.0	3.000	 1.0	 1.0
1	2017	126	24229.0	 24.0	 33.0	3.000	 2.0	 0.0
1	2017	127	20874.0	 24.0	 32.0	3.000	 2.0	 4.0
1	2017	128	21537.0	 24.0	 32.0	3.000	 2.0	 3.0
1	2017	129	20321.0	 24.0	 33.0	3.000	 2.0	 0.0
1	2017	130	21853.0	 24.0	 32.0	3.000	 2.0	 1.0
1	2017	131	18778.0	 25.0	 31.0	3.000	 1.0	 1.0
1	2017	132	19024.0	 24.0	 32.0	3.000	 2.0	 3.0
1	2017	133	20513.0	 23.0	 32.0	3.000	 1.0	 1.0
1	2017	134	17004.0	 25.0	 32.0	3.000	 2.0	16.0
1	2017	135	16337.0	 23.0	 30.0	3.000	 3.0	 1.0
1	2017	136	15653.0	 23.0	 31.0	3.000	 3.0	 8.0
1	2017	137	19750.0	 24.0	 31.0	3.000	 2.0	 2.0
1	2017	138	15635.0	 24.0	 30.0	3.000	 2.0	 1.0
1	2017	139	20064.0	 23.0	 31.0	3.000	 2.0	 0.0
1	2017	140	20354.0	 24.0	 32.0	3.000	 2.0	 7.0
1	2017	141	15861.0	 24.0	 30.0	3.000	 1.0	 0.0
1	2017	142	15665.0	 23.0	 31.0	3.000	 2.0	 0.0
1	2017	143	20237.0	 25.0	 32.0	3.000	 2.0	 3.0
1	2017	144	17921.0	 24.0	 31.0	3.000	 2.0	 9.0
1	2017	145	17160.0	 23.0	 30.0	3.000	 2.0	11.0
1	2017	146	12786.0	 23.0	 28.0	3.000	 1.0	10.0
1	2017	147	18402.0	 22.0	 30.0	3.000	 1.0	 3.0
1	2017	148	18889.0	 24.0	 30.0	3.000	 1.0	11.0
1	2017	149	18574.0	 23.0	 31.0	3.000	 2.0	 1.0
1	2017	150	18602.0	 24.0	 31.0	3.000	 3.0	 1.0
1	2017	151	18912.0	 24.0	 31.0	3.000	 2.0	 5.0
1	2017	152	16778.0	 23.0	 30.0	3.000	 2.0	 0.0
1	2017	153	17621.0	 24.0	 31.0	3.000	 2.0	 1.0
1	2017	154	11098.0	 24.0	 29.0	3.000	 2.0	20.0
1	2017	155	16265.0	 23.0	 30.0	3.000	 2.0	 4.0
1	2017	156	14412.0	 23.0	 29.0	3.000	 2.0	 5.0
1	2017	157	12390.0	 23.0	 28.0	3.000	 2.0	 7.0
1	2017	158	16448.0	 23.0	 30.0	3.000	 2.0	 1.0
1	2017	159	19441.0	 22.0	 31.0	3.000	 1.0	 1.0
1	2017	160	20289.0	 24.0	 32.0	3.000	 2.0	 2.0
1	2017	161	14203.0	 24.0	 30.0	3.000	 2.0	16.0
1	2017	162	14339.0	 24.0	 30.0	3.000	 2.0	 7.0
1	2017	163	11359.0	 23.0	 28.0	3.000	 3.0	 6.0
1	2017	164	13992.0	 22.0	 28.0	3.000	 3.0	 2.0
1	2017	165	14999.0	 23.0	 29.0	3.000	 2.0	 1.0
1	2017	166	13660.0	 23.0	 29.0	3.000	 2.0	 4.0
1	2017	167	12916.0	 23.0	 27.0	3.000	 3.0	19.0
1	2017	168	9861.0	 22.0	 28.0	3.000	 1.0	 0.0
1	2017	169	14363.0	 23.0	 29.0	3.000	 1.0	 3.0
1	2017	170	14920.0	 23.0	 29.0	3.000	 3.0	 7.0
1	2017	171	6947.0	 22.0	 25.0	3.000	 3.0	 5.0
1	2017	172	12159.0	 22.0	 27.0	3.000	 2.0	 1.0
1	2017	173	15577.0	 22.0	 30.0	3.000	 1.0	 3.0
1	2017	174	16856.0	 23.0	 31.0	3.000	 2.0	 1.0
1	2017	175	17053.0	 23.0	 29.0	3.000	 3.0	 7.0
1	2017	176	15083.0	 22.0	 29.0	3.000	 1.0	 2.0
1	2017	177	12080.0	 22.0	 28.0	3.000	 0.0	 6.0
1	2017	178	13478.0	 23.0	 29.0	3.000	 1.0	11.0
1	2017	179	17779.0	 22.0	 29.0	3.000	 2.0	 3.0
1	2017	180	10792.0	 22.0	 28.0	3.000	 2.0	11.0
1	2017	181	17582.0	 22.0	 29.0	3.000	 2.0	 1.0
1	2017	182	16150.0	 22.0	 29.0	3.000	 2.0	 8.0
1	2017	183	10747.0	 22.0	 26.0	3.000	 2.0	12.0
1	2017	184	16719.0	 22.0	 28.0	3.000	 3.0	 2.0
1	2017	185	13329.0	 23.0	 28.0	3.000	 3.0	15.0
1	2017	186	15567.0	 23.0	 29.0	3.000	 2.0	 8.0
1	2017	187	13063.0	 22.0	 28.0	3.000	 2.0	15.0
1	2017	188	9789.0	 22.0	 27.0	3.000	 1.0	55.0
1	2017	189	15241.0	 22.0	 28.0	3.000	 2.0	 3.0
1	2017	190	14077.0	 22.0	 28.0	3.000	 3.0	15.0
1	2017	191	16044.0	 22.0	 28.0	2.000	 3.0	 1.0
1	2017	192	24561.0	 20.0	 29.0	2.000	 2.0	 0.0
1	2017	193	22372.0	 20.0	 29.0	2.000	 2.0	 0.0
1	2017	194	17883.0	 21.0	 28.0	2.000	 2.0	 1.0
1	2017	195	16908.0	 21.0	 29.0	3.000	 2.0	 2.0
1	2017	196	13977.0	 22.0	 28.0	3.000	 2.0	 0.0
1	2017	197	18534.0	 22.0	 29.0	3.000	 2.0	 2.0
1	2017	198	17642.0	 22.0	 29.0	3.000	 2.0	 1.0
1	2017	199	5842.0	 22.0	 27.0	3.000	 2.0	 3.0
1	2017	200	14621.0	 23.0	 29.0	3.000	 2.0	 1.0
1	2017	201	16991.0	 23.0	 29.0	3.000	 2.0	 1.0
1	2017	202	16267.0	 23.0	 29.0	3.000	 2.0	 4.0
1	2017	203	14971.0	 23.0	 29.0	3.000	 3.0	 6.0
1	2017	204	9420.0	 22.0	 27.0	3.000	 3.0	 9.0
1	2017	205	9331.0	 22.0	 26.0	3.000	 3.0	 3.0
1	2017	206	11322.0	 22.0	 26.0	3.000	 3.0	 2.0
1	2017	207	12009.0	 22.0	 27.0	3.000	 3.0	 3.0
1	2017	208	17504.0	 22.0	 29.0	3.000	 2.0	 2.0
1	2017	209	14789.0	 23.0	 28.0	3.000	 2.0	 3.0
1	2017	210	14708.0	 22.0	 28.0	3.000	 2.0	 2.0
1	2017	211	13232.0	 23.0	 28.0	3.000	 2.0	 1.0
1	2017	212	14172.0	 22.0	 28.0	3.000	 2.0	 2.0
1	2017	213	14029.0	 22.0	 27.0	3.000	 2.0	 4.0
1	2017	214	6715.0	 22.0	 25.0	3.000	 2.0	33.0
1	2017	215	8885.0	 22.0	 27.0	3.000	 3.0	 3.0
1	2017	216	12857.0	 22.0	 28.0	3.000	 2.0	 1.0
1	2017	217	13247.0	 22.0	 28.0	3.000	 3.0	 7.0
1	2017	218	13016.0	 22.0	 27.0	3.000	 3.0	 1.0
1	2017	219	18140.0	 21.0	 30.0	2.000	 2.0	 0.0
1	2017	220	19228.0	 22.0	 29.0	3.000	 2.0	 0.0
1	2017	221	19116.0	 22.0	 29.0	3.000	 2.0	 2.0
1	2017	222	14588.0	 22.0	 29.0	3.000	 2.0	 1.0
1	2017	223	18277.0	 23.0	 29.0	3.000	 2.0	 4.0
1	2017	224	17210.0	 22.0	 30.0	3.000	 1.0	 2.0
1	2017	225	16137.0	 23.0	 29.0	3.000	 2.0	 3.0
1	2017	226	17637.0	 23.0	 30.0	3.000	 2.0	13.0
1	2017	227	4631.0	 22.0	 25.0	3.000	 3.0	27.0
1	2017	228	20073.0	 22.0	 30.0	3.000	 3.0	 0.0
1	2017	229	17298.0	 22.0	 29.0	2.000	 3.0	 1.0
1	2017	230	7133.0	 22.0	 25.0	3.000	 4.0	 4.0
1	2017	231	16494.0	 22.0	 29.0	3.000	 3.0	 1.0
1	2017	232	13739.0	 22.0	 27.0	2.000	 2.0	 1.0
1	2017	233	14343.0	 21.0	 28.0	3.000	 2.0	 1.0
1	2017	234	11457.0	 21.0	 27.0	3.000	 3.0	 5.0
1	2017	235	13608.0	 22.0	 28.0	3.000	 2.0	 2.0
1	2017	236	16083.0	 22.0	 29.0	3.000	 2.0	 1.0
1	2017	237	9302.0	 22.0	 27.0	3.000	 2.0	 2.0
1	2017	238	8619.0	 22.0	 26.0	3.000	 0.0	 9.0
1	2017	239	16401.0	 22.0	 28.0	3.000	 3.0	 2.0
1	2017	240	13256.0	 21.0	 28.0	3.000	 2.0	 0.0
1	2017	241	11298.0	 23.0	 27.0	3.000	 2.0	 1.0
1	2017	242	12510.0	 22.0	 27.0	3.000	 3.0	 4.0
1	2017	243	14600.0	 22.0	 28.0	3.000	 3.0	 2.0
1	2017	244	15437.0	 22.0	 28.0	3.000	 2.0	 1.0
1	2017	245	12374.0	 22.0	 28.0	3.000	 2.0	 2.0
1	2017	246	14992.0	 22.0	 28.0	3.000	 2.0	 3.0
1	2017	247	7667.0	 22.0	 27.0	3.000	 2.0	 1.0
1	2017	248	14454.0	 22.0	 29.0	3.000	 1.0	 1.0
1	2017	249	13541.0	 22.0	 28.0	3.000	 2.0	 2.0
1	2017	250	2584.0	 22.0	 23.0	3.000	 3.0	44.0
1	2017	251	12593.0	 21.0	 28.0	3.000	 2.0	 2.0
1	2017	252	12779.0	 22.0	 28.0	3.000	 2.0	 1.0
1	2017	253	16698.0	 22.0	 29.0	3.000	 1.0	 4.0
1	2017	254	10634.0	 22.0	 28.0	3.000	 1.0	 2.0
1	2017	255	12988.0	 22.0	 27.0	3.000	 2.0	25.0
1	2017	256	13461.0	 22.0	 28.0	3.000	 2.0	 1.0
1	2017	257	13627.0	 22.0	 29.0	3.000	 2.0	 2.0
1	2017	258	14744.0	 22.0	 28.0	3.000	 3.0	 3.0
1	2017	259	18688.0	 22.0	 29.0	3.000	 3.0	 4.0
1	2017	260	16657.0	 22.0	 29.0	3.000	 2.0	 2.0
1	2017	261	16098.0	 22.0	 29.0	3.000	 1.0	 1.0
1	2017	262	17311.0	 22.0	 30.0	3.000	 2.0	 1.0
1	2017	263	14048.0	 22.0	 28.0	3.000	 2.0	 1.0
1	2017	264	18116.0	 23.0	 29.0	3.000	 2.0	 1.0
1	2017	265	11196.0	 23.0	 27.0	3.000	 3.0	 1.0
1	2017	266	19803.0	 22.0	 30.0	3.000	 2.0	 3.0
1	2017	267	21050.0	 22.0	 30.0	3.000	 0.0	 8.0
1	2017	268	17791.0	 22.0	 30.0	3.000	 1.0	 3.0
1	2017	269	17674.0	 23.0	 30.0	3.000	 2.0	 6.0
1	2017	270	13876.0	 22.0	 28.0	3.000	 1.0	 5.0
1	2017	271	18560.0	 22.0	 29.0	3.000	 1.0	 6.0
1	2017	272	3226.0	 22.0	 24.0	3.000	 1.0	46.0
1	2017	273	16548.0	 22.0	 29.0	3.000	 1.0	 2.0
1	2017	274	16218.0	 22.0	 29.0	3.000	 1.0	 8.0
1	2017	275	18901.0	 22.0	 30.0	3.000	 1.0	 1.0
1	2017	276	19234.0	 22.0	 30.0	3.000	 1.0	 3.0
1	2017	277	16351.0	 23.0	 29.0	3.000	 2.0	 5.0
1	2017	278	14148.0	 23.0	 29.0	3.000	 1.0	 6.0
1	2017	279	11740.0	 22.0	 27.0	3.000	 1.0	 4.0
1	2017	280	16455.0	 22.0	 29.0	3.000	 2.0	10.0
1	2017	281	11124.0	 22.0	 28.0	3.000	 2.0	 4.0
1	2017	282	19482.0	 21.0	 30.0	3.000	 1.0	 0.0
1	2017	283	18028.0	 23.0	 30.0	3.000	 2.0	 8.0
1	2017	284	18255.0	 23.0	 29.0	3.000	 2.0	 5.0
1	2017	285	19530.0	 22.0	 29.0	3.000	 2.0	 1.0
1	2017	286	20729.0	 22.0	 30.0	3.000	 1.0	 9.0
1	2017	287	19375.0	 23.0	 30.0	3.000	 1.0	 5.0
1	2017	288	19913.0	 23.0	 30.0	3.000	 1.0	 1.0
1	2017	289	18056.0	 22.0	 29.0	3.000	 1.0	 3.0
1	2017	290	18696.0	 22.0	 30.0	3.000	 1.0	17.0
1	2017	291	16951.0	 22.0	 29.0	3.000	 2.0	 3.0
1	2017	292	11993.0	 22.0	 28.0	3.000	 2.0	 0.0
1	2017	293	18094.0	 23.0	 29.0	3.000	 2.0	 2.0
1	2017	294	17487.0	 23.0	 30.0	3.000	 2.0	 0.0
1	2017	295	15353.0	 23.0	 29.0	3.000	 2.0	 2.0
1	2017	296	15255.0	 23.0	 29.0	3.000	 2.0	 3.0
1	2017	297	19546.0	 22.0	 30.0	3.000	 1.0	 5.0
1	2017	298	14985.0	 23.0	 29.0	3.000	 2.0	 2.0
1	2017	299	17753.0	 22.0	 30.0	3.000	 1.0	 1.0
1	2017	300	17080.0	 23.0	 30.0	3.000	 1.0	 4.0
1	2017	301	16387.0	 22.0	 29.0	3.000	 2.0	 6.0
1	2017	302	15849.0	 22.0	 29.0	3.000	 1.0	 2.0
1	2017	303	19881.0	 22.0	 30.0	3.000	 1.0	 1.0
1	2017	304	14965.0	 23.0	 29.0	3.000	 2.0	 6.0
1	2017	305	17207.0	 22.0	 30.0	3.000	 2.0	 4.0
1	2017	306	15487.0	 22.0	 29.0	3.000	 2.0	 3.0
1	2017	307	18733.0	 22.0	 30.0	3.000	 2.0	 4.0
1	2017	308	17410.0	 23.0	 29.0	3.000	 2.0	 2.0
1	2017	309	15442.0	 23.0	 29.0	3.000	 2.0	 4.0
1	2017	310	13531.0	 21.0	 28.0	3.000	 2.0	 6.0
1	2017	311	19058.0	 21.0	 29.0	3.000	 1.0	 1.0
1	2017	312	19729.0	 22.0	 30.0	3.000	 1.0	 6.0
1	2017	313	17704.0	 23.0	 30.0	3.000	 2.0	 4.0
1	2017	314	18716.0	 22.0	 29.0	3.000	 1.0	 2.0
1	2017	315	16219.0	 22.0	 29.0	3.000	 2.0	 0.0
1	2017	316	20713.0	 22.0	 30.0	3.000	 2.0	 0.0
1	2017	317	19587.0	 23.0	 30.0	3.000	 2.0	 1.0
1	2017	318	13830.0	 23.0	 29.0	3.000	 1.0	 6.0
1	2017	319	13846.0	 22.0	 28.0	3.000	 2.0	 3.0
1	2017	320	17605.0	 23.0	 30.0	3.000	 2.0	 2.0
1	2017	321	13734.0	 23.0	 29.0	3.000	 2.0	 1.0
1	2017	322	13742.0	 23.0	 29.0	3.000	 2.0	 0.0
1	2017	323	11671.0	 22.0	 29.0	3.000	 2.0	 0.0
1	2017	324	16267.0	 22.0	 29.0	3.000	 2.0	 4.0
1	2017	325	18462.0	 22.0	 30.0	3.000	 1.0	19.0
1	2017	326	13720.0	 22.0	 28.0	3.000	 1.0	 5.0
1	2017	327	11579.0	 22.0	 28.0	3.000	 2.0	 2.0
1	2017	328	14492.0	 22.0	 28.0	3.000	 1.0	 5.0
1	2017	329	13945.0	 22.0	 28.0	3.000	 2.0	 1.0
1	2017	330	16904.0	 22.0	 30.0	3.000	 1.0	 0.0
1	2017	331	16525.0	 22.0	 29.0	3.000	 2.0	 0.0
1	2017	332	20356.0	 21.0	 31.0	3.000	 1.0	 0.0
1	2017	333	18715.0	 21.0	 30.0	3.000	 1.0	 0.0
1	2017	334	19989.0	 22.0	 31.0	3.000	 1.0	 0.0
1	2017	335	19701.0	 23.0	 31.0	3.000	 1.0	 0.0
1	2017	336	16839.0	 23.0	 30.0	3.000	 2.0	 0.0
1	2017	337	17119.0	 22.0	 30.0	3.000	 2.0	 1.0
1	2017	338	15605.0	 22.0	 30.0	3.000	 2.0	 0.0
1	2017	339	17487.0	 23.0	 31.0	3.000	 1.0	 1.0
1	2017	340	16842.0	 23.0	 30.0	3.000	 2.0	 0.0
1	2017	341	16194.0	 23.0	 30.0	3.000	 2.0	 8.0
1	2017	342	13370.0	 22.0	 29.0	3.000	 2.0	 2.0
1	2017	343	12914.0	 23.0	 29.0	3.000	 2.0	 1.0
1	2017	344	20244.0	 22.0	 32.0	2.000	 0.0	 0.0
1	2017	345	20744.0	 21.0	 30.0	2.000	 1.0	 0.0
1	2017	346	15782.0	 22.0	 30.0	3.000	 1.0	 0.0
1	2017	347	19817.0	 22.0	 31.0	3.000	 1.0	 0.0
1	2017	348	17635.0	 23.0	 31.0	3.000	 2.0	 0.0
1	2017	349	17428.0	 23.0	 31.0	3.000	 2.0	 0.0
1	2017	350	14786.0	 23.0	 30.0	3.000	 1.0	 1.0
1	2017	351	14581.0	 23.0	 31.0	3.000	 2.0	 0.0
1	2017	352	17382.0	 23.0	 31.0	3.000	 2.0	 0.0
1	2017	353	12912.0	 24.0	 29.0	3.000	 2.0	 1.0
1	2017	354	14023.0	 23.0	 30.0	3.000	 1.0	 3.0
1	2017	355	15099.0	 23.0	 30.0	3.000	 1.0	 7.0
1	2017	356	20985.0	 22.0	 32.0	2.000	 1.0	 0.0
1	2017	357	21990.0	 19.0	 32.0	1.000	 1.0	 0.0
1	2017	358	22124.0	 19.0	 32.0	1.000	 0.0	 0.0
1	2017	359	21780.0	 19.0	 33.0	2.000	 1.0	 0.0
1	2017	360	20842.0	 21.0	 32.0	2.000	 0.0	 0.0
1	2017	361	21513.0	 21.0	 33.0	2.000	 1.0	 0.0
1	2017	362	20678.0	 22.0	 33.0	2.000	 1.0	 0.0
1	2017	363	19786.0	 23.0	 32.0	3.000	 1.0	 0.0
1	2017	364	20121.0	 23.0	 33.0	2.000	 0.0	 0.0
1	2017	365	21767.0	 22.0	 33.0	2.000	 1.0	 0.0
