*---------------------------------------------------
* Station: Ashanti
* Year: 2016
* Origin: ERA5-Reanalysis
* Columns & units
* ===================
* 1. station number
* 2. year
* 3. Day of Year
* 4. Irradiance   (kJ路m-2路d-1)
* 5. Daily minimum temperature (degC)
* 6. Daily maximum temperature (degC)
* 7. Vapour pressure (kPa)
* 8. Mean wind speed (m路s-1)
* 9. Precipitation (mm路d-1)
** WCCDESCRIPTION=Ashanti
** WCCFORMAT=2
** WCCYEARNR=2016
*------------------------------------------------------------*
-1.46  6.80  289.00 -0.18  -0.55
1	2016	1	17091.0	 23.0	 33.0	2.000	 0.0	 0.0
1	2016	2	21808.0	 23.0	 34.0	1.000	 1.0	 0.0
1	2016	3	22150.0	 22.0	 35.0	2.000	 1.0	 0.0
1	2016	4	22157.0	 22.0	 35.0	1.000	 1.0	 0.0
1	2016	5	21656.0	 21.0	 34.0	2.000	 1.0	 0.0
1	2016	6	22362.0	 23.0	 33.0	1.000	 3.0	 0.0
1	2016	7	22357.0	 23.0	 35.0	1.000	 4.0	 0.0
1	2016	8	22587.0	 23.0	 37.0	1.000	 3.0	 0.0
1	2016	9	22151.0	 20.0	 35.0	2.000	 2.0	 0.0
1	2016	10	21479.0	 23.0	 35.0	2.000	 2.0	 0.0
1	2016	11	21310.0	 23.0	 35.0	3.000	 2.0	 0.0
1	2016	12	21072.0	 24.0	 35.0	3.000	 2.0	 0.0
1	2016	13	19774.0	 24.0	 34.0	3.000	 2.0	 0.0
1	2016	14	20181.0	 24.0	 34.0	3.000	 1.0	 0.0
1	2016	15	19827.0	 25.0	 34.0	3.000	 1.0	 0.0
1	2016	16	21022.0	 24.0	 35.0	2.000	 1.0	 0.0
1	2016	17	19684.0	 25.0	 34.0	2.000	 2.0	 0.0
1	2016	18	18111.0	 25.0	 33.0	3.000	 2.0	 0.0
1	2016	19	18937.0	 25.0	 34.0	3.000	 2.0	 0.0
1	2016	20	18883.0	 25.0	 34.0	3.000	 2.0	 2.0
1	2016	21	17112.0	 24.0	 33.0	3.000	 1.0	 0.0
1	2016	22	19725.0	 24.0	 33.0	2.000	 1.0	 0.0
1	2016	23	18725.0	 22.0	 34.0	2.000	 1.0	 0.0
1	2016	24	22125.0	 23.0	 35.0	2.000	 1.0	 0.0
1	2016	25	22179.0	 21.0	 34.0	1.000	 1.0	 0.0
1	2016	26	23332.0	 23.0	 36.0	1.000	 1.0	 0.0
1	2016	27	23199.0	 22.0	 35.0	2.000	 1.0	 0.0
1	2016	28	23669.0	 21.0	 35.0	1.000	 1.0	 0.0
1	2016	29	23650.0	 22.0	 35.0	1.000	 3.0	 0.0
1	2016	30	23822.0	 20.0	 35.0	1.000	 2.0	 0.0
1	2016	31	23648.0	 21.0	 35.0	1.000	 1.0	 0.0
1	2016	32	24271.0	 20.0	 36.0	1.000	 1.0	 0.0
1	2016	33	24514.0	 22.0	 36.0	1.000	 1.0	 0.0
1	2016	34	23830.0	 20.0	 36.0	1.000	 1.0	 0.0
1	2016	35	23455.0	 22.0	 36.0	2.000	 1.0	 0.0
1	2016	36	24019.0	 22.0	 38.0	2.000	 1.0	 0.0
1	2016	37	24242.0	 22.0	 39.0	2.000	 1.0	 0.0
1	2016	38	23566.0	 23.0	 37.0	2.000	 0.0	 0.0
1	2016	39	23794.0	 24.0	 36.0	2.000	 1.0	 0.0
1	2016	40	24130.0	 24.0	 37.0	2.000	 1.0	 0.0
1	2016	41	25145.0	 22.0	 37.0	1.000	 2.0	 0.0
1	2016	42	24561.0	 21.0	 36.0	2.000	 1.0	 0.0
1	2016	43	24385.0	 22.0	 37.0	2.000	 0.0	 0.0
1	2016	44	23121.0	 24.0	 36.0	2.000	 2.0	 0.0
1	2016	45	22148.0	 25.0	 36.0	2.000	 2.0	 0.0
1	2016	46	20926.0	 25.0	 36.0	3.000	 2.0	 0.0
1	2016	47	16793.0	 25.0	 35.0	3.000	 2.0	 0.0
1	2016	48	20245.0	 25.0	 37.0	3.000	 2.0	 0.0
1	2016	49	20346.0	 25.0	 36.0	3.000	 2.0	 0.0
1	2016	50	21090.0	 25.0	 37.0	3.000	 2.0	 0.0
1	2016	51	20564.0	 25.0	 38.0	2.000	 2.0	 0.0
1	2016	52	18368.0	 26.0	 35.0	3.000	 3.0	 0.0
1	2016	53	19234.0	 25.0	 36.0	3.000	 2.0	 0.0
1	2016	54	20788.0	 26.0	 38.0	3.000	 2.0	 0.0
1	2016	55	21825.0	 26.0	 37.0	3.000	 2.0	 0.0
1	2016	56	17457.0	 26.0	 34.0	3.000	 2.0	 0.0
1	2016	57	19521.0	 25.0	 35.0	3.000	 2.0	 1.0
1	2016	58	16312.0	 25.0	 35.0	3.000	 3.0	 2.0
1	2016	59	17616.0	 25.0	 34.0	3.000	 3.0	 2.0
1	2016	60	19845.0	 24.0	 34.0	3.000	 2.0	15.0
1	2016	61	16973.0	 24.0	 32.0	3.000	 1.0	 7.0
1	2016	62	20710.0	 25.0	 35.0	3.000	 1.0	 0.0
1	2016	63	19268.0	 24.0	 34.0	3.000	 2.0	 0.0
1	2016	64	20967.0	 25.0	 35.0	3.000	 3.0	 0.0
1	2016	65	23393.0	 25.0	 36.0	3.000	 3.0	 0.0
1	2016	66	21290.0	 26.0	 36.0	3.000	 3.0	 0.0
1	2016	67	21818.0	 26.0	 36.0	3.000	 2.0	 5.0
1	2016	68	21070.0	 24.0	 35.0	3.000	 2.0	 6.0
1	2016	69	22433.0	 25.0	 35.0	3.000	 2.0	 2.0
1	2016	70	19762.0	 25.0	 34.0	3.000	 3.0	 1.0
1	2016	71	19910.0	 25.0	 34.0	3.000	 3.0	 6.0
1	2016	72	18337.0	 25.0	 33.0	3.000	 2.0	 1.0
1	2016	73	20064.0	 24.0	 33.0	3.000	 2.0	13.0
1	2016	74	19358.0	 24.0	 32.0	3.000	 2.0	 1.0
1	2016	75	22275.0	 24.0	 33.0	3.000	 1.0	 0.0
1	2016	76	19116.0	 25.0	 33.0	3.000	 2.0	 4.0
1	2016	77	21207.0	 25.0	 33.0	3.000	 2.0	 9.0
1	2016	78	12377.0	 24.0	 30.0	3.000	 1.0	16.0
1	2016	79	18030.0	 24.0	 32.0	3.000	 2.0	 1.0
1	2016	80	24081.0	 24.0	 34.0	3.000	 2.0	 6.0
1	2016	81	18334.0	 25.0	 32.0	3.000	 2.0	 6.0
1	2016	82	18130.0	 24.0	 32.0	3.000	 2.0	13.0
1	2016	83	17468.0	 24.0	 32.0	3.000	 2.0	18.0
1	2016	84	11642.0	 24.0	 30.0	3.000	 3.0	 9.0
1	2016	85	22839.0	 24.0	 33.0	3.000	 1.0	 3.0
1	2016	86	21221.0	 24.0	 32.0	3.000	 1.0	 8.0
1	2016	87	21159.0	 24.0	 32.0	3.000	 1.0	 7.0
1	2016	88	15853.0	 25.0	 31.0	3.000	 2.0	 8.0
1	2016	89	19054.0	 24.0	 33.0	3.000	 2.0	 1.0
1	2016	90	15483.0	 25.0	 31.0	3.000	 3.0	 3.0
1	2016	91	18983.0	 25.0	 31.0	3.000	 3.0	 8.0
1	2016	92	18156.0	 24.0	 32.0	3.000	 3.0	 3.0
1	2016	93	12863.0	 24.0	 30.0	3.000	 1.0	 3.0
1	2016	94	19822.0	 24.0	 32.0	3.000	 2.0	 2.0
1	2016	95	16812.0	 25.0	 32.0	3.000	 2.0	 4.0
1	2016	96	12865.0	 24.0	 29.0	3.000	 3.0	 8.0
1	2016	97	15892.0	 24.0	 30.0	3.000	 3.0	 3.0
1	2016	98	18051.0	 25.0	 31.0	3.000	 3.0	 6.0
1	2016	99	19499.0	 24.0	 32.0	3.000	 2.0	 5.0
1	2016	100	18478.0	 24.0	 31.0	3.000	 1.0	 4.0
1	2016	101	15191.0	 24.0	 31.0	3.000	 1.0	 0.0
1	2016	102	21337.0	 24.0	 31.0	3.000	 2.0	 1.0
1	2016	103	20741.0	 25.0	 32.0	3.000	 1.0	 1.0
1	2016	104	16695.0	 24.0	 32.0	3.000	 2.0	 1.0
1	2016	105	20067.0	 25.0	 33.0	3.000	 2.0	 3.0
1	2016	106	17407.0	 25.0	 31.0	3.000	 2.0	 7.0
1	2016	107	15705.0	 25.0	 31.0	3.000	 2.0	 2.0
1	2016	108	20601.0	 24.0	 33.0	3.000	 1.0	 5.0
1	2016	109	17840.0	 24.0	 31.0	3.000	 3.0	 1.0
1	2016	110	23160.0	 24.0	 33.0	3.000	 2.0	 1.0
1	2016	111	18725.0	 25.0	 32.0	3.000	 2.0	 7.0
1	2016	112	19669.0	 24.0	 32.0	3.000	 2.0	 0.0
1	2016	113	24422.0	 25.0	 33.0	3.000	 2.0	 0.0
1	2016	114	23339.0	 25.0	 33.0	3.000	 2.0	 0.0
1	2016	115	20274.0	 25.0	 33.0	3.000	 3.0	 0.0
1	2016	116	20766.0	 25.0	 33.0	3.000	 3.0	 0.0
1	2016	117	20977.0	 25.0	 32.0	3.000	 3.0	 0.0
1	2016	118	21400.0	 25.0	 33.0	3.000	 3.0	 1.0
1	2016	119	20974.0	 25.0	 33.0	3.000	 1.0	 6.0
1	2016	120	17062.0	 24.0	 32.0	3.000	 2.0	 1.0
1	2016	121	19113.0	 24.0	 33.0	3.000	 2.0	 0.0
1	2016	122	18982.0	 25.0	 33.0	3.000	 3.0	 1.0
1	2016	123	14730.0	 25.0	 31.0	3.000	 3.0	 1.0
1	2016	124	20426.0	 25.0	 33.0	3.000	 3.0	 1.0
1	2016	125	20687.0	 25.0	 33.0	3.000	 3.0	 1.0
1	2016	126	21936.0	 25.0	 33.0	3.000	 3.0	 1.0
1	2016	127	17245.0	 25.0	 32.0	3.000	 3.0	 8.0
1	2016	128	21008.0	 24.0	 32.0	3.000	 2.0	 0.0
1	2016	129	22192.0	 24.0	 32.0	3.000	 2.0	 5.0
1	2016	130	19935.0	 24.0	 32.0	3.000	 2.0	 2.0
1	2016	131	21796.0	 24.0	 33.0	3.000	 1.0	 0.0
1	2016	132	22098.0	 25.0	 34.0	3.000	 2.0	 0.0
1	2016	133	16100.0	 25.0	 31.0	3.000	 2.0	11.0
1	2016	134	19049.0	 24.0	 31.0	3.000	 3.0	 3.0
1	2016	135	19393.0	 24.0	 32.0	3.000	 3.0	 1.0
1	2016	136	16820.0	 24.0	 31.0	3.000	 2.0	 1.0
1	2016	137	11457.0	 24.0	 30.0	3.000	 2.0	 5.0
1	2016	138	11423.0	 23.0	 30.0	3.000	 2.0	 5.0
1	2016	139	10945.0	 23.0	 28.0	3.000	 2.0	12.0
1	2016	140	16965.0	 23.0	 30.0	3.000	 2.0	 3.0
1	2016	141	18871.0	 23.0	 31.0	3.000	 2.0	 1.0
1	2016	142	17639.0	 24.0	 31.0	3.000	 3.0	 3.0
1	2016	143	13678.0	 24.0	 30.0	3.000	 3.0	 5.0
1	2016	144	10943.0	 23.0	 28.0	3.000	 3.0	 7.0
1	2016	145	6684.0	 23.0	 25.0	3.000	 2.0	35.0
1	2016	146	13796.0	 23.0	 29.0	3.000	 2.0	 7.0
1	2016	147	20129.0	 23.0	 31.0	3.000	 1.0	 4.0
1	2016	148	18847.0	 24.0	 31.0	3.000	 2.0	 1.0
1	2016	149	17390.0	 24.0	 31.0	3.000	 2.0	 0.0
1	2016	150	13064.0	 24.0	 29.0	3.000	 2.0	 4.0
1	2016	151	19129.0	 23.0	 30.0	3.000	 2.0	 1.0
1	2016	152	19340.0	 23.0	 30.0	3.000	 2.0	 7.0
1	2016	153	19045.0	 23.0	 30.0	3.000	 2.0	 3.0
1	2016	154	18834.0	 24.0	 30.0	3.000	 2.0	 3.0
1	2016	155	17724.0	 23.0	 30.0	3.000	 2.0	 7.0
1	2016	156	14697.0	 23.0	 29.0	3.000	 2.0	 0.0
1	2016	157	17950.0	 23.0	 31.0	3.000	 1.0	11.0
1	2016	158	17391.0	 23.0	 30.0	3.000	 1.0	 5.0
1	2016	159	15556.0	 23.0	 30.0	3.000	 2.0	 5.0
1	2016	160	16004.0	 23.0	 30.0	3.000	 2.0	 1.0
1	2016	161	14733.0	 24.0	 30.0	3.000	 2.0	 8.0
1	2016	162	4736.0	 23.0	 24.0	3.000	 3.0	25.0
1	2016	163	17640.0	 22.0	 28.0	3.000	 2.0	 2.0
1	2016	164	13352.0	 22.0	 28.0	3.000	 3.0	 7.0
1	2016	165	12411.0	 22.0	 27.0	3.000	 3.0	26.0
1	2016	166	15644.0	 23.0	 28.0	3.000	 3.0	 3.0
1	2016	167	12998.0	 22.0	 28.0	3.000	 3.0	 3.0
1	2016	168	11776.0	 22.0	 26.0	3.000	 3.0	11.0
1	2016	169	15883.0	 21.0	 28.0	3.000	 2.0	 2.0
1	2016	170	15706.0	 23.0	 29.0	3.000	 2.0	 1.0
1	2016	171	14679.0	 23.0	 29.0	3.000	 3.0	 5.0
1	2016	172	12494.0	 22.0	 27.0	3.000	 4.0	11.0
1	2016	173	14549.0	 22.0	 27.0	3.000	 2.0	 5.0
1	2016	174	18089.0	 22.0	 28.0	3.000	 2.0	 2.0
1	2016	175	17342.0	 22.0	 28.0	3.000	 2.0	 1.0
1	2016	176	13872.0	 22.0	 28.0	3.000	 2.0	 4.0
1	2016	177	12394.0	 22.0	 28.0	3.000	 2.0	 4.0
1	2016	178	15382.0	 22.0	 28.0	3.000	 2.0	 1.0
1	2016	179	14989.0	 22.0	 28.0	3.000	 2.0	 4.0
1	2016	180	9629.0	 23.0	 27.0	3.000	 2.0	 8.0
1	2016	181	16034.0	 22.0	 28.0	3.000	 2.0	 3.0
1	2016	182	14637.0	 22.0	 28.0	3.000	 2.0	 2.0
1	2016	183	14880.0	 22.0	 29.0	3.000	 2.0	 1.0
1	2016	184	17885.0	 23.0	 30.0	3.000	 2.0	 1.0
1	2016	185	12373.0	 23.0	 29.0	3.000	 2.0	 9.0
1	2016	186	16166.0	 22.0	 29.0	3.000	 3.0	 3.0
1	2016	187	16707.0	 23.0	 30.0	3.000	 2.0	 1.0
1	2016	188	19324.0	 23.0	 30.0	3.000	 2.0	 4.0
1	2016	189	13921.0	 22.0	 28.0	3.000	 2.0	 4.0
1	2016	190	17996.0	 22.0	 29.0	3.000	 2.0	 3.0
1	2016	191	13437.0	 23.0	 28.0	3.000	 3.0	 4.0
1	2016	192	14679.0	 23.0	 29.0	3.000	 3.0	 5.0
1	2016	193	13323.0	 22.0	 27.0	3.000	 3.0	 2.0
1	2016	194	17078.0	 22.0	 28.0	2.000	 3.0	 0.0
1	2016	195	15378.0	 21.0	 28.0	2.000	 2.0	 0.0
1	2016	196	9020.0	 22.0	 25.0	2.000	 2.0	 2.0
1	2016	197	15432.0	 22.0	 28.0	3.000	 3.0	 1.0
1	2016	198	16333.0	 22.0	 29.0	3.000	 3.0	 2.0
1	2016	199	13309.0	 22.0	 28.0	3.000	 3.0	 3.0
1	2016	200	17316.0	 22.0	 29.0	3.000	 3.0	 2.0
1	2016	201	17551.0	 22.0	 29.0	3.000	 2.0	 1.0
1	2016	202	12922.0	 23.0	 28.0	3.000	 3.0	 1.0
1	2016	203	18650.0	 22.0	 28.0	3.000	 3.0	 1.0
1	2016	204	15758.0	 22.0	 28.0	3.000	 3.0	 2.0
1	2016	205	14320.0	 22.0	 28.0	3.000	 2.0	10.0
1	2016	206	11444.0	 21.0	 27.0	3.000	 2.0	 4.0
1	2016	207	15041.0	 21.0	 27.0	3.000	 2.0	 5.0
1	2016	208	14378.0	 22.0	 27.0	3.000	 2.0	 2.0
1	2016	209	15808.0	 22.0	 29.0	3.000	 2.0	 2.0
1	2016	210	13538.0	 22.0	 27.0	3.000	 2.0	 4.0
1	2016	211	15731.0	 22.0	 29.0	3.000	 2.0	 2.0
1	2016	212	17376.0	 22.0	 28.0	3.000	 2.0	 3.0
1	2016	213	12865.0	 22.0	 28.0	3.000	 2.0	 1.0
1	2016	214	13773.0	 23.0	 28.0	3.000	 2.0	 1.0
1	2016	215	14328.0	 22.0	 28.0	3.000	 3.0	 1.0
1	2016	216	13907.0	 22.0	 28.0	3.000	 3.0	 3.0
1	2016	217	11478.0	 22.0	 28.0	3.000	 2.0	 1.0
1	2016	218	12024.0	 23.0	 28.0	3.000	 2.0	 0.0
1	2016	219	13267.0	 22.0	 28.0	3.000	 3.0	 4.0
1	2016	220	14225.0	 22.0	 29.0	3.000	 3.0	 5.0
1	2016	221	16653.0	 22.0	 29.0	3.000	 3.0	 2.0
1	2016	222	18500.0	 22.0	 29.0	3.000	 3.0	 3.0
1	2016	223	17409.0	 22.0	 29.0	3.000	 3.0	 1.0
1	2016	224	17100.0	 22.0	 30.0	3.000	 1.0	 2.0
1	2016	225	17101.0	 22.0	 29.0	3.000	 2.0	 4.0
1	2016	226	14985.0	 22.0	 28.0	3.000	 2.0	 2.0
1	2016	227	17258.0	 22.0	 29.0	3.000	 3.0	 1.0
1	2016	228	7920.0	 22.0	 25.0	2.000	 3.0	 2.0
1	2016	229	8700.0	 21.0	 26.0	2.000	 3.0	 1.0
1	2016	230	5507.0	 21.0	 25.0	2.000	 2.0	 2.0
1	2016	231	10959.0	 21.0	 27.0	3.000	 2.0	 1.0
1	2016	232	14989.0	 22.0	 29.0	3.000	 2.0	 1.0
1	2016	233	17230.0	 22.0	 30.0	3.000	 2.0	 8.0
1	2016	234	15625.0	 22.0	 29.0	3.000	 2.0	11.0
1	2016	235	14000.0	 23.0	 29.0	3.000	 3.0	 1.0
1	2016	236	12641.0	 22.0	 29.0	3.000	 2.0	 0.0
1	2016	237	18514.0	 22.0	 30.0	3.000	 3.0	 1.0
1	2016	238	14019.0	 23.0	 28.0	3.000	 3.0	 5.0
1	2016	239	11319.0	 22.0	 29.0	3.000	 2.0	 6.0
1	2016	240	13266.0	 22.0	 28.0	3.000	 3.0	 1.0
1	2016	241	14274.0	 22.0	 29.0	3.000	 3.0	 4.0
1	2016	242	18426.0	 22.0	 29.0	3.000	 2.0	 1.0
1	2016	243	13346.0	 22.0	 28.0	3.000	 1.0	12.0
1	2016	244	15197.0	 22.0	 29.0	3.000	 1.0	 2.0
1	2016	245	14146.0	 22.0	 28.0	3.000	 2.0	 2.0
1	2016	246	18570.0	 22.0	 31.0	3.000	 2.0	 5.0
1	2016	247	13552.0	 23.0	 28.0	3.000	 2.0	 9.0
1	2016	248	12551.0	 22.0	 28.0	3.000	 2.0	 6.0
1	2016	249	13325.0	 22.0	 28.0	3.000	 2.0	 5.0
1	2016	250	13116.0	 22.0	 29.0	3.000	 2.0	 8.0
1	2016	251	16798.0	 22.0	 29.0	3.000	 1.0	 9.0
1	2016	252	17774.0	 22.0	 29.0	3.000	 2.0	 2.0
1	2016	253	19690.0	 22.0	 29.0	3.000	 2.0	 2.0
1	2016	254	14841.0	 22.0	 29.0	3.000	 1.0	 8.0
1	2016	255	9928.0	 22.0	 27.0	3.000	 2.0	 6.0
1	2016	256	13302.0	 22.0	 28.0	3.000	 2.0	 2.0
1	2016	257	10769.0	 22.0	 28.0	3.000	 2.0	 1.0
1	2016	258	8123.0	 22.0	 27.0	3.000	 3.0	 3.0
1	2016	259	13466.0	 22.0	 27.0	3.000	 3.0	 2.0
1	2016	260	15131.0	 22.0	 29.0	3.000	 1.0	 2.0
1	2016	261	13974.0	 22.0	 28.0	3.000	 1.0	 4.0
1	2016	262	18429.0	 22.0	 30.0	3.000	 2.0	 3.0
1	2016	263	16920.0	 22.0	 29.0	3.000	 2.0	 1.0
1	2016	264	9139.0	 22.0	 26.0	3.000	 1.0	 5.0
1	2016	265	13240.0	 22.0	 28.0	3.000	 1.0	12.0
1	2016	266	12869.0	 22.0	 29.0	3.000	 2.0	 5.0
1	2016	267	19926.0	 23.0	 30.0	3.000	 1.0	 2.0
1	2016	268	13666.0	 23.0	 28.0	3.000	 1.0	 7.0
1	2016	269	9563.0	 22.0	 26.0	3.000	 1.0	15.0
1	2016	270	11864.0	 22.0	 27.0	3.000	 2.0	 9.0
1	2016	271	14663.0	 22.0	 29.0	3.000	 1.0	 5.0
1	2016	272	15107.0	 22.0	 29.0	3.000	 1.0	 4.0
1	2016	273	17737.0	 23.0	 29.0	3.000	 1.0	 2.0
1	2016	274	13665.0	 22.0	 28.0	3.000	 1.0	 4.0
1	2016	275	12785.0	 22.0	 29.0	3.000	 1.0	 7.0
1	2016	276	4446.0	 22.0	 24.0	3.000	 1.0	29.0
1	2016	277	9620.0	 22.0	 27.0	3.000	 2.0	 4.0
1	2016	278	18203.0	 22.0	 30.0	3.000	 1.0	 1.0
1	2016	279	18953.0	 23.0	 30.0	3.000	 1.0	 1.0
1	2016	280	21268.0	 23.0	 30.0	3.000	 1.0	 1.0
1	2016	281	17736.0	 23.0	 30.0	3.000	 1.0	 5.0
1	2016	282	10538.0	 23.0	 28.0	3.000	 1.0	 6.0
1	2016	283	11186.0	 23.0	 28.0	3.000	 2.0	12.0
1	2016	284	14525.0	 23.0	 28.0	3.000	 2.0	 2.0
1	2016	285	17625.0	 22.0	 30.0	3.000	 1.0	14.0
1	2016	286	16064.0	 23.0	 30.0	3.000	 1.0	 9.0
1	2016	287	18539.0	 23.0	 30.0	3.000	 1.0	 3.0
1	2016	288	14642.0	 23.0	 29.0	3.000	 1.0	 4.0
1	2016	289	17961.0	 22.0	 30.0	3.000	 1.0	 6.0
1	2016	290	19069.0	 23.0	 30.0	3.000	 1.0	 5.0
1	2016	291	18427.0	 23.0	 30.0	3.000	 1.0	 9.0
1	2016	292	17181.0	 23.0	 29.0	3.000	 2.0	 1.0
1	2016	293	17415.0	 22.0	 29.0	3.000	 1.0	 2.0
1	2016	294	16721.0	 23.0	 29.0	3.000	 1.0	 0.0
1	2016	295	19202.0	 23.0	 30.0	3.000	 2.0	 4.0
1	2016	296	16036.0	 23.0	 29.0	3.000	 1.0	15.0
1	2016	297	18804.0	 22.0	 30.0	3.000	 1.0	 0.0
1	2016	298	19993.0	 22.0	 31.0	3.000	 1.0	 0.0
1	2016	299	19589.0	 23.0	 30.0	3.000	 1.0	12.0
1	2016	300	18249.0	 23.0	 30.0	3.000	 1.0	 8.0
1	2016	301	19774.0	 22.0	 30.0	3.000	 1.0	 1.0
1	2016	302	15667.0	 23.0	 29.0	3.000	 2.0	 3.0
1	2016	303	14630.0	 23.0	 28.0	3.000	 2.0	 1.0
1	2016	304	17997.0	 23.0	 29.0	3.000	 1.0	 5.0
1	2016	305	19507.0	 22.0	 30.0	3.000	 1.0	 2.0
1	2016	306	19486.0	 22.0	 30.0	3.000	 1.0	 9.0
1	2016	307	13274.0	 23.0	 29.0	3.000	 2.0	 4.0
1	2016	308	20390.0	 22.0	 31.0	3.000	 1.0	 5.0
1	2016	309	18396.0	 23.0	 30.0	3.000	 1.0	 0.0
1	2016	310	17712.0	 23.0	 30.0	3.000	 1.0	 1.0
1	2016	311	17683.0	 23.0	 30.0	3.000	 1.0	 1.0
1	2016	312	17585.0	 23.0	 30.0	3.000	 1.0	 3.0
1	2016	313	19802.0	 23.0	 30.0	3.000	 1.0	 2.0
1	2016	314	21405.0	 23.0	 32.0	3.000	 1.0	 0.0
1	2016	315	20612.0	 23.0	 31.0	3.000	 1.0	 0.0
1	2016	316	20397.0	 23.0	 31.0	3.000	 2.0	 0.0
1	2016	317	19861.0	 23.0	 30.0	3.000	 2.0	 0.0
1	2016	318	18960.0	 23.0	 30.0	3.000	 1.0	 0.0
1	2016	319	19463.0	 23.0	 31.0	3.000	 1.0	 4.0
1	2016	320	19509.0	 23.0	 31.0	3.000	 1.0	 0.0
1	2016	321	17691.0	 24.0	 30.0	3.000	 1.0	 1.0
1	2016	322	17665.0	 22.0	 31.0	3.000	 2.0	 0.0
1	2016	323	17523.0	 23.0	 31.0	3.000	 2.0	 2.0
1	2016	324	19391.0	 23.0	 31.0	3.000	 2.0	 1.0
1	2016	325	20346.0	 23.0	 32.0	3.000	 2.0	 2.0
1	2016	326	15851.0	 24.0	 30.0	3.000	 2.0	 2.0
1	2016	327	14619.0	 23.0	 30.0	3.000	 2.0	 4.0
1	2016	328	16747.0	 22.0	 30.0	3.000	 1.0	 9.0
1	2016	329	17532.0	 23.0	 30.0	3.000	 1.0	 5.0
1	2016	330	16594.0	 24.0	 32.0	3.000	 1.0	 0.0
1	2016	331	15360.0	 24.0	 30.0	3.000	 2.0	 1.0
1	2016	332	18206.0	 24.0	 30.0	3.000	 2.0	 1.0
1	2016	333	16763.0	 23.0	 30.0	3.000	 2.0	 1.0
1	2016	334	15875.0	 23.0	 30.0	3.000	 2.0	 0.0
1	2016	335	15224.0	 24.0	 30.0	3.000	 2.0	 2.0
1	2016	336	15371.0	 23.0	 30.0	3.000	 2.0	 1.0
1	2016	337	18660.0	 22.0	 31.0	3.000	 1.0	 0.0
1	2016	338	15006.0	 23.0	 30.0	3.000	 1.0	 0.0
1	2016	339	18907.0	 22.0	 31.0	3.000	 2.0	 0.0
1	2016	340	17474.0	 23.0	 31.0	3.000	 2.0	 0.0
1	2016	341	19062.0	 23.0	 32.0	3.000	 1.0	 1.0
1	2016	342	18121.0	 23.0	 32.0	3.000	 2.0	 1.0
1	2016	343	18721.0	 24.0	 32.0	3.000	 2.0	 0.0
1	2016	344	18697.0	 23.0	 33.0	3.000	 1.0	 4.0
1	2016	345	19384.0	 23.0	 32.0	3.000	 2.0	 0.0
1	2016	346	17504.0	 24.0	 31.0	3.000	 2.0	 1.0
1	2016	347	17728.0	 23.0	 31.0	3.000	 1.0	 5.0
1	2016	348	19924.0	 23.0	 32.0	3.000	 1.0	 0.0
1	2016	349	19372.0	 24.0	 32.0	3.000	 1.0	 3.0
1	2016	350	16544.0	 23.0	 31.0	3.000	 2.0	 6.0
1	2016	351	19684.0	 22.0	 31.0	3.000	 1.0	 0.0
1	2016	352	17770.0	 23.0	 32.0	3.000	 1.0	 4.0
1	2016	353	14241.0	 23.0	 30.0	3.000	 1.0	 9.0
1	2016	354	19277.0	 22.0	 31.0	3.000	 1.0	 0.0
1	2016	355	18199.0	 23.0	 32.0	3.000	 1.0	 0.0
1	2016	356	18028.0	 24.0	 32.0	3.000	 1.0	 0.0
1	2016	357	17700.0	 24.0	 33.0	3.000	 2.0	 0.0
1	2016	358	19763.0	 23.0	 32.0	3.000	 2.0	 0.0
1	2016	359	20063.0	 22.0	 32.0	3.000	 2.0	 0.0
1	2016	360	19330.0	 24.0	 32.0	3.000	 1.0	 0.0
1	2016	361	20462.0	 23.0	 33.0	2.000	 0.0	 0.0
1	2016	362	20026.0	 22.0	 32.0	2.000	 1.0	 0.0
1	2016	363	21449.0	 23.0	 33.0	2.000	 0.0	 0.0
1	2016	364	21477.0	 21.0	 34.0	2.000	 1.0	 0.0
1	2016	365	21765.0	 22.0	 34.0	2.000	 1.0	 0.0
1	2016	366	21795.0	 21.0	 33.0	2.000	 1.0	 0.0
