*---------------------------------------------------
* Station: Ashanti
* Year: 2015
* Origin: ERA5-Reanalysis
* Columns & units
* ===================
* 1. station number
* 2. year
* 3. Day of Year
* 4. Irradiance   (kJ路m-2路d-1)
* 5. Daily minimum temperature (degC)
* 6. Daily maximum temperature (degC)
* 7. Vapour pressure (kPa)
* 8. Mean wind speed (m路s-1)
* 9. Precipitation (mm路d-1)
** WCCDESCRIPTION=Ashanti
** WCCFORMAT=2
** WCCYEARNR=2015
*------------------------------------------------------------*
-1.46  6.80  289.00 -0.18  -0.55
1	2015	1	21225.0	 19.0	 32.0	1.000	 1.0	 0.0
1	2015	2	22596.0	 20.0	 33.0	1.000	 1.0	 0.0
1	2015	3	21082.0	 19.0	 31.0	2.000	 1.0	 0.0
1	2015	4	19572.0	 22.0	 32.0	2.000	 0.0	 0.0
1	2015	5	22605.0	 21.0	 32.0	1.000	 1.0	 0.0
1	2015	6	22733.0	 19.0	 32.0	1.000	 0.0	 0.0
1	2015	7	21249.0	 20.0	 32.0	1.000	 1.0	 0.0
1	2015	8	20965.0	 21.0	 32.0	2.000	 1.0	 0.0
1	2015	9	21844.0	 21.0	 33.0	2.000	 1.0	 0.0
1	2015	10	22925.0	 19.0	 33.0	1.000	 1.0	 0.0
1	2015	11	23105.0	 18.0	 32.0	1.000	 1.0	 0.0
1	2015	12	23250.0	 18.0	 33.0	1.000	 2.0	 0.0
1	2015	13	23684.0	 18.0	 33.0	1.000	 2.0	 0.0
1	2015	14	23423.0	 18.0	 33.0	1.000	 1.0	 0.0
1	2015	15	22849.0	 19.0	 34.0	2.000	 1.0	 0.0
1	2015	16	22122.0	 21.0	 34.0	2.000	 1.0	 0.0
1	2015	17	20355.0	 21.0	 34.0	2.000	 1.0	 0.0
1	2015	18	22186.0	 22.0	 34.0	2.000	 1.0	 0.0
1	2015	19	20016.0	 23.0	 33.0	2.000	 1.0	 0.0
1	2015	20	19363.0	 23.0	 33.0	2.000	 2.0	 0.0
1	2015	21	18161.0	 24.0	 32.0	3.000	 2.0	 1.0
1	2015	22	19301.0	 24.0	 33.0	3.000	 1.0	 0.0
1	2015	23	19476.0	 23.0	 35.0	2.000	 1.0	 0.0
1	2015	24	18884.0	 24.0	 33.0	3.000	 2.0	 0.0
1	2015	25	18180.0	 24.0	 33.0	3.000	 2.0	 0.0
1	2015	26	16120.0	 24.0	 32.0	3.000	 2.0	 7.0
1	2015	27	19092.0	 23.0	 33.0	2.000	 2.0	 0.0
1	2015	28	19998.0	 24.0	 33.0	2.000	 1.0	 0.0
1	2015	29	22154.0	 23.0	 33.0	2.000	 2.0	 0.0
1	2015	30	20604.0	 24.0	 33.0	3.000	 2.0	 0.0
1	2015	31	18444.0	 24.0	 33.0	3.000	 2.0	 1.0
1	2015	32	16145.0	 24.0	 32.0	3.000	 2.0	 3.0
1	2015	33	19156.0	 24.0	 33.0	3.000	 2.0	 0.0
1	2015	34	18028.0	 24.0	 33.0	3.000	 2.0	 1.0
1	2015	35	14151.0	 24.0	 32.0	3.000	 2.0	 0.0
1	2015	36	17408.0	 24.0	 33.0	3.000	 2.0	10.0
1	2015	37	15898.0	 24.0	 32.0	3.000	 3.0	 3.0
1	2015	38	15361.0	 24.0	 31.0	3.000	 2.0	 4.0
1	2015	39	15743.0	 23.0	 32.0	3.000	 3.0	 0.0
1	2015	40	19372.0	 24.0	 33.0	3.000	 2.0	 0.0
1	2015	41	17654.0	 25.0	 32.0	3.000	 2.0	 1.0
1	2015	42	18027.0	 24.0	 32.0	3.000	 2.0	 7.0
1	2015	43	16212.0	 23.0	 31.0	3.000	 2.0	 3.0
1	2015	44	19095.0	 23.0	 32.0	3.000	 2.0	 1.0
1	2015	45	15278.0	 24.0	 31.0	3.000	 3.0	 1.0
1	2015	46	17920.0	 23.0	 32.0	3.000	 3.0	 2.0
1	2015	47	14591.0	 23.0	 31.0	3.000	 2.0	 0.0
1	2015	48	17645.0	 23.0	 32.0	3.000	 2.0	 4.0
1	2015	49	14285.0	 23.0	 30.0	3.000	 3.0	 2.0
1	2015	50	11991.0	 24.0	 29.0	3.000	 3.0	 4.0
1	2015	51	19180.0	 23.0	 32.0	3.000	 2.0	 1.0
1	2015	52	19265.0	 23.0	 31.0	3.000	 2.0	 5.0
1	2015	53	17412.0	 23.0	 31.0	3.000	 1.0	 4.0
1	2015	54	20662.0	 23.0	 33.0	2.000	 1.0	 0.0
1	2015	55	23591.0	 23.0	 34.0	2.000	 0.0	 0.0
1	2015	56	23760.0	 23.0	 34.0	2.000	 2.0	 0.0
1	2015	57	21912.0	 24.0	 33.0	3.000	 2.0	 0.0
1	2015	58	18532.0	 24.0	 32.0	3.000	 1.0	 0.0
1	2015	59	21217.0	 24.0	 33.0	3.000	 2.0	 0.0
1	2015	60	22542.0	 24.0	 35.0	2.000	 1.0	 0.0
1	2015	61	23203.0	 24.0	 35.0	2.000	 1.0	 0.0
1	2015	62	22164.0	 24.0	 34.0	2.000	 2.0	 0.0
1	2015	63	21835.0	 24.0	 34.0	3.000	 2.0	 0.0
1	2015	64	21951.0	 24.0	 34.0	3.000	 2.0	 1.0
1	2015	65	21221.0	 24.0	 34.0	3.000	 2.0	 5.0
1	2015	66	21942.0	 24.0	 34.0	3.000	 2.0	 0.0
1	2015	67	22100.0	 24.0	 34.0	3.000	 2.0	 0.0
1	2015	68	21368.0	 25.0	 34.0	3.000	 2.0	 0.0
1	2015	69	21322.0	 25.0	 35.0	3.000	 2.0	 0.0
1	2015	70	20384.0	 25.0	 35.0	3.000	 3.0	 0.0
1	2015	71	19822.0	 25.0	 34.0	3.000	 3.0	 8.0
1	2015	72	18985.0	 23.0	 32.0	3.000	 2.0	15.0
1	2015	73	19129.0	 23.0	 32.0	3.000	 2.0	 5.0
1	2015	74	17341.0	 24.0	 32.0	3.000	 2.0	 0.0
1	2015	75	16403.0	 24.0	 32.0	3.000	 2.0	 8.0
1	2015	76	15085.0	 24.0	 30.0	3.000	 2.0	 6.0
1	2015	77	20276.0	 23.0	 32.0	3.000	 1.0	 2.0
1	2015	78	22481.0	 25.0	 33.0	3.000	 1.0	 6.0
1	2015	79	16665.0	 24.0	 31.0	3.000	 2.0	15.0
1	2015	80	15409.0	 23.0	 30.0	3.000	 2.0	 8.0
1	2015	81	21891.0	 23.0	 32.0	3.000	 2.0	 0.0
1	2015	82	22803.0	 24.0	 32.0	3.000	 2.0	 0.0
1	2015	83	23056.0	 24.0	 33.0	3.000	 3.0	 1.0
1	2015	84	15036.0	 24.0	 30.0	3.000	 2.0	11.0
1	2015	85	17857.0	 23.0	 31.0	3.000	 2.0	 5.0
1	2015	86	21081.0	 23.0	 32.0	3.000	 1.0	 6.0
1	2015	87	16830.0	 24.0	 31.0	3.000	 2.0	 1.0
1	2015	88	20604.0	 23.0	 32.0	3.000	 2.0	 0.0
1	2015	89	18462.0	 24.0	 31.0	3.000	 2.0	 3.0
1	2015	90	16007.0	 23.0	 31.0	3.000	 1.0	 5.0
1	2015	91	16176.0	 23.0	 30.0	3.000	 2.0	 0.0
1	2015	92	18851.0	 23.0	 31.0	3.000	 1.0	 0.0
1	2015	93	22968.0	 24.0	 33.0	3.000	 2.0	 0.0
1	2015	94	18211.0	 25.0	 31.0	3.000	 2.0	 4.0
1	2015	95	17888.0	 24.0	 30.0	3.000	 3.0	 1.0
1	2015	96	20232.0	 24.0	 32.0	3.000	 2.0	 0.0
1	2015	97	21501.0	 24.0	 32.0	3.000	 2.0	12.0
1	2015	98	17624.0	 23.0	 31.0	3.000	 2.0	15.0
1	2015	99	16860.0	 23.0	 31.0	3.000	 2.0	 1.0
1	2015	100	17995.0	 23.0	 31.0	3.000	 2.0	 1.0
1	2015	101	17493.0	 24.0	 31.0	3.000	 2.0	 7.0
1	2015	102	13117.0	 24.0	 30.0	3.000	 2.0	 4.0
1	2015	103	21119.0	 22.0	 31.0	3.000	 1.0	 0.0
1	2015	104	22248.0	 23.0	 33.0	3.000	 1.0	 0.0
1	2015	105	21469.0	 23.0	 33.0	3.000	 2.0	 0.0
1	2015	106	22041.0	 24.0	 32.0	3.000	 2.0	 0.0
1	2015	107	22482.0	 24.0	 32.0	3.000	 2.0	 1.0
1	2015	108	23426.0	 23.0	 33.0	3.000	 2.0	11.0
1	2015	109	20187.0	 24.0	 32.0	3.000	 2.0	 2.0
1	2015	110	22321.0	 23.0	 33.0	3.000	 2.0	 0.0
1	2015	111	23284.0	 23.0	 33.0	3.000	 2.0	 1.0
1	2015	112	21863.0	 24.0	 33.0	3.000	 2.0	 6.0
1	2015	113	24847.0	 23.0	 33.0	3.000	 2.0	 1.0
1	2015	114	15874.0	 24.0	 31.0	3.000	 3.0	 2.0
1	2015	115	17776.0	 24.0	 32.0	3.000	 3.0	 0.0
1	2015	116	21562.0	 24.0	 33.0	3.000	 3.0	 0.0
1	2015	117	23237.0	 23.0	 33.0	3.000	 2.0	 2.0
1	2015	118	19898.0	 24.0	 32.0	3.000	 2.0	 1.0
1	2015	119	17747.0	 24.0	 32.0	3.000	 2.0	 0.0
1	2015	120	21046.0	 24.0	 33.0	3.000	 3.0	 2.0
1	2015	121	21599.0	 24.0	 33.0	3.000	 3.0	 1.0
1	2015	122	21410.0	 24.0	 34.0	3.000	 3.0	 0.0
1	2015	123	20377.0	 24.0	 33.0	3.000	 3.0	 5.0
1	2015	124	12358.0	 24.0	 30.0	3.000	 3.0	 3.0
1	2015	125	17339.0	 23.0	 31.0	3.000	 2.0	10.0
1	2015	126	16841.0	 23.0	 30.0	3.000	 2.0	 3.0
1	2015	127	24408.0	 23.0	 33.0	3.000	 2.0	 1.0
1	2015	128	20543.0	 25.0	 33.0	3.000	 3.0	 1.0
1	2015	129	22966.0	 24.0	 33.0	3.000	 3.0	 1.0
1	2015	130	21864.0	 24.0	 33.0	3.000	 2.0	 1.0
1	2015	131	21023.0	 24.0	 33.0	3.000	 2.0	 1.0
1	2015	132	19545.0	 24.0	 32.0	3.000	 2.0	 5.0
1	2015	133	21643.0	 24.0	 34.0	3.000	 2.0	 3.0
1	2015	134	15981.0	 24.0	 31.0	3.000	 2.0	 4.0
1	2015	135	12763.0	 24.0	 30.0	3.000	 2.0	 2.0
1	2015	136	22126.0	 24.0	 33.0	3.000	 1.0	 4.0
1	2015	137	15531.0	 24.0	 31.0	3.000	 2.0	 3.0
1	2015	138	17615.0	 24.0	 32.0	3.000	 2.0	 0.0
1	2015	139	16291.0	 24.0	 31.0	3.000	 2.0	 0.0
1	2015	140	22290.0	 23.0	 33.0	3.000	 2.0	 1.0
1	2015	141	20809.0	 24.0	 33.0	3.000	 2.0	 0.0
1	2015	142	14117.0	 24.0	 31.0	3.000	 2.0	 2.0
1	2015	143	15677.0	 23.0	 30.0	3.000	 3.0	 3.0
1	2015	144	17532.0	 23.0	 31.0	3.000	 2.0	 4.0
1	2015	145	20517.0	 23.0	 32.0	3.000	 2.0	 0.0
1	2015	146	17491.0	 24.0	 32.0	3.000	 2.0	 5.0
1	2015	147	16870.0	 24.0	 31.0	3.000	 2.0	 6.0
1	2015	148	14729.0	 23.0	 31.0	3.000	 2.0	 4.0
1	2015	149	14251.0	 23.0	 30.0	3.000	 2.0	 7.0
1	2015	150	13706.0	 23.0	 30.0	3.000	 2.0	 0.0
1	2015	151	11130.0	 24.0	 29.0	3.000	 3.0	 3.0
1	2015	152	15983.0	 24.0	 30.0	3.000	 3.0	 3.0
1	2015	153	16678.0	 23.0	 29.0	3.000	 2.0	 1.0
1	2015	154	12505.0	 23.0	 29.0	3.000	 1.0	 5.0
1	2015	155	14457.0	 22.0	 29.0	3.000	 2.0	 7.0
1	2015	156	14807.0	 22.0	 29.0	3.000	 2.0	11.0
1	2015	157	14304.0	 23.0	 30.0	3.000	 2.0	 4.0
1	2015	158	16400.0	 22.0	 30.0	3.000	 2.0	 0.0
1	2015	159	15506.0	 23.0	 30.0	3.000	 2.0	 9.0
1	2015	160	15406.0	 23.0	 29.0	3.000	 2.0	 4.0
1	2015	161	12100.0	 22.0	 27.0	3.000	 2.0	63.0
1	2015	162	15241.0	 22.0	 29.0	3.000	 2.0	 0.0
1	2015	163	13972.0	 23.0	 30.0	3.000	 2.0	 1.0
1	2015	164	15686.0	 23.0	 29.0	3.000	 3.0	 3.0
1	2015	165	14890.0	 22.0	 29.0	3.000	 2.0	 8.0
1	2015	166	16856.0	 22.0	 28.0	3.000	 2.0	 2.0
1	2015	167	13253.0	 23.0	 28.0	3.000	 3.0	 1.0
1	2015	168	11720.0	 23.0	 28.0	3.000	 2.0	 1.0
1	2015	169	12965.0	 22.0	 29.0	3.000	 3.0	 3.0
1	2015	170	18042.0	 23.0	 30.0	3.000	 3.0	 2.0
1	2015	171	17592.0	 23.0	 29.0	3.000	 2.0	 2.0
1	2015	172	15163.0	 23.0	 28.0	3.000	 2.0	 3.0
1	2015	173	12795.0	 22.0	 28.0	3.000	 3.0	 2.0
1	2015	174	16760.0	 23.0	 29.0	3.000	 3.0	 2.0
1	2015	175	14684.0	 22.0	 28.0	3.000	 3.0	 1.0
1	2015	176	13330.0	 23.0	 28.0	3.000	 3.0	 1.0
1	2015	177	12475.0	 23.0	 28.0	3.000	 3.0	 2.0
1	2015	178	16271.0	 23.0	 30.0	3.000	 3.0	 2.0
1	2015	179	13297.0	 23.0	 28.0	3.000	 3.0	12.0
1	2015	180	10274.0	 22.0	 27.0	3.000	 2.0	 3.0
1	2015	181	14051.0	 22.0	 28.0	3.000	 3.0	10.0
1	2015	182	15991.0	 22.0	 29.0	3.000	 2.0	 1.0
1	2015	183	14706.0	 23.0	 29.0	3.000	 3.0	 2.0
1	2015	184	7749.0	 22.0	 25.0	3.000	 2.0	12.0
1	2015	185	9140.0	 22.0	 27.0	3.000	 2.0	 6.0
1	2015	186	14237.0	 22.0	 29.0	3.000	 2.0	 1.0
1	2015	187	13252.0	 23.0	 28.0	3.000	 2.0	 1.0
1	2015	188	16625.0	 23.0	 29.0	3.000	 2.0	 1.0
1	2015	189	18138.0	 23.0	 30.0	3.000	 2.0	 3.0
1	2015	190	15346.0	 23.0	 30.0	3.000	 1.0	 2.0
1	2015	191	11589.0	 23.0	 28.0	3.000	 1.0	24.0
1	2015	192	15997.0	 22.0	 30.0	3.000	 1.0	 2.0
1	2015	193	15453.0	 23.0	 29.0	3.000	 2.0	 6.0
1	2015	194	19234.0	 23.0	 30.0	3.000	 2.0	 5.0
1	2015	195	13145.0	 22.0	 28.0	3.000	 2.0	 0.0
1	2015	196	16035.0	 23.0	 29.0	3.000	 3.0	 8.0
1	2015	197	15939.0	 22.0	 28.0	3.000	 3.0	 3.0
1	2015	198	17069.0	 22.0	 29.0	3.000	 1.0	 1.0
1	2015	199	14615.0	 23.0	 29.0	3.000	 2.0	 1.0
1	2015	200	15193.0	 23.0	 29.0	3.000	 3.0	 1.0
1	2015	201	15494.0	 23.0	 29.0	3.000	 3.0	 1.0
1	2015	202	15460.0	 22.0	 28.0	3.000	 3.0	 2.0
1	2015	203	19152.0	 22.0	 30.0	2.000	 3.0	 1.0
1	2015	204	14303.0	 22.0	 28.0	2.000	 3.0	 1.0
1	2015	205	12957.0	 22.0	 28.0	2.000	 3.0	 0.0
1	2015	206	17615.0	 22.0	 28.0	2.000	 3.0	 1.0
1	2015	207	11490.0	 22.0	 28.0	2.000	 2.0	 1.0
1	2015	208	13796.0	 21.0	 28.0	2.000	 3.0	 1.0
1	2015	209	14104.0	 22.0	 27.0	2.000	 3.0	 1.0
1	2015	210	13094.0	 21.0	 27.0	2.000	 2.0	 1.0
1	2015	211	7884.0	 21.0	 26.0	2.000	 3.0	 0.0
1	2015	212	10915.0	 21.0	 26.0	2.000	 2.0	 1.0
1	2015	213	16056.0	 21.0	 29.0	3.000	 2.0	 1.0
1	2015	214	14479.0	 22.0	 28.0	3.000	 2.0	 2.0
1	2015	215	16163.0	 22.0	 29.0	3.000	 3.0	 1.0
1	2015	216	15607.0	 22.0	 28.0	3.000	 3.0	 2.0
1	2015	217	15276.0	 22.0	 29.0	3.000	 2.0	 1.0
1	2015	218	17455.0	 22.0	 29.0	3.000	 2.0	 1.0
1	2015	219	13965.0	 22.0	 28.0	3.000	 3.0	 5.0
1	2015	220	16273.0	 22.0	 28.0	3.000	 3.0	 2.0
1	2015	221	15646.0	 22.0	 29.0	3.000	 2.0	 1.0
1	2015	222	13978.0	 22.0	 27.0	3.000	 3.0	 4.0
1	2015	223	17698.0	 22.0	 29.0	3.000	 3.0	 1.0
1	2015	224	16334.0	 22.0	 29.0	3.000	 2.0	 2.0
1	2015	225	18937.0	 23.0	 31.0	3.000	 1.0	 5.0
1	2015	226	11625.0	 23.0	 29.0	3.000	 3.0	 1.0
1	2015	227	11244.0	 22.0	 28.0	3.000	 3.0	 2.0
1	2015	228	13032.0	 22.0	 29.0	3.000	 2.0	 2.0
1	2015	229	17007.0	 23.0	 30.0	3.000	 2.0	 1.0
1	2015	230	12033.0	 23.0	 27.0	3.000	 3.0	 2.0
1	2015	231	11061.0	 22.0	 27.0	3.000	 2.0	 2.0
1	2015	232	10336.0	 22.0	 27.0	3.000	 2.0	 4.0
1	2015	233	9493.0	 22.0	 26.0	3.000	 3.0	 3.0
1	2015	234	9365.0	 22.0	 27.0	3.000	 2.0	 1.0
1	2015	235	13440.0	 22.0	 29.0	3.000	 1.0	 2.0
1	2015	236	12599.0	 22.0	 28.0	3.000	 1.0	 8.0
1	2015	237	13761.0	 23.0	 29.0	3.000	 3.0	 1.0
1	2015	238	15349.0	 22.0	 29.0	3.000	 2.0	 1.0
1	2015	239	14785.0	 22.0	 28.0	3.000	 2.0	 2.0
1	2015	240	14671.0	 22.0	 28.0	3.000	 3.0	 2.0
1	2015	241	19281.0	 22.0	 29.0	3.000	 3.0	 1.0
1	2015	242	16208.0	 22.0	 28.0	2.000	 2.0	 1.0
1	2015	243	14641.0	 21.0	 28.0	2.000	 3.0	 1.0
1	2015	244	8834.0	 22.0	 25.0	3.000	 3.0	 5.0
1	2015	245	13236.0	 22.0	 28.0	3.000	 3.0	 1.0
1	2015	246	13871.0	 23.0	 29.0	3.000	 2.0	 1.0
1	2015	247	18719.0	 22.0	 30.0	3.000	 2.0	 1.0
1	2015	248	13304.0	 23.0	 29.0	3.000	 2.0	 1.0
1	2015	249	5803.0	 22.0	 26.0	3.000	 2.0	 4.0
1	2015	250	11835.0	 22.0	 28.0	3.000	 2.0	 1.0
1	2015	251	16810.0	 22.0	 30.0	3.000	 2.0	 2.0
1	2015	252	12106.0	 22.0	 28.0	3.000	 2.0	 2.0
1	2015	253	13052.0	 23.0	 28.0	3.000	 1.0	 1.0
1	2015	254	19015.0	 22.0	 31.0	3.000	 1.0	 5.0
1	2015	255	19289.0	 23.0	 31.0	3.000	 2.0	 1.0
1	2015	256	17367.0	 23.0	 29.0	3.000	 3.0	 1.0
1	2015	257	12599.0	 22.0	 28.0	3.000	 2.0	 2.0
1	2015	258	7884.0	 22.0	 26.0	3.000	 3.0	 4.0
1	2015	259	10170.0	 22.0	 28.0	3.000	 2.0	 2.0
1	2015	260	7909.0	 22.0	 27.0	3.000	 2.0	 1.0
1	2015	261	17791.0	 22.0	 30.0	3.000	 2.0	 1.0
1	2015	262	14424.0	 23.0	 29.0	3.000	 2.0	 1.0
1	2015	263	15060.0	 22.0	 29.0	3.000	 2.0	 1.0
1	2015	264	14889.0	 22.0	 28.0	3.000	 2.0	 7.0
1	2015	265	16396.0	 22.0	 29.0	3.000	 2.0	 6.0
1	2015	266	18479.0	 22.0	 30.0	3.000	 2.0	 2.0
1	2015	267	17292.0	 23.0	 30.0	3.000	 1.0	 2.0
1	2015	268	10576.0	 22.0	 28.0	3.000	 2.0	 7.0
1	2015	269	16825.0	 22.0	 29.0	3.000	 2.0	 1.0
1	2015	270	18644.0	 23.0	 30.0	3.000	 2.0	 2.0
1	2015	271	16601.0	 22.0	 29.0	3.000	 1.0	 8.0
1	2015	272	14835.0	 23.0	 29.0	3.000	 2.0	 7.0
1	2015	273	13498.0	 22.0	 29.0	3.000	 1.0	 6.0
1	2015	274	14498.0	 23.0	 29.0	3.000	 2.0	 1.0
1	2015	275	16202.0	 23.0	 30.0	3.000	 1.0	 3.0
1	2015	276	16915.0	 23.0	 29.0	3.000	 2.0	 6.0
1	2015	277	17962.0	 23.0	 30.0	3.000	 1.0	 4.0
1	2015	278	12766.0	 23.0	 29.0	3.000	 1.0	 2.0
1	2015	279	17241.0	 23.0	 29.0	3.000	 1.0	 9.0
1	2015	280	14033.0	 22.0	 29.0	3.000	 1.0	16.0
1	2015	281	18508.0	 22.0	 29.0	3.000	 1.0	 7.0
1	2015	282	9388.0	 23.0	 26.0	3.000	 2.0	 4.0
1	2015	283	16941.0	 22.0	 29.0	3.000	 1.0	 2.0
1	2015	284	18873.0	 22.0	 30.0	3.000	 1.0	 1.0
1	2015	285	18641.0	 23.0	 30.0	3.000	 1.0	 3.0
1	2015	286	20297.0	 23.0	 30.0	3.000	 1.0	 2.0
1	2015	287	16534.0	 23.0	 30.0	3.000	 2.0	 6.0
1	2015	288	17105.0	 23.0	 29.0	3.000	 1.0	 2.0
1	2015	289	18462.0	 23.0	 30.0	3.000	 1.0	 7.0
1	2015	290	14937.0	 23.0	 30.0	3.000	 2.0	 1.0
1	2015	291	17449.0	 23.0	 30.0	3.000	 2.0	 1.0
1	2015	292	17489.0	 23.0	 30.0	3.000	 2.0	 3.0
1	2015	293	17443.0	 23.0	 30.0	3.000	 1.0	 5.0
1	2015	294	15431.0	 23.0	 29.0	3.000	 1.0	 6.0
1	2015	295	12802.0	 23.0	 28.0	3.000	 1.0	 5.0
1	2015	296	17619.0	 23.0	 30.0	3.000	 1.0	 1.0
1	2015	297	16396.0	 23.0	 30.0	3.000	 2.0	 0.0
1	2015	298	17784.0	 23.0	 30.0	3.000	 2.0	 2.0
1	2015	299	17772.0	 22.0	 30.0	3.000	 1.0	 1.0
1	2015	300	17220.0	 23.0	 30.0	3.000	 1.0	 6.0
1	2015	301	16202.0	 23.0	 29.0	3.000	 1.0	 1.0
1	2015	302	19626.0	 23.0	 30.0	3.000	 1.0	 2.0
1	2015	303	19399.0	 23.0	 30.0	3.000	 1.0	 5.0
1	2015	304	16878.0	 22.0	 29.0	3.000	 1.0	12.0
1	2015	305	15235.0	 22.0	 28.0	3.000	 1.0	 0.0
1	2015	306	14026.0	 23.0	 29.0	3.000	 1.0	 1.0
1	2015	307	18625.0	 22.0	 30.0	3.000	 1.0	 1.0
1	2015	308	20879.0	 23.0	 31.0	3.000	 2.0	 0.0
1	2015	309	19021.0	 24.0	 30.0	3.000	 1.0	 5.0
1	2015	310	17447.0	 22.0	 30.0	3.000	 1.0	 4.0
1	2015	311	15948.0	 22.0	 29.0	3.000	 1.0	 3.0
1	2015	312	20508.0	 22.0	 30.0	3.000	 1.0	 1.0
1	2015	313	17868.0	 23.0	 30.0	3.000	 1.0	11.0
1	2015	314	19463.0	 23.0	 30.0	3.000	 1.0	 4.0
1	2015	315	18606.0	 22.0	 30.0	3.000	 1.0	 5.0
1	2015	316	18580.0	 23.0	 31.0	3.000	 1.0	 8.0
1	2015	317	17067.0	 22.0	 31.0	3.000	 1.0	 0.0
1	2015	318	19480.0	 22.0	 31.0	3.000	 1.0	 0.0
1	2015	319	19148.0	 22.0	 30.0	3.000	 2.0	 0.0
1	2015	320	19969.0	 23.0	 30.0	3.000	 2.0	 0.0
1	2015	321	11068.0	 23.0	 28.0	3.000	 1.0	 2.0
1	2015	322	18443.0	 21.0	 30.0	3.000	 1.0	 1.0
1	2015	323	19949.0	 22.0	 31.0	3.000	 1.0	 0.0
1	2015	324	19079.0	 23.0	 30.0	3.000	 1.0	 0.0
1	2015	325	18217.0	 23.0	 30.0	3.000	 2.0	 0.0
1	2015	326	19076.0	 23.0	 31.0	3.000	 1.0	 0.0
1	2015	327	17606.0	 23.0	 31.0	3.000	 2.0	 6.0
1	2015	328	17146.0	 23.0	 31.0	3.000	 1.0	 8.0
1	2015	329	16876.0	 23.0	 31.0	3.000	 2.0	 5.0
1	2015	330	13117.0	 24.0	 29.0	3.000	 2.0	 3.0
1	2015	331	13463.0	 23.0	 29.0	3.000	 2.0	 1.0
1	2015	332	14391.0	 23.0	 30.0	3.000	 2.0	 1.0
1	2015	333	16860.0	 23.0	 31.0	3.000	 1.0	 0.0
1	2015	334	18520.0	 24.0	 32.0	3.000	 1.0	 0.0
1	2015	335	19364.0	 23.0	 32.0	3.000	 2.0	 0.0
1	2015	336	17696.0	 24.0	 31.0	3.000	 1.0	 1.0
1	2015	337	17481.0	 23.0	 31.0	3.000	 1.0	 1.0
1	2015	338	21080.0	 23.0	 33.0	2.000	 1.0	 0.0
1	2015	339	21808.0	 22.0	 32.0	2.000	 0.0	 0.0
1	2015	340	20892.0	 23.0	 32.0	2.000	 1.0	 0.0
1	2015	341	20758.0	 23.0	 33.0	2.000	 1.0	 0.0
1	2015	342	22155.0	 22.0	 34.0	2.000	 1.0	 0.0
1	2015	343	21757.0	 22.0	 33.0	2.000	 1.0	 0.0
1	2015	344	22310.0	 21.0	 34.0	2.000	 1.0	 0.0
1	2015	345	21736.0	 21.0	 34.0	2.000	 0.0	 0.0
1	2015	346	21167.0	 23.0	 34.0	2.000	 1.0	 0.0
1	2015	347	19914.0	 22.0	 32.0	2.000	 0.0	 0.0
1	2015	348	21390.0	 22.0	 33.0	2.000	 1.0	 0.0
1	2015	349	22161.0	 21.0	 34.0	2.000	 2.0	 0.0
1	2015	350	23006.0	 19.0	 32.0	1.000	 2.0	 0.0
1	2015	351	22274.0	 19.0	 32.0	2.000	 0.0	 0.0
1	2015	352	22296.0	 20.0	 33.0	1.000	 1.0	 0.0
1	2015	353	22308.0	 20.0	 33.0	1.000	 2.0	 0.0
1	2015	354	19965.0	 21.0	 33.0	1.000	 1.0	 0.0
1	2015	355	20830.0	 21.0	 33.0	2.000	 1.0	 0.0
1	2015	356	21543.0	 21.0	 34.0	2.000	 1.0	 0.0
1	2015	357	21654.0	 21.0	 34.0	2.000	 1.0	 0.0
1	2015	358	21797.0	 21.0	 33.0	2.000	 1.0	 0.0
1	2015	359	22023.0	 21.0	 34.0	1.000	 2.0	 0.0
1	2015	360	22156.0	 21.0	 34.0	1.000	 1.0	 0.0
1	2015	361	22276.0	 20.0	 34.0	1.000	 1.0	 0.0
1	2015	362	22145.0	 21.0	 34.0	1.000	 1.0	 0.0
1	2015	363	22510.0	 21.0	 35.0	1.000	 2.0	 0.0
1	2015	364	22352.0	 21.0	 35.0	2.000	 0.0	 0.0
1	2015	365	21111.0	 22.0	 34.0	2.000	 0.0	 0.0
