*---------------------------------------------------
* Station: Ashanti
* Year: 2013
* Origin: ERA5-Reanalysis
* Columns & units
* ===================
* 1. station number
* 2. year
* 3. Day of Year
* 4. Irradiance   (kJ路m-2路d-1)
* 5. Daily minimum temperature (degC)
* 6. Daily maximum temperature (degC)
* 7. Vapour pressure (kPa)
* 8. Mean wind speed (m路s-1)
* 9. Precipitation (mm路d-1)
** WCCDESCRIPTION=Ashanti
** WCCFORMAT=2
** WCCYEARNR=2013
*------------------------------------------------------------*
-1.46  6.80  289.00 -0.18  -0.55
1	2013	1	22254.0	 20.0	 33.0	1.000	 2.0	 0.0
1	2013	2	22285.0	 20.0	 33.0	1.000	 1.0	 0.0
1	2013	3	21869.0	 21.0	 33.0	2.000	 1.0	 0.0
1	2013	4	22120.0	 21.0	 34.0	1.000	 1.0	 0.0
1	2013	5	22129.0	 21.0	 33.0	1.000	 1.0	 0.0
1	2013	6	22944.0	 19.0	 33.0	1.000	 1.0	 0.0
1	2013	7	22744.0	 19.0	 33.0	1.000	 0.0	 0.0
1	2013	8	22414.0	 20.0	 34.0	2.000	 1.0	 0.0
1	2013	9	18661.0	 22.0	 32.0	2.000	 1.0	 0.0
1	2013	10	21377.0	 23.0	 34.0	2.000	 1.0	 0.0
1	2013	11	20007.0	 23.0	 33.0	2.000	 1.0	 0.0
1	2013	12	21733.0	 23.0	 35.0	2.000	 1.0	 0.0
1	2013	13	22024.0	 23.0	 35.0	2.000	 1.0	 0.0
1	2013	14	21653.0	 24.0	 34.0	2.000	 1.0	 0.0
1	2013	15	20252.0	 23.0	 34.0	2.000	 0.0	 0.0
1	2013	16	22748.0	 23.0	 36.0	2.000	 1.0	 0.0
1	2013	17	21167.0	 24.0	 34.0	2.000	 1.0	 0.0
1	2013	18	22402.0	 23.0	 35.0	2.000	 1.0	 0.0
1	2013	19	19541.0	 24.0	 34.0	2.000	 2.0	 0.0
1	2013	20	19693.0	 24.0	 34.0	2.000	 2.0	 0.0
1	2013	21	19011.0	 25.0	 35.0	3.000	 2.0	 0.0
1	2013	22	17711.0	 25.0	 34.0	3.000	 1.0	 5.0
1	2013	23	16932.0	 24.0	 33.0	3.000	 2.0	 5.0
1	2013	24	17849.0	 24.0	 33.0	3.000	 2.0	 0.0
1	2013	25	17621.0	 24.0	 33.0	3.000	 2.0	 1.0
1	2013	26	16238.0	 24.0	 33.0	3.000	 2.0	 1.0
1	2013	27	19515.0	 24.0	 34.0	2.000	 2.0	 0.0
1	2013	28	21289.0	 23.0	 34.0	1.000	 2.0	 0.0
1	2013	29	21189.0	 22.0	 35.0	2.000	 1.0	 0.0
1	2013	30	22945.0	 22.0	 35.0	2.000	 1.0	 0.0
1	2013	31	22174.0	 23.0	 34.0	2.000	 0.0	 0.0
1	2013	32	24058.0	 22.0	 34.0	1.000	 2.0	 0.0
1	2013	33	24339.0	 20.0	 34.0	1.000	 1.0	 0.0
1	2013	34	23382.0	 20.0	 34.0	2.000	 1.0	 0.0
1	2013	35	22999.0	 23.0	 35.0	2.000	 1.0	 0.0
1	2013	36	22849.0	 23.0	 37.0	2.000	 1.0	 0.0
1	2013	37	19782.0	 25.0	 34.0	3.000	 2.0	 0.0
1	2013	38	20343.0	 25.0	 35.0	2.000	 1.0	 0.0
1	2013	39	21717.0	 24.0	 35.0	2.000	 1.0	 0.0
1	2013	40	22649.0	 24.0	 36.0	2.000	 1.0	 0.0
1	2013	41	20458.0	 24.0	 35.0	2.000	 2.0	 0.0
1	2013	42	17717.0	 25.0	 35.0	3.000	 1.0	 0.0
1	2013	43	21540.0	 24.0	 35.0	2.000	 1.0	 0.0
1	2013	44	20730.0	 25.0	 35.0	3.000	 2.0	 0.0
1	2013	45	20707.0	 25.0	 35.0	2.000	 2.0	 0.0
1	2013	46	21707.0	 25.0	 36.0	2.000	 2.0	 0.0
1	2013	47	19961.0	 25.0	 36.0	2.000	 2.0	 0.0
1	2013	48	21318.0	 25.0	 36.0	3.000	 3.0	 0.0
1	2013	49	21207.0	 25.0	 36.0	2.000	 2.0	 0.0
1	2013	50	16099.0	 26.0	 32.0	3.000	 3.0	 3.0
1	2013	51	19849.0	 24.0	 34.0	3.000	 3.0	 0.0
1	2013	52	20046.0	 25.0	 34.0	3.000	 2.0	 1.0
1	2013	53	15032.0	 25.0	 32.0	3.000	 1.0	 7.0
1	2013	54	21734.0	 23.0	 35.0	2.000	 2.0	 0.0
1	2013	55	19934.0	 25.0	 35.0	3.000	 3.0	 1.0
1	2013	56	16913.0	 25.0	 33.0	3.000	 3.0	10.0
1	2013	57	21077.0	 24.0	 33.0	3.000	 3.0	 0.0
1	2013	58	22104.0	 24.0	 34.0	3.000	 2.0	 0.0
1	2013	59	20941.0	 25.0	 34.0	3.000	 3.0	 0.0
1	2013	60	18549.0	 25.0	 33.0	3.000	 2.0	 1.0
1	2013	61	20231.0	 25.0	 34.0	3.000	 2.0	 8.0
1	2013	62	18744.0	 24.0	 34.0	3.000	 2.0	 6.0
1	2013	63	19577.0	 24.0	 33.0	3.000	 2.0	15.0
1	2013	64	13553.0	 23.0	 31.0	3.000	 2.0	 0.0
1	2013	65	19973.0	 24.0	 33.0	3.000	 2.0	 1.0
1	2013	66	19332.0	 25.0	 34.0	3.000	 3.0	 2.0
1	2013	67	16225.0	 25.0	 32.0	3.000	 3.0	 0.0
1	2013	68	15087.0	 24.0	 32.0	3.000	 3.0	 5.0
1	2013	69	13756.0	 24.0	 31.0	3.000	 3.0	 0.0
1	2013	70	19645.0	 24.0	 33.0	3.000	 3.0	 1.0
1	2013	71	21848.0	 24.0	 33.0	3.000	 2.0	 1.0
1	2013	72	22269.0	 25.0	 34.0	3.000	 2.0	 2.0
1	2013	73	21716.0	 25.0	 33.0	3.000	 2.0	 1.0
1	2013	74	19536.0	 24.0	 33.0	3.000	 2.0	20.0
1	2013	75	12767.0	 23.0	 30.0	3.000	 3.0	 1.0
1	2013	76	18522.0	 23.0	 32.0	3.000	 3.0	 0.0
1	2013	77	24166.0	 24.0	 34.0	3.000	 2.0	 0.0
1	2013	78	23211.0	 24.0	 34.0	3.000	 1.0	 3.0
1	2013	79	19183.0	 25.0	 33.0	3.000	 2.0	 3.0
1	2013	80	16853.0	 25.0	 33.0	3.000	 3.0	 1.0
1	2013	81	14286.0	 23.0	 30.0	3.000	 3.0	 4.0
1	2013	82	23754.0	 23.0	 33.0	3.000	 2.0	 4.0
1	2013	83	17902.0	 23.0	 30.0	3.000	 3.0	 6.0
1	2013	84	22236.0	 24.0	 33.0	3.000	 2.0	 2.0
1	2013	85	18039.0	 24.0	 31.0	3.000	 2.0	 1.0
1	2013	86	22039.0	 24.0	 32.0	3.000	 2.0	 1.0
1	2013	87	17348.0	 24.0	 31.0	3.000	 1.0	 9.0
1	2013	88	17551.0	 23.0	 32.0	3.000	 2.0	 2.0
1	2013	89	18726.0	 24.0	 31.0	3.000	 2.0	 0.0
1	2013	90	23151.0	 24.0	 34.0	3.000	 2.0	 4.0
1	2013	91	24768.0	 24.0	 33.0	3.000	 2.0	 7.0
1	2013	92	20645.0	 24.0	 31.0	3.000	 2.0	 2.0
1	2013	93	22224.0	 24.0	 33.0	3.000	 2.0	 0.0
1	2013	94	18883.0	 24.0	 31.0	3.000	 2.0	 4.0
1	2013	95	21311.0	 24.0	 32.0	3.000	 2.0	 2.0
1	2013	96	16225.0	 24.0	 31.0	3.000	 2.0	 3.0
1	2013	97	20319.0	 24.0	 32.0	3.000	 2.0	 6.0
1	2013	98	18967.0	 23.0	 32.0	3.000	 3.0	 1.0
1	2013	99	17388.0	 24.0	 31.0	3.000	 3.0	 6.0
1	2013	100	21788.0	 24.0	 32.0	3.000	 2.0	 0.0
1	2013	101	22993.0	 24.0	 33.0	3.000	 2.0	 0.0
1	2013	102	22020.0	 24.0	 33.0	3.000	 2.0	 3.0
1	2013	103	20644.0	 24.0	 32.0	3.000	 2.0	 2.0
1	2013	104	21663.0	 23.0	 32.0	3.000	 1.0	 8.0
1	2013	105	19461.0	 24.0	 31.0	3.000	 2.0	 9.0
1	2013	106	19478.0	 23.0	 31.0	3.000	 2.0	 1.0
1	2013	107	21543.0	 24.0	 32.0	3.000	 3.0	 1.0
1	2013	108	19552.0	 24.0	 31.0	3.000	 2.0	 5.0
1	2013	109	18230.0	 23.0	 30.0	3.000	 3.0	 4.0
1	2013	110	21949.0	 23.0	 31.0	3.000	 1.0	 1.0
1	2013	111	20599.0	 24.0	 31.0	3.000	 1.0	 1.0
1	2013	112	21950.0	 24.0	 32.0	3.000	 2.0	 3.0
1	2013	113	18929.0	 24.0	 31.0	3.000	 2.0	 1.0
1	2013	114	22433.0	 24.0	 32.0	3.000	 2.0	 0.0
1	2013	115	21942.0	 24.0	 33.0	3.000	 2.0	 2.0
1	2013	116	19567.0	 24.0	 31.0	3.000	 1.0	 1.0
1	2013	117	19182.0	 24.0	 32.0	3.000	 2.0	 0.0
1	2013	118	24428.0	 24.0	 33.0	3.000	 1.0	 6.0
1	2013	119	19702.0	 24.0	 32.0	3.000	 2.0	 8.0
1	2013	120	20066.0	 24.0	 32.0	3.000	 2.0	 5.0
1	2013	121	12575.0	 24.0	 29.0	3.000	 2.0	14.0
1	2013	122	19044.0	 23.0	 30.0	3.000	 1.0	 0.0
1	2013	123	23399.0	 24.0	 32.0	3.000	 2.0	 1.0
1	2013	124	17931.0	 24.0	 32.0	3.000	 2.0	 8.0
1	2013	125	16370.0	 23.0	 31.0	3.000	 2.0	 1.0
1	2013	126	21244.0	 24.0	 32.0	3.000	 2.0	 1.0
1	2013	127	17808.0	 24.0	 32.0	3.000	 2.0	 2.0
1	2013	128	18351.0	 24.0	 31.0	3.000	 2.0	 1.0
1	2013	129	16283.0	 23.0	 31.0	3.000	 2.0	 2.0
1	2013	130	19126.0	 24.0	 31.0	3.000	 3.0	 7.0
1	2013	131	14053.0	 23.0	 29.0	3.000	 2.0	 5.0
1	2013	132	19647.0	 23.0	 31.0	3.000	 2.0	 5.0
1	2013	133	18953.0	 23.0	 31.0	3.000	 2.0	 1.0
1	2013	134	21502.0	 23.0	 31.0	3.000	 1.0	 4.0
1	2013	135	19545.0	 23.0	 31.0	3.000	 2.0	 1.0
1	2013	136	15523.0	 23.0	 30.0	3.000	 1.0	 7.0
1	2013	137	19577.0	 23.0	 30.0	3.000	 2.0	 9.0
1	2013	138	14057.0	 23.0	 30.0	3.000	 2.0	 8.0
1	2013	139	17059.0	 23.0	 30.0	3.000	 1.0	 4.0
1	2013	140	17850.0	 24.0	 31.0	3.000	 2.0	 0.0
1	2013	141	14767.0	 23.0	 31.0	3.000	 2.0	 2.0
1	2013	142	20071.0	 24.0	 31.0	3.000	 2.0	 3.0
1	2013	143	13078.0	 23.0	 30.0	3.000	 1.0	 0.0
1	2013	144	19527.0	 24.0	 31.0	3.000	 2.0	 1.0
1	2013	145	16498.0	 24.0	 31.0	3.000	 2.0	 1.0
1	2013	146	12516.0	 23.0	 29.0	3.000	 2.0	 8.0
1	2013	147	14239.0	 22.0	 28.0	3.000	 2.0	 8.0
1	2013	148	14626.0	 22.0	 30.0	3.000	 2.0	 0.0
1	2013	149	13684.0	 22.0	 29.0	3.000	 1.0	 2.0
1	2013	150	15605.0	 23.0	 29.0	3.000	 2.0	 3.0
1	2013	151	17246.0	 23.0	 30.0	3.000	 2.0	 1.0
1	2013	152	17568.0	 23.0	 30.0	3.000	 2.0	 1.0
1	2013	153	17349.0	 23.0	 29.0	3.000	 2.0	 3.0
1	2013	154	13209.0	 22.0	 28.0	3.000	 3.0	10.0
1	2013	155	18069.0	 22.0	 28.0	3.000	 3.0	 2.0
1	2013	156	18370.0	 22.0	 30.0	3.000	 2.0	 3.0
1	2013	157	12838.0	 22.0	 28.0	3.000	 2.0	 5.0
1	2013	158	16569.0	 22.0	 29.0	3.000	 2.0	 0.0
1	2013	159	14993.0	 23.0	 30.0	3.000	 2.0	 2.0
1	2013	160	15025.0	 22.0	 30.0	3.000	 2.0	 5.0
1	2013	161	12906.0	 23.0	 29.0	3.000	 2.0	 3.0
1	2013	162	17209.0	 22.0	 30.0	3.000	 2.0	 2.0
1	2013	163	13982.0	 22.0	 29.0	3.000	 3.0	 1.0
1	2013	164	13521.0	 23.0	 29.0	3.000	 3.0	 1.0
1	2013	165	19604.0	 23.0	 29.0	3.000	 3.0	 2.0
1	2013	166	16239.0	 23.0	 29.0	3.000	 2.0	 1.0
1	2013	167	14769.0	 23.0	 29.0	3.000	 2.0	 5.0
1	2013	168	17216.0	 23.0	 30.0	3.000	 3.0	 3.0
1	2013	169	17206.0	 23.0	 29.0	3.000	 3.0	 6.0
1	2013	170	12084.0	 23.0	 27.0	3.000	 3.0	 5.0
1	2013	171	18204.0	 23.0	 29.0	3.000	 3.0	 2.0
1	2013	172	16400.0	 22.0	 29.0	3.000	 3.0	 1.0
1	2013	173	16289.0	 23.0	 29.0	3.000	 3.0	 1.0
1	2013	174	11614.0	 23.0	 28.0	3.000	 3.0	 1.0
1	2013	175	9544.0	 21.0	 27.0	3.000	 3.0	 0.0
1	2013	176	7632.0	 22.0	 26.0	3.000	 3.0	 1.0
1	2013	177	14413.0	 21.0	 29.0	2.000	 2.0	 0.0
1	2013	178	14959.0	 22.0	 29.0	3.000	 2.0	 0.0
1	2013	179	15422.0	 23.0	 29.0	3.000	 2.0	 6.0
1	2013	180	11437.0	 22.0	 27.0	3.000	 2.0	15.0
1	2013	181	13077.0	 22.0	 27.0	3.000	 3.0	14.0
1	2013	182	9990.0	 22.0	 26.0	3.000	 2.0	 0.0
1	2013	183	14844.0	 21.0	 27.0	3.000	 2.0	 0.0
1	2013	184	8273.0	 21.0	 27.0	3.000	 3.0	 0.0
1	2013	185	17017.0	 22.0	 29.0	3.000	 3.0	 3.0
1	2013	186	10512.0	 21.0	 26.0	3.000	 3.0	12.0
1	2013	187	7289.0	 21.0	 25.0	3.000	 3.0	 8.0
1	2013	188	15553.0	 21.0	 28.0	3.000	 3.0	 1.0
1	2013	189	11264.0	 22.0	 27.0	3.000	 3.0	 4.0
1	2013	190	13013.0	 22.0	 27.0	3.000	 2.0	 1.0
1	2013	191	10536.0	 21.0	 27.0	3.000	 2.0	 0.0
1	2013	192	10661.0	 22.0	 27.0	3.000	 2.0	 4.0
1	2013	193	10812.0	 22.0	 27.0	3.000	 2.0	 5.0
1	2013	194	15655.0	 22.0	 28.0	3.000	 2.0	 5.0
1	2013	195	15683.0	 22.0	 29.0	3.000	 2.0	 1.0
1	2013	196	10428.0	 22.0	 27.0	3.000	 2.0	 6.0
1	2013	197	16852.0	 22.0	 28.0	3.000	 2.0	 5.0
1	2013	198	15188.0	 22.0	 29.0	3.000	 2.0	 1.0
1	2013	199	16891.0	 22.0	 29.0	3.000	 3.0	 2.0
1	2013	200	14485.0	 22.0	 28.0	3.000	 2.0	 2.0
1	2013	201	9185.0	 22.0	 26.0	3.000	 2.0	 2.0
1	2013	202	13894.0	 22.0	 28.0	3.000	 2.0	 5.0
1	2013	203	8968.0	 22.0	 26.0	3.000	 2.0	18.0
1	2013	204	16828.0	 22.0	 29.0	3.000	 3.0	 1.0
1	2013	205	11396.0	 22.0	 27.0	3.000	 3.0	 1.0
1	2013	206	6734.0	 21.0	 23.0	3.000	 2.0	16.0
1	2013	207	11627.0	 21.0	 27.0	3.000	 2.0	 4.0
1	2013	208	16018.0	 21.0	 28.0	3.000	 2.0	 2.0
1	2013	209	12147.0	 22.0	 27.0	3.000	 3.0	 1.0
1	2013	210	15047.0	 22.0	 27.0	3.000	 3.0	 2.0
1	2013	211	14104.0	 22.0	 28.0	2.000	 2.0	 0.0
1	2013	212	12290.0	 22.0	 27.0	2.000	 3.0	 0.0
1	2013	213	15284.0	 21.0	 28.0	2.000	 3.0	 1.0
1	2013	214	10479.0	 22.0	 27.0	2.000	 3.0	 1.0
1	2013	215	12929.0	 21.0	 27.0	2.000	 2.0	 1.0
1	2013	216	13736.0	 22.0	 27.0	2.000	 3.0	 1.0
1	2013	217	13754.0	 21.0	 28.0	2.000	 3.0	 0.0
1	2013	218	13743.0	 22.0	 29.0	3.000	 3.0	 4.0
1	2013	219	10181.0	 22.0	 26.0	2.000	 3.0	 3.0
1	2013	220	11874.0	 22.0	 26.0	2.000	 3.0	 2.0
1	2013	221	14194.0	 21.0	 27.0	2.000	 3.0	 1.0
1	2013	222	13796.0	 21.0	 27.0	2.000	 2.0	 0.0
1	2013	223	16142.0	 21.0	 28.0	2.000	 3.0	 0.0
1	2013	224	10892.0	 21.0	 26.0	2.000	 3.0	 0.0
1	2013	225	12795.0	 21.0	 27.0	2.000	 2.0	 0.0
1	2013	226	11447.0	 21.0	 27.0	2.000	 2.0	 1.0
1	2013	227	13410.0	 21.0	 27.0	2.000	 3.0	 2.0
1	2013	228	10109.0	 21.0	 26.0	2.000	 3.0	 1.0
1	2013	229	14114.0	 21.0	 28.0	2.000	 3.0	 2.0
1	2013	230	12325.0	 22.0	 28.0	2.000	 2.0	 0.0
1	2013	231	14815.0	 21.0	 29.0	2.000	 1.0	 2.0
1	2013	232	15848.0	 22.0	 29.0	3.000	 3.0	 3.0
1	2013	233	17723.0	 22.0	 29.0	3.000	 3.0	 1.0
1	2013	234	19217.0	 22.0	 30.0	2.000	 3.0	 1.0
1	2013	235	11556.0	 23.0	 28.0	3.000	 2.0	 3.0
1	2013	236	8681.0	 22.0	 26.0	3.000	 2.0	 3.0
1	2013	237	11557.0	 22.0	 27.0	3.000	 2.0	 2.0
1	2013	238	14576.0	 22.0	 28.0	2.000	 2.0	 1.0
1	2013	239	16894.0	 22.0	 29.0	3.000	 2.0	 1.0
1	2013	240	17833.0	 22.0	 29.0	3.000	 3.0	 1.0
1	2013	241	8642.0	 22.0	 26.0	2.000	 2.0	 4.0
1	2013	242	8549.0	 21.0	 24.0	3.000	 2.0	13.0
1	2013	243	15257.0	 21.0	 28.0	3.000	 3.0	 4.0
1	2013	244	16250.0	 22.0	 29.0	3.000	 2.0	 4.0
1	2013	245	17435.0	 22.0	 28.0	3.000	 3.0	 2.0
1	2013	246	18614.0	 22.0	 29.0	3.000	 1.0	 1.0
1	2013	247	15898.0	 23.0	 29.0	3.000	 2.0	 2.0
1	2013	248	11313.0	 22.0	 28.0	3.000	 2.0	 6.0
1	2013	249	11819.0	 21.0	 26.0	3.000	 2.0	 4.0
1	2013	250	13727.0	 22.0	 28.0	3.000	 2.0	10.0
1	2013	251	16436.0	 22.0	 29.0	3.000	 2.0	 4.0
1	2013	252	10355.0	 22.0	 27.0	3.000	 1.0	 3.0
1	2013	253	16426.0	 22.0	 29.0	3.000	 2.0	 1.0
1	2013	254	14722.0	 22.0	 29.0	3.000	 2.0	 3.0
1	2013	255	17446.0	 22.0	 28.0	3.000	 3.0	 9.0
1	2013	256	18751.0	 21.0	 29.0	3.000	 2.0	 1.0
1	2013	257	14926.0	 22.0	 29.0	3.000	 1.0	21.0
1	2013	258	19599.0	 22.0	 30.0	3.000	 2.0	 1.0
1	2013	259	15294.0	 22.0	 29.0	3.000	 2.0	 2.0
1	2013	260	13340.0	 22.0	 28.0	3.000	 1.0	 1.0
1	2013	261	14184.0	 21.0	 29.0	3.000	 1.0	 1.0
1	2013	262	14610.0	 23.0	 29.0	3.000	 2.0	 5.0
1	2013	263	17034.0	 23.0	 30.0	3.000	 2.0	 9.0
1	2013	264	14209.0	 23.0	 29.0	3.000	 2.0	 1.0
1	2013	265	15414.0	 22.0	 29.0	3.000	 2.0	 5.0
1	2013	266	10963.0	 22.0	 28.0	3.000	 3.0	 5.0
1	2013	267	6134.0	 22.0	 24.0	3.000	 3.0	 9.0
1	2013	268	16495.0	 21.0	 28.0	3.000	 2.0	 1.0
1	2013	269	17657.0	 22.0	 29.0	3.000	 1.0	 2.0
1	2013	270	15397.0	 22.0	 28.0	3.000	 1.0	13.0
1	2013	271	13061.0	 22.0	 27.0	3.000	 2.0	 2.0
1	2013	272	14920.0	 22.0	 29.0	3.000	 2.0	 1.0
1	2013	273	17991.0	 22.0	 29.0	3.000	 2.0	 1.0
1	2013	274	15441.0	 22.0	 28.0	3.000	 2.0	 1.0
1	2013	275	17263.0	 22.0	 29.0	3.000	 2.0	 2.0
1	2013	276	16648.0	 22.0	 29.0	3.000	 2.0	 7.0
1	2013	277	16085.0	 22.0	 29.0	3.000	 2.0	12.0
1	2013	278	5308.0	 22.0	 24.0	3.000	 1.0	52.0
1	2013	279	13951.0	 22.0	 28.0	3.000	 1.0	 1.0
1	2013	280	17749.0	 22.0	 29.0	3.000	 1.0	 2.0
1	2013	281	16851.0	 22.0	 28.0	3.000	 1.0	 4.0
1	2013	282	12761.0	 22.0	 28.0	3.000	 2.0	 6.0
1	2013	283	16046.0	 21.0	 28.0	3.000	 2.0	 1.0
1	2013	284	12950.0	 21.0	 27.0	3.000	 0.0	13.0
1	2013	285	19014.0	 22.0	 29.0	3.000	 1.0	 5.0
1	2013	286	16819.0	 22.0	 30.0	3.000	 2.0	 0.0
1	2013	287	14913.0	 22.0	 28.0	3.000	 2.0	 2.0
1	2013	288	15082.0	 21.0	 28.0	3.000	 1.0	15.0
1	2013	289	19992.0	 22.0	 29.0	3.000	 2.0	 2.0
1	2013	290	15080.0	 22.0	 29.0	3.000	 0.0	 8.0
1	2013	291	20269.0	 22.0	 30.0	3.000	 1.0	 2.0
1	2013	292	20780.0	 23.0	 30.0	3.000	 2.0	 2.0
1	2013	293	16463.0	 22.0	 29.0	3.000	 1.0	 2.0
1	2013	294	15363.0	 22.0	 28.0	3.000	 2.0	 2.0
1	2013	295	16789.0	 22.0	 29.0	3.000	 2.0	 1.0
1	2013	296	14758.0	 22.0	 29.0	3.000	 1.0	 0.0
1	2013	297	18252.0	 22.0	 30.0	3.000	 2.0	 0.0
1	2013	298	16251.0	 23.0	 29.0	3.000	 2.0	 1.0
1	2013	299	16440.0	 22.0	 29.0	3.000	 2.0	 0.0
1	2013	300	15234.0	 22.0	 29.0	3.000	 1.0	12.0
1	2013	301	17185.0	 22.0	 30.0	3.000	 1.0	 1.0
1	2013	302	15314.0	 23.0	 29.0	3.000	 2.0	 7.0
1	2013	303	18004.0	 23.0	 30.0	3.000	 1.0	 5.0
1	2013	304	15755.0	 22.0	 29.0	3.000	 1.0	 1.0
1	2013	305	16866.0	 22.0	 28.0	3.000	 1.0	 9.0
1	2013	306	13567.0	 22.0	 28.0	3.000	 1.0	 1.0
1	2013	307	18157.0	 22.0	 30.0	3.000	 1.0	 4.0
1	2013	308	18455.0	 22.0	 29.0	3.000	 1.0	 1.0
1	2013	309	17256.0	 21.0	 29.0	3.000	 1.0	 0.0
1	2013	310	18965.0	 22.0	 30.0	3.000	 1.0	 2.0
1	2013	311	18602.0	 22.0	 30.0	3.000	 1.0	 1.0
1	2013	312	16827.0	 22.0	 29.0	3.000	 1.0	 4.0
1	2013	313	14888.0	 22.0	 29.0	3.000	 2.0	 1.0
1	2013	314	17195.0	 22.0	 30.0	3.000	 1.0	 0.0
1	2013	315	14224.0	 23.0	 29.0	3.000	 2.0	 1.0
1	2013	316	15389.0	 23.0	 29.0	3.000	 2.0	 1.0
1	2013	317	14003.0	 23.0	 29.0	3.000	 2.0	 0.0
1	2013	318	15017.0	 23.0	 29.0	3.000	 2.0	 1.0
1	2013	319	12581.0	 23.0	 29.0	3.000	 2.0	 5.0
1	2013	320	16987.0	 22.0	 30.0	3.000	 1.0	 4.0
1	2013	321	17571.0	 22.0	 29.0	3.000	 1.0	 1.0
1	2013	322	15569.0	 23.0	 30.0	3.000	 1.0	 1.0
1	2013	323	15598.0	 23.0	 29.0	3.000	 2.0	 2.0
1	2013	324	17373.0	 23.0	 30.0	3.000	 2.0	 3.0
1	2013	325	15934.0	 23.0	 29.0	3.000	 1.0	 1.0
1	2013	326	15157.0	 22.0	 28.0	3.000	 2.0	 1.0
1	2013	327	13833.0	 23.0	 29.0	3.000	 2.0	 3.0
1	2013	328	11740.0	 22.0	 28.0	3.000	 2.0	 2.0
1	2013	329	15986.0	 22.0	 29.0	3.000	 2.0	 2.0
1	2013	330	15231.0	 22.0	 29.0	3.000	 2.0	 5.0
1	2013	331	15357.0	 22.0	 29.0	3.000	 2.0	 1.0
1	2013	332	18486.0	 22.0	 31.0	3.000	 1.0	 1.0
1	2013	333	16251.0	 23.0	 31.0	3.000	 2.0	 0.0
1	2013	334	14161.0	 24.0	 30.0	3.000	 2.0	 0.0
1	2013	335	15563.0	 23.0	 30.0	3.000	 2.0	 0.0
1	2013	336	17248.0	 23.0	 31.0	3.000	 1.0	 2.0
1	2013	337	10074.0	 23.0	 29.0	3.000	 1.0	 5.0
1	2013	338	13744.0	 23.0	 30.0	3.000	 1.0	 0.0
1	2013	339	16954.0	 22.0	 30.0	3.000	 2.0	 0.0
1	2013	340	18889.0	 23.0	 31.0	3.000	 2.0	 0.0
1	2013	341	19096.0	 22.0	 30.0	2.000	 2.0	 0.0
1	2013	342	20120.0	 21.0	 31.0	2.000	 1.0	 0.0
1	2013	343	21961.0	 21.0	 32.0	2.000	 0.0	 0.0
1	2013	344	21489.0	 21.0	 32.0	2.000	 1.0	 0.0
1	2013	345	15411.0	 22.0	 30.0	2.000	 2.0	 0.0
1	2013	346	18672.0	 21.0	 31.0	3.000	 2.0	 0.0
1	2013	347	18104.0	 22.0	 31.0	3.000	 2.0	 0.0
1	2013	348	11544.0	 23.0	 28.0	3.000	 2.0	 5.0
1	2013	349	16865.0	 22.0	 29.0	3.000	 0.0	 1.0
1	2013	350	16656.0	 22.0	 29.0	2.000	 1.0	 0.0
1	2013	351	20849.0	 21.0	 32.0	2.000	 1.0	 0.0
1	2013	352	22249.0	 20.0	 32.0	2.000	 2.0	 0.0
1	2013	353	22312.0	 19.0	 32.0	1.000	 1.0	 0.0
1	2013	354	19935.0	 19.0	 31.0	2.000	 1.0	 0.0
1	2013	355	20569.0	 21.0	 32.0	2.000	 1.0	 0.0
1	2013	356	20745.0	 21.0	 33.0	2.000	 0.0	 0.0
1	2013	357	21402.0	 22.0	 33.0	2.000	 0.0	 0.0
1	2013	358	21010.0	 21.0	 33.0	2.000	 1.0	 0.0
1	2013	359	22007.0	 21.0	 34.0	2.000	 0.0	 0.0
1	2013	360	21656.0	 21.0	 34.0	2.000	 1.0	 0.0
1	2013	361	18095.0	 23.0	 32.0	3.000	 2.0	 0.0
1	2013	362	19413.0	 23.0	 33.0	3.000	 2.0	 0.0
1	2013	363	17262.0	 24.0	 32.0	3.000	 2.0	 0.0
1	2013	364	17944.0	 23.0	 32.0	3.000	 2.0	 2.0
1	2013	365	16971.0	 23.0	 31.0	3.000	 2.0	 0.0
