*---------------------------------------------------
* Station: Ashanti
* Year: 2012
* Origin: ERA5-Reanalysis
* Columns & units
* ===================
* 1. station number
* 2. year
* 3. Day of Year
* 4. Irradiance   (kJ路m-2路d-1)
* 5. Daily minimum temperature (degC)
* 6. Daily maximum temperature (degC)
* 7. Vapour pressure (kPa)
* 8. Mean wind speed (m路s-1)
* 9. Precipitation (mm路d-1)
** WCCDESCRIPTION=Ashanti
** WCCFORMAT=2
** WCCYEARNR=2012
*------------------------------------------------------------*
-1.46  6.80  289.00 -0.18  -0.55
1	2012	1	22369.0	 20.0	 35.0	1.000	 0.0	 0.0
1	2012	2	20841.0	 21.0	 33.0	2.000	 1.0	 0.0
1	2012	3	17504.0	 23.0	 32.0	2.000	 1.0	 0.0
1	2012	4	21085.0	 21.0	 34.0	2.000	 1.0	 0.0
1	2012	5	19639.0	 23.0	 33.0	2.000	 1.0	 0.0
1	2012	6	20215.0	 23.0	 33.0	2.000	 1.0	 0.0
1	2012	7	21782.0	 22.0	 35.0	2.000	 0.0	 0.0
1	2012	8	21440.0	 22.0	 34.0	2.000	 1.0	 0.0
1	2012	9	20869.0	 23.0	 34.0	2.000	 1.0	 0.0
1	2012	10	21123.0	 23.0	 34.0	2.000	 1.0	 0.0
1	2012	11	20801.0	 23.0	 34.0	2.000	 1.0	 0.0
1	2012	12	21824.0	 23.0	 34.0	2.000	 0.0	 0.0
1	2012	13	21996.0	 22.0	 34.0	2.000	 0.0	 0.0
1	2012	14	22083.0	 22.0	 33.0	1.000	 1.0	 0.0
1	2012	15	23268.0	 21.0	 34.0	1.000	 1.0	 0.0
1	2012	16	23302.0	 20.0	 34.0	1.000	 1.0	 0.0
1	2012	17	23129.0	 19.0	 34.0	1.000	 1.0	 0.0
1	2012	18	22664.0	 19.0	 34.0	2.000	 2.0	 0.0
1	2012	19	19797.0	 22.0	 32.0	2.000	 2.0	 0.0
1	2012	20	17323.0	 23.0	 32.0	3.000	 2.0	 0.0
1	2012	21	16362.0	 23.0	 31.0	3.000	 1.0	15.0
1	2012	22	20868.0	 22.0	 33.0	2.000	 1.0	 0.0
1	2012	23	19826.0	 23.0	 33.0	2.000	 1.0	 0.0
1	2012	24	22981.0	 21.0	 34.0	2.000	 0.0	 0.0
1	2012	25	22475.0	 22.0	 34.0	2.000	 1.0	 0.0
1	2012	26	21189.0	 22.0	 33.0	2.000	 2.0	 0.0
1	2012	27	17970.0	 23.0	 32.0	3.000	 2.0	 1.0
1	2012	28	17531.0	 24.0	 32.0	3.000	 2.0	 2.0
1	2012	29	15277.0	 24.0	 31.0	3.000	 2.0	 3.0
1	2012	30	19105.0	 23.0	 33.0	3.000	 2.0	 0.0
1	2012	31	18987.0	 23.0	 34.0	3.000	 2.0	 0.0
1	2012	32	19599.0	 24.0	 34.0	2.000	 2.0	 0.0
1	2012	33	17413.0	 23.0	 32.0	3.000	 2.0	 2.0
1	2012	34	14742.0	 24.0	 32.0	3.000	 2.0	 1.0
1	2012	35	16502.0	 24.0	 33.0	3.000	 2.0	 2.0
1	2012	36	15885.0	 23.0	 32.0	3.000	 2.0	24.0
1	2012	37	19535.0	 23.0	 33.0	2.000	 1.0	 0.0
1	2012	38	24486.0	 19.0	 34.0	1.000	 1.0	 0.0
1	2012	39	24445.0	 19.0	 33.0	1.000	 1.0	 0.0
1	2012	40	24192.0	 20.0	 34.0	1.000	 1.0	 0.0
1	2012	41	23145.0	 20.0	 34.0	2.000	 2.0	 0.0
1	2012	42	22199.0	 22.0	 34.0	2.000	 2.0	 0.0
1	2012	43	20833.0	 24.0	 34.0	3.000	 3.0	 1.0
1	2012	44	20118.0	 24.0	 34.0	2.000	 2.0	 0.0
1	2012	45	19523.0	 24.0	 34.0	2.000	 2.0	 0.0
1	2012	46	18099.0	 23.0	 33.0	3.000	 3.0	 0.0
1	2012	47	19216.0	 24.0	 33.0	3.000	 2.0	 0.0
1	2012	48	17752.0	 24.0	 32.0	3.000	 3.0	 2.0
1	2012	49	18888.0	 23.0	 33.0	3.000	 3.0	 2.0
1	2012	50	17663.0	 23.0	 32.0	3.000	 3.0	 5.0
1	2012	51	17835.0	 23.0	 33.0	3.000	 2.0	 6.0
1	2012	52	11960.0	 23.0	 29.0	3.000	 0.0	 4.0
1	2012	53	17620.0	 23.0	 31.0	3.000	 1.0	24.0
1	2012	54	14028.0	 22.0	 29.0	3.000	 2.0	11.0
1	2012	55	21526.0	 22.0	 32.0	3.000	 1.0	 2.0
1	2012	56	20353.0	 22.0	 32.0	3.000	 2.0	 0.0
1	2012	57	18935.0	 23.0	 31.0	3.000	 2.0	 1.0
1	2012	58	17731.0	 23.0	 31.0	3.000	 2.0	 5.0
1	2012	59	15980.0	 23.0	 31.0	3.000	 2.0	 5.0
1	2012	60	17017.0	 23.0	 31.0	3.000	 3.0	 1.0
1	2012	61	21480.0	 23.0	 32.0	3.000	 3.0	 0.0
1	2012	62	22280.0	 23.0	 32.0	3.000	 2.0	11.0
1	2012	63	22311.0	 23.0	 33.0	3.000	 1.0	 4.0
1	2012	64	14441.0	 23.0	 30.0	3.000	 2.0	 9.0
1	2012	65	19135.0	 23.0	 31.0	3.000	 2.0	 8.0
1	2012	66	19329.0	 22.0	 31.0	3.000	 2.0	16.0
1	2012	67	19965.0	 22.0	 31.0	3.000	 1.0	 7.0
1	2012	68	21334.0	 23.0	 32.0	3.000	 2.0	 0.0
1	2012	69	16410.0	 23.0	 31.0	3.000	 2.0	 2.0
1	2012	70	18813.0	 22.0	 31.0	3.000	 0.0	18.0
1	2012	71	24122.0	 22.0	 33.0	2.000	 0.0	 0.0
1	2012	72	23292.0	 23.0	 33.0	2.000	 0.0	 0.0
1	2012	73	23711.0	 23.0	 33.0	2.000	 1.0	 0.0
1	2012	74	24460.0	 24.0	 34.0	3.000	 2.0	 0.0
1	2012	75	21930.0	 24.0	 33.0	3.000	 2.0	 0.0
1	2012	76	21951.0	 24.0	 34.0	3.000	 2.0	 0.0
1	2012	77	20334.0	 25.0	 33.0	3.000	 2.0	 3.0
1	2012	78	15570.0	 24.0	 31.0	3.000	 2.0	 1.0
1	2012	79	19079.0	 23.0	 32.0	3.000	 2.0	 1.0
1	2012	80	21212.0	 24.0	 33.0	3.000	 2.0	 1.0
1	2012	81	22051.0	 25.0	 34.0	3.000	 2.0	 0.0
1	2012	82	21211.0	 25.0	 34.0	3.000	 2.0	 0.0
1	2012	83	21321.0	 25.0	 34.0	3.000	 2.0	 0.0
1	2012	84	18172.0	 25.0	 33.0	3.000	 3.0	 5.0
1	2012	85	15979.0	 24.0	 31.0	3.000	 2.0	 7.0
1	2012	86	16763.0	 23.0	 32.0	3.000	 2.0	 0.0
1	2012	87	19890.0	 24.0	 32.0	3.000	 2.0	 0.0
1	2012	88	21255.0	 24.0	 33.0	3.000	 2.0	 0.0
1	2012	89	19098.0	 25.0	 33.0	3.000	 3.0	 1.0
1	2012	90	18823.0	 25.0	 33.0	3.000	 3.0	 0.0
1	2012	91	22135.0	 25.0	 34.0	3.000	 2.0	 0.0
1	2012	92	21879.0	 24.0	 33.0	3.000	 3.0	 2.0
1	2012	93	21206.0	 25.0	 33.0	3.000	 2.0	 4.0
1	2012	94	21244.0	 24.0	 32.0	3.000	 2.0	 6.0
1	2012	95	17575.0	 24.0	 32.0	3.000	 2.0	 7.0
1	2012	96	22894.0	 23.0	 33.0	3.000	 1.0	 3.0
1	2012	97	20323.0	 24.0	 32.0	3.000	 2.0	 1.0
1	2012	98	18051.0	 24.0	 32.0	3.000	 3.0	 2.0
1	2012	99	19768.0	 24.0	 33.0	3.000	 2.0	 1.0
1	2012	100	14133.0	 24.0	 30.0	3.000	 2.0	 3.0
1	2012	101	18637.0	 23.0	 31.0	3.000	 3.0	 3.0
1	2012	102	21279.0	 24.0	 32.0	3.000	 3.0	 1.0
1	2012	103	17576.0	 24.0	 31.0	3.000	 3.0	16.0
1	2012	104	15452.0	 23.0	 30.0	3.000	 2.0	 5.0
1	2012	105	21424.0	 23.0	 33.0	3.000	 1.0	 0.0
1	2012	106	16950.0	 24.0	 31.0	3.000	 3.0	 1.0
1	2012	107	19688.0	 23.0	 32.0	3.000	 3.0	 6.0
1	2012	108	15427.0	 24.0	 30.0	3.000	 2.0	17.0
1	2012	109	19364.0	 23.0	 30.0	3.000	 2.0	 1.0
1	2012	110	21246.0	 24.0	 32.0	3.000	 1.0	 8.0
1	2012	111	18560.0	 23.0	 30.0	3.000	 1.0	 6.0
1	2012	112	22510.0	 23.0	 32.0	3.000	 1.0	 5.0
1	2012	113	18293.0	 23.0	 31.0	3.000	 3.0	 2.0
1	2012	114	18858.0	 24.0	 31.0	3.000	 3.0	 3.0
1	2012	115	19868.0	 24.0	 32.0	3.000	 2.0	 5.0
1	2012	116	19017.0	 24.0	 31.0	3.000	 2.0	 9.0
1	2012	117	18715.0	 23.0	 31.0	3.000	 2.0	 1.0
1	2012	118	20258.0	 23.0	 32.0	3.000	 2.0	 0.0
1	2012	119	20130.0	 24.0	 32.0	3.000	 3.0	 0.0
1	2012	120	20261.0	 24.0	 33.0	3.000	 2.0	 0.0
1	2012	121	23346.0	 24.0	 33.0	3.000	 2.0	 1.0
1	2012	122	22405.0	 24.0	 33.0	3.000	 2.0	 1.0
1	2012	123	18850.0	 24.0	 32.0	3.000	 2.0	10.0
1	2012	124	17654.0	 23.0	 31.0	3.000	 3.0	19.0
1	2012	125	15233.0	 23.0	 30.0	3.000	 3.0	 2.0
1	2012	126	20280.0	 23.0	 32.0	3.000	 2.0	 1.0
1	2012	127	17850.0	 24.0	 31.0	3.000	 2.0	 1.0
1	2012	128	18425.0	 24.0	 31.0	3.000	 2.0	 6.0
1	2012	129	14817.0	 23.0	 30.0	3.000	 2.0	 9.0
1	2012	130	15767.0	 23.0	 29.0	3.000	 2.0	 3.0
1	2012	131	19357.0	 23.0	 30.0	3.000	 2.0	 5.0
1	2012	132	20007.0	 23.0	 31.0	3.000	 2.0	 2.0
1	2012	133	20911.0	 23.0	 31.0	3.000	 2.0	 5.0
1	2012	134	16457.0	 23.0	 29.0	3.000	 2.0	 8.0
1	2012	135	12903.0	 22.0	 28.0	3.000	 2.0	18.0
1	2012	136	18696.0	 22.0	 29.0	3.000	 1.0	 7.0
1	2012	137	18624.0	 23.0	 30.0	3.000	 1.0	 3.0
1	2012	138	14945.0	 23.0	 30.0	3.000	 2.0	 2.0
1	2012	139	17038.0	 23.0	 30.0	3.000	 2.0	 1.0
1	2012	140	17241.0	 24.0	 30.0	3.000	 2.0	 6.0
1	2012	141	19519.0	 23.0	 30.0	3.000	 2.0	 5.0
1	2012	142	17118.0	 23.0	 30.0	3.000	 2.0	11.0
1	2012	143	14257.0	 23.0	 30.0	3.000	 1.0	 1.0
1	2012	144	20841.0	 23.0	 31.0	3.000	 2.0	 5.0
1	2012	145	17638.0	 24.0	 30.0	3.000	 2.0	 5.0
1	2012	146	17206.0	 23.0	 29.0	3.000	 3.0	 3.0
1	2012	147	14905.0	 23.0	 29.0	3.000	 3.0	 1.0
1	2012	148	17168.0	 22.0	 30.0	3.000	 2.0	 0.0
1	2012	149	16827.0	 23.0	 29.0	3.000	 3.0	 6.0
1	2012	150	13674.0	 23.0	 28.0	3.000	 2.0	11.0
1	2012	151	14582.0	 22.0	 29.0	3.000	 2.0	15.0
1	2012	152	9550.0	 22.0	 26.0	3.000	 2.0	14.0
1	2012	153	15153.0	 22.0	 29.0	3.000	 1.0	 9.0
1	2012	154	14922.0	 23.0	 29.0	3.000	 1.0	10.0
1	2012	155	11170.0	 22.0	 28.0	3.000	 2.0	 8.0
1	2012	156	17495.0	 22.0	 30.0	3.000	 2.0	 0.0
1	2012	157	16590.0	 22.0	 30.0	3.000	 2.0	 0.0
1	2012	158	9211.0	 22.0	 27.0	3.000	 2.0	 3.0
1	2012	159	19694.0	 22.0	 30.0	3.000	 2.0	 0.0
1	2012	160	16589.0	 23.0	 30.0	3.000	 2.0	 3.0
1	2012	161	14816.0	 22.0	 30.0	3.000	 1.0	 1.0
1	2012	162	15259.0	 23.0	 30.0	3.000	 2.0	 0.0
1	2012	163	18374.0	 24.0	 29.0	3.000	 3.0	 2.0
1	2012	164	11663.0	 23.0	 27.0	3.000	 3.0	 3.0
1	2012	165	14060.0	 22.0	 28.0	3.000	 2.0	 2.0
1	2012	166	21701.0	 22.0	 31.0	3.000	 2.0	 6.0
1	2012	167	14528.0	 23.0	 29.0	3.000	 2.0	 6.0
1	2012	168	12402.0	 23.0	 28.0	3.000	 3.0	 3.0
1	2012	169	14145.0	 22.0	 28.0	3.000	 3.0	 7.0
1	2012	170	8565.0	 22.0	 25.0	3.000	 3.0	10.0
1	2012	171	15233.0	 22.0	 29.0	3.000	 2.0	 4.0
1	2012	172	16818.0	 22.0	 29.0	3.000	 2.0	 5.0
1	2012	173	15548.0	 22.0	 29.0	3.000	 3.0	 8.0
1	2012	174	16195.0	 22.0	 28.0	3.000	 3.0	 2.0
1	2012	175	16368.0	 22.0	 29.0	3.000	 2.0	 3.0
1	2012	176	13656.0	 22.0	 28.0	3.000	 2.0	 6.0
1	2012	177	5511.0	 22.0	 25.0	3.000	 1.0	34.0
1	2012	178	15173.0	 22.0	 28.0	3.000	 2.0	 4.0
1	2012	179	15764.0	 21.0	 29.0	3.000	 3.0	 6.0
1	2012	180	6858.0	 22.0	 25.0	3.000	 3.0	15.0
1	2012	181	17183.0	 21.0	 28.0	3.000	 3.0	 3.0
1	2012	182	16137.0	 22.0	 28.0	3.000	 2.0	 2.0
1	2012	183	16712.0	 22.0	 29.0	3.000	 2.0	 6.0
1	2012	184	10294.0	 22.0	 26.0	3.000	 3.0	 2.0
1	2012	185	12939.0	 22.0	 27.0	3.000	 3.0	 2.0
1	2012	186	13966.0	 21.0	 27.0	3.000	 3.0	 5.0
1	2012	187	12833.0	 22.0	 27.0	3.000	 2.0	 1.0
1	2012	188	19286.0	 21.0	 28.0	2.000	 2.0	 1.0
1	2012	189	14012.0	 22.0	 27.0	2.000	 2.0	 0.0
1	2012	190	9330.0	 22.0	 25.0	3.000	 3.0	 3.0
1	2012	191	13677.0	 21.0	 27.0	3.000	 3.0	 2.0
1	2012	192	16633.0	 22.0	 28.0	3.000	 2.0	 2.0
1	2012	193	13541.0	 21.0	 28.0	2.000	 2.0	 0.0
1	2012	194	10699.0	 22.0	 27.0	3.000	 2.0	 0.0
1	2012	195	16806.0	 22.0	 29.0	3.000	 2.0	 1.0
1	2012	196	13927.0	 22.0	 28.0	3.000	 3.0	 2.0
1	2012	197	12290.0	 22.0	 26.0	3.000	 3.0	 9.0
1	2012	198	10590.0	 21.0	 26.0	3.000	 3.0	10.0
1	2012	199	13287.0	 21.0	 27.0	2.000	 2.0	 1.0
1	2012	200	17404.0	 21.0	 29.0	2.000	 2.0	 0.0
1	2012	201	9734.0	 22.0	 26.0	3.000	 3.0	 1.0
1	2012	202	17570.0	 22.0	 28.0	3.000	 2.0	 2.0
1	2012	203	15758.0	 22.0	 28.0	3.000	 2.0	 9.0
1	2012	204	6681.0	 21.0	 24.0	3.000	 2.0	 2.0
1	2012	205	14503.0	 22.0	 28.0	3.000	 3.0	 5.0
1	2012	206	12751.0	 21.0	 27.0	3.000	 3.0	 2.0
1	2012	207	7045.0	 21.0	 25.0	2.000	 3.0	 1.0
1	2012	208	9237.0	 21.0	 26.0	3.000	 3.0	 1.0
1	2012	209	12487.0	 22.0	 27.0	3.000	 3.0	 2.0
1	2012	210	10555.0	 22.0	 27.0	3.000	 3.0	 2.0
1	2012	211	10301.0	 21.0	 26.0	2.000	 2.0	 1.0
1	2012	212	14603.0	 22.0	 28.0	2.000	 2.0	 1.0
1	2012	213	9161.0	 22.0	 26.0	2.000	 3.0	 2.0
1	2012	214	12572.0	 22.0	 27.0	2.000	 3.0	 3.0
1	2012	215	12920.0	 21.0	 27.0	2.000	 3.0	 2.0
1	2012	216	9745.0	 22.0	 27.0	2.000	 2.0	 0.0
1	2012	217	13929.0	 21.0	 28.0	2.000	 3.0	 0.0
1	2012	218	13982.0	 22.0	 28.0	2.000	 3.0	 1.0
1	2012	219	12696.0	 22.0	 28.0	2.000	 3.0	 1.0
1	2012	220	10233.0	 21.0	 27.0	2.000	 3.0	 4.0
1	2012	221	10994.0	 21.0	 26.0	2.000	 3.0	 2.0
1	2012	222	12989.0	 21.0	 27.0	2.000	 2.0	 2.0
1	2012	223	11319.0	 21.0	 26.0	2.000	 2.0	 3.0
1	2012	224	8284.0	 21.0	 25.0	3.000	 3.0	 7.0
1	2012	225	14510.0	 21.0	 27.0	2.000	 3.0	 2.0
1	2012	226	12359.0	 22.0	 27.0	2.000	 2.0	 1.0
1	2012	227	9409.0	 21.0	 26.0	2.000	 3.0	 0.0
1	2012	228	9266.0	 20.0	 25.0	2.000	 3.0	 3.0
1	2012	229	16075.0	 21.0	 29.0	2.000	 2.0	 1.0
1	2012	230	16497.0	 21.0	 28.0	2.000	 2.0	 1.0
1	2012	231	14099.0	 21.0	 28.0	2.000	 3.0	 1.0
1	2012	232	6159.0	 21.0	 24.0	3.000	 4.0	24.0
1	2012	233	17834.0	 21.0	 29.0	3.000	 2.0	 1.0
1	2012	234	14346.0	 22.0	 28.0	3.000	 2.0	 2.0
1	2012	235	6350.0	 21.0	 24.0	3.000	 3.0	 2.0
1	2012	236	15070.0	 21.0	 27.0	2.000	 3.0	 2.0
1	2012	237	16804.0	 21.0	 28.0	3.000	 3.0	 1.0
1	2012	238	15894.0	 22.0	 28.0	3.000	 2.0	 1.0
1	2012	239	17407.0	 22.0	 29.0	3.000	 2.0	 2.0
1	2012	240	14857.0	 22.0	 29.0	3.000	 2.0	 2.0
1	2012	241	14299.0	 21.0	 27.0	3.000	 2.0	 2.0
1	2012	242	14818.0	 22.0	 29.0	3.000	 2.0	 1.0
1	2012	243	18057.0	 22.0	 29.0	2.000	 3.0	 1.0
1	2012	244	14340.0	 22.0	 28.0	2.000	 2.0	 1.0
1	2012	245	7121.0	 22.0	 26.0	2.000	 3.0	 0.0
1	2012	246	8828.0	 21.0	 26.0	3.000	 2.0	 2.0
1	2012	247	13288.0	 21.0	 27.0	3.000	 3.0	 4.0
1	2012	248	16111.0	 22.0	 28.0	3.000	 3.0	 3.0
1	2012	249	16841.0	 22.0	 29.0	3.000	 3.0	 6.0
1	2012	250	13337.0	 22.0	 28.0	3.000	 2.0	10.0
1	2012	251	19840.0	 22.0	 29.0	3.000	 2.0	 2.0
1	2012	252	13042.0	 22.0	 27.0	3.000	 2.0	 8.0
1	2012	253	18247.0	 22.0	 29.0	3.000	 2.0	 1.0
1	2012	254	19447.0	 22.0	 30.0	3.000	 1.0	 1.0
1	2012	255	7458.0	 22.0	 26.0	3.000	 2.0	 2.0
1	2012	256	11525.0	 22.0	 27.0	3.000	 2.0	10.0
1	2012	257	15689.0	 22.0	 28.0	3.000	 2.0	 1.0
1	2012	258	17536.0	 22.0	 29.0	3.000	 2.0	 1.0
1	2012	259	14167.0	 22.0	 28.0	3.000	 3.0	 1.0
1	2012	260	15045.0	 22.0	 28.0	3.000	 3.0	 2.0
1	2012	261	17152.0	 22.0	 29.0	3.000	 3.0	 2.0
1	2012	262	19269.0	 22.0	 29.0	3.000	 2.0	 2.0
1	2012	263	13053.0	 22.0	 28.0	3.000	 2.0	 4.0
1	2012	264	9597.0	 23.0	 27.0	3.000	 2.0	11.0
1	2012	265	14085.0	 22.0	 28.0	3.000	 1.0	 7.0
1	2012	266	17451.0	 22.0	 29.0	3.000	 2.0	 8.0
1	2012	267	6685.0	 22.0	 26.0	3.000	 1.0	 9.0
1	2012	268	19425.0	 22.0	 30.0	3.000	 1.0	 3.0
1	2012	269	18574.0	 22.0	 30.0	3.000	 2.0	 4.0
1	2012	270	15211.0	 23.0	 29.0	3.000	 2.0	 4.0
1	2012	271	10627.0	 22.0	 26.0	3.000	 1.0	28.0
1	2012	272	9073.0	 22.0	 27.0	3.000	 1.0	 8.0
1	2012	273	15785.0	 22.0	 30.0	3.000	 1.0	 4.0
1	2012	274	14490.0	 22.0	 29.0	3.000	 2.0	20.0
1	2012	275	11310.0	 21.0	 27.0	3.000	 2.0	10.0
1	2012	276	17041.0	 22.0	 29.0	3.000	 1.0	 2.0
1	2012	277	12302.0	 22.0	 28.0	3.000	 1.0	 5.0
1	2012	278	12241.0	 22.0	 28.0	3.000	 1.0	 1.0
1	2012	279	15019.0	 22.0	 29.0	3.000	 1.0	 1.0
1	2012	280	20876.0	 22.0	 30.0	3.000	 1.0	 6.0
1	2012	281	11715.0	 22.0	 27.0	3.000	 2.0	 4.0
1	2012	282	16410.0	 22.0	 28.0	3.000	 1.0	 4.0
1	2012	283	18599.0	 22.0	 29.0	3.000	 1.0	 2.0
1	2012	284	17969.0	 23.0	 30.0	3.000	 1.0	 7.0
1	2012	285	17423.0	 22.0	 29.0	3.000	 2.0	 8.0
1	2012	286	16483.0	 23.0	 29.0	3.000	 2.0	 1.0
1	2012	287	18395.0	 23.0	 29.0	3.000	 2.0	 1.0
1	2012	288	14299.0	 23.0	 28.0	3.000	 1.0	 1.0
1	2012	289	21179.0	 22.0	 30.0	3.000	 1.0	 8.0
1	2012	290	16531.0	 22.0	 29.0	3.000	 1.0	 9.0
1	2012	291	17108.0	 22.0	 29.0	3.000	 1.0	 7.0
1	2012	292	15792.0	 22.0	 29.0	3.000	 1.0	 3.0
1	2012	293	13861.0	 22.0	 28.0	3.000	 2.0	 4.0
1	2012	294	17154.0	 22.0	 29.0	3.000	 1.0	 1.0
1	2012	295	16017.0	 22.0	 29.0	3.000	 2.0	 1.0
1	2012	296	18452.0	 22.0	 30.0	3.000	 2.0	 3.0
1	2012	297	15777.0	 22.0	 29.0	3.000	 1.0	 4.0
1	2012	298	12556.0	 23.0	 28.0	3.000	 1.0	 1.0
1	2012	299	15728.0	 23.0	 28.0	3.000	 2.0	 9.0
1	2012	300	17919.0	 22.0	 29.0	3.000	 2.0	 2.0
1	2012	301	16357.0	 22.0	 29.0	3.000	 1.0	 2.0
1	2012	302	19927.0	 22.0	 30.0	3.000	 1.0	 5.0
1	2012	303	16515.0	 22.0	 29.0	3.000	 1.0	 1.0
1	2012	304	19050.0	 22.0	 30.0	3.000	 1.0	 3.0
1	2012	305	18743.0	 23.0	 30.0	3.000	 1.0	 1.0
1	2012	306	17146.0	 22.0	 30.0	3.000	 1.0	 0.0
1	2012	307	16459.0	 23.0	 29.0	3.000	 2.0	 2.0
1	2012	308	17542.0	 22.0	 29.0	3.000	 2.0	 1.0
1	2012	309	18148.0	 22.0	 29.0	3.000	 2.0	 2.0
1	2012	310	18324.0	 21.0	 29.0	3.000	 1.0	 1.0
1	2012	311	19071.0	 22.0	 30.0	3.000	 2.0	 1.0
1	2012	312	17008.0	 22.0	 29.0	3.000	 2.0	 1.0
1	2012	313	17478.0	 23.0	 29.0	3.000	 2.0	 2.0
1	2012	314	13445.0	 22.0	 28.0	3.000	 1.0	 6.0
1	2012	315	16857.0	 22.0	 29.0	3.000	 2.0	 1.0
1	2012	316	17082.0	 22.0	 30.0	3.000	 2.0	 1.0
1	2012	317	14793.0	 23.0	 30.0	3.000	 1.0	 1.0
1	2012	318	17303.0	 22.0	 30.0	3.000	 1.0	 5.0
1	2012	319	16783.0	 23.0	 30.0	3.000	 2.0	 6.0
1	2012	320	17552.0	 23.0	 30.0	3.000	 1.0	 0.0
1	2012	321	18084.0	 23.0	 31.0	3.000	 2.0	 0.0
1	2012	322	16874.0	 23.0	 30.0	3.000	 2.0	 1.0
1	2012	323	17796.0	 23.0	 30.0	3.000	 2.0	 0.0
1	2012	324	16011.0	 23.0	 30.0	3.000	 2.0	 1.0
1	2012	325	17246.0	 23.0	 31.0	3.000	 1.0	 3.0
1	2012	326	14831.0	 23.0	 30.0	3.000	 2.0	 4.0
1	2012	327	15210.0	 23.0	 30.0	3.000	 2.0	 4.0
1	2012	328	15457.0	 22.0	 29.0	3.000	 2.0	 2.0
1	2012	329	14678.0	 23.0	 29.0	3.000	 1.0	11.0
1	2012	330	14536.0	 22.0	 29.0	3.000	 1.0	 5.0
1	2012	331	14679.0	 22.0	 29.0	3.000	 2.0	 0.0
1	2012	332	18411.0	 22.0	 30.0	3.000	 1.0	 2.0
1	2012	333	15625.0	 22.0	 29.0	3.000	 1.0	 2.0
1	2012	334	17369.0	 22.0	 30.0	3.000	 1.0	 1.0
1	2012	335	16396.0	 23.0	 30.0	3.000	 2.0	 1.0
1	2012	336	18028.0	 24.0	 31.0	3.000	 2.0	 0.0
1	2012	337	15642.0	 23.0	 30.0	3.000	 2.0	 3.0
1	2012	338	14191.0	 23.0	 29.0	3.000	 2.0	 1.0
1	2012	339	19504.0	 22.0	 31.0	3.000	 2.0	 0.0
1	2012	340	18491.0	 23.0	 30.0	3.000	 2.0	 0.0
1	2012	341	18792.0	 23.0	 31.0	3.000	 1.0	 1.0
1	2012	342	16134.0	 23.0	 30.0	3.000	 2.0	 0.0
1	2012	343	14965.0	 23.0	 30.0	3.000	 1.0	 4.0
1	2012	344	20671.0	 22.0	 32.0	3.000	 1.0	 2.0
1	2012	345	14672.0	 23.0	 30.0	3.000	 2.0	 2.0
1	2012	346	14393.0	 22.0	 30.0	3.000	 2.0	 2.0
1	2012	347	12258.0	 23.0	 28.0	3.000	 2.0	 5.0
1	2012	348	15243.0	 23.0	 29.0	3.000	 1.0	 0.0
1	2012	349	15304.0	 22.0	 30.0	3.000	 2.0	 1.0
1	2012	350	17822.0	 23.0	 31.0	3.000	 1.0	 0.0
1	2012	351	16502.0	 23.0	 31.0	3.000	 1.0	 0.0
1	2012	352	17619.0	 23.0	 31.0	3.000	 2.0	 0.0
1	2012	353	20555.0	 22.0	 32.0	3.000	 1.0	 0.0
1	2012	354	17858.0	 23.0	 32.0	3.000	 1.0	 0.0
1	2012	355	21388.0	 22.0	 33.0	2.000	 0.0	 0.0
1	2012	356	17895.0	 23.0	 31.0	2.000	 2.0	 0.0
1	2012	357	19066.0	 22.0	 32.0	3.000	 1.0	 0.0
1	2012	358	21017.0	 22.0	 33.0	2.000	 1.0	 0.0
1	2012	359	19233.0	 24.0	 32.0	3.000	 2.0	 0.0
1	2012	360	18971.0	 23.0	 32.0	3.000	 1.0	 0.0
1	2012	361	18190.0	 24.0	 32.0	3.000	 2.0	 0.0
1	2012	362	17354.0	 23.0	 31.0	3.000	 1.0	 0.0
1	2012	363	21129.0	 22.0	 33.0	2.000	 0.0	 0.0
1	2012	364	20065.0	 22.0	 32.0	2.000	 1.0	 0.0
1	2012	365	20714.0	 22.0	 32.0	2.000	 1.0	 0.0
1	2012	366	22513.0	 21.0	 33.0	1.000	 2.0	 0.0
