*---------------------------------------------------
* Station: -022611_106965
* Year: 2016
* Origin: ERA5-Reanalysis
* Columns & units
* ===================
* 1. station number
* 2. year
* 3. Day of Year
* 4. Irradiance   (kJ路m-2路d-1)
* 5. Daily minimum temperature (degC)
* 6. Daily maximum temperature (degC)
* 7. Vapour pressure (kPa)
* 8. Mean wind speed (m路s-1)
* 9. Precipitation (mm路d-1)
** WCCDESCRIPTION=-022611_106965
** WCCFORMAT=2
** WCCYEARNR=2016
*------------------------------------------------------------*
-0.23  10.70  203.00 -0.18  -0.55
1	2016	1	21086.0	 19.0	 32.0	1.000	 3.0	 0.0
1	2016	2	21211.0	 19.0	 32.0	1.000	 4.0	 0.0
1	2016	3	20143.0	 19.0	 32.0	1.000	 3.0	 0.0
1	2016	4	18988.0	 19.0	 32.0	1.000	 3.0	 0.0
1	2016	5	19107.0	 19.0	 33.0	1.000	 2.0	 0.0
1	2016	6	20498.0	 20.0	 32.0	1.000	 3.0	 0.0
1	2016	7	20595.0	 19.0	 33.0	1.000	 3.0	 0.0
1	2016	8	18849.0	 21.0	 35.0	1.000	 4.0	 0.0
1	2016	9	20622.0	 20.0	 36.0	1.000	 3.0	 0.0
1	2016	10	21779.0	 20.0	 36.0	1.000	 3.0	 0.0
1	2016	11	21796.0	 20.0	 36.0	1.000	 3.0	 0.0
1	2016	12	21695.0	 21.0	 35.0	1.000	 3.0	 0.0
1	2016	13	21950.0	 21.0	 35.0	1.000	 3.0	 0.0
1	2016	14	21798.0	 19.0	 34.0	1.000	 3.0	 0.0
1	2016	15	21739.0	 19.0	 35.0	1.000	 3.0	 0.0
1	2016	16	21923.0	 19.0	 35.0	1.000	 3.0	 0.0
1	2016	17	22017.0	 19.0	 35.0	1.000	 3.0	 0.0
1	2016	18	22123.0	 20.0	 35.0	1.000	 3.0	 0.0
1	2016	19	21909.0	 20.0	 35.0	1.000	 3.0	 0.0
1	2016	20	21547.0	 20.0	 34.0	1.000	 3.0	 0.0
1	2016	21	21920.0	 20.0	 34.0	1.000	 3.0	 0.0
1	2016	22	22388.0	 19.0	 34.0	1.000	 4.0	 0.0
1	2016	23	22131.0	 20.0	 34.0	1.000	 4.0	 0.0
1	2016	24	22207.0	 21.0	 32.0	1.000	 4.0	 0.0
1	2016	25	19134.0	 21.0	 31.0	1.000	 4.0	 0.0
1	2016	26	21550.0	 21.0	 32.0	1.000	 4.0	 0.0
1	2016	27	21564.0	 21.0	 32.0	1.000	 4.0	 0.0
1	2016	28	22592.0	 19.0	 32.0	1.000	 4.0	 0.0
1	2016	29	22234.0	 19.0	 32.0	1.000	 4.0	 0.0
1	2016	30	22601.0	 19.0	 32.0	1.000	 4.0	 0.0
1	2016	31	22883.0	 19.0	 33.0	1.000	 3.0	 0.0
1	2016	32	23191.0	 17.0	 33.0	1.000	 3.0	 0.0
1	2016	33	23293.0	 17.0	 33.0	1.000	 3.0	 0.0
1	2016	34	23104.0	 18.0	 34.0	1.000	 3.0	 0.0
1	2016	35	22794.0	 20.0	 36.0	1.000	 3.0	 0.0
1	2016	36	22878.0	 21.0	 36.0	1.000	 3.0	 0.0
1	2016	37	23143.0	 22.0	 37.0	1.000	 4.0	 0.0
1	2016	38	23485.0	 22.0	 35.0	1.000	 4.0	 0.0
1	2016	39	23511.0	 20.0	 34.0	1.000	 3.0	 0.0
1	2016	40	23894.0	 20.0	 35.0	1.000	 4.0	 0.0
1	2016	41	24141.0	 20.0	 34.0	1.000	 4.0	 0.0
1	2016	42	24076.0	 19.0	 34.0	1.000	 3.0	 0.0
1	2016	43	24079.0	 19.0	 34.0	1.000	 3.0	 0.0
1	2016	44	24264.0	 18.0	 35.0	1.000	 3.0	 0.0
1	2016	45	23243.0	 19.0	 35.0	1.000	 2.0	 0.0
1	2016	46	22676.0	 17.0	 36.0	1.000	 2.0	 0.0
1	2016	47	22696.0	 21.0	 37.0	1.000	 2.0	 0.0
1	2016	48	23073.0	 22.0	 38.0	1.000	 2.0	 0.0
1	2016	49	23594.0	 24.0	 37.0	1.000	 3.0	 0.0
1	2016	50	24081.0	 20.0	 38.0	1.000	 2.0	 0.0
1	2016	51	24226.0	 21.0	 40.0	1.000	 3.0	 0.0
1	2016	52	24885.0	 24.0	 37.0	1.000	 3.0	 0.0
1	2016	53	24131.0	 20.0	 39.0	1.000	 3.0	 0.0
1	2016	54	24451.0	 25.0	 38.0	1.000	 3.0	 0.0
1	2016	55	25271.0	 22.0	 37.0	1.000	 3.0	 0.0
1	2016	56	25106.0	 21.0	 37.0	1.000	 2.0	 0.0
1	2016	57	24885.0	 21.0	 38.0	1.000	 2.0	 0.0
1	2016	58	23299.0	 23.0	 38.0	1.000	 1.0	 0.0
1	2016	59	23587.0	 23.0	 39.0	2.000	 1.0	 0.0
1	2016	60	21984.0	 27.0	 38.0	2.000	 1.0	 0.0
1	2016	61	23298.0	 24.0	 39.0	1.000	 1.0	 0.0
1	2016	62	25106.0	 24.0	 40.0	1.000	 2.0	 0.0
1	2016	63	25106.0	 23.0	 39.0	1.000	 2.0	 0.0
1	2016	64	25203.0	 21.0	 39.0	1.000	 1.0	 0.0
1	2016	65	25328.0	 22.0	 40.0	1.000	 1.0	 0.0
1	2016	66	24842.0	 22.0	 39.0	1.000	 1.0	 0.0
1	2016	67	24402.0	 24.0	 39.0	1.000	 1.0	 0.0
1	2016	68	23775.0	 25.0	 39.0	1.000	 0.0	 0.0
1	2016	69	21244.0	 27.0	 39.0	1.000	 1.0	 0.0
1	2016	70	25002.0	 24.0	 40.0	1.000	 1.0	 0.0
1	2016	71	21455.0	 26.0	 38.0	2.000	 2.0	 2.0
1	2016	72	17925.0	 25.0	 35.0	3.000	 3.0	 7.0
1	2016	73	22427.0	 26.0	 36.0	3.000	 2.0	 6.0
1	2016	74	18263.0	 25.0	 33.0	3.000	 3.0	 7.0
1	2016	75	22570.0	 25.0	 36.0	3.000	 0.0	 0.0
1	2016	76	21680.0	 26.0	 35.0	3.000	 1.0	 0.0
1	2016	77	23142.0	 25.0	 37.0	3.000	 1.0	 4.0
1	2016	78	23400.0	 25.0	 37.0	2.000	 1.0	 0.0
1	2016	79	23078.0	 25.0	 37.0	3.000	 2.0	 1.0
1	2016	80	24130.0	 26.0	 39.0	2.000	 2.0	 0.0
1	2016	81	21582.0	 27.0	 38.0	3.000	 2.0	 0.0
1	2016	82	21836.0	 27.0	 38.0	2.000	 3.0	 0.0
1	2016	83	23203.0	 28.0	 38.0	3.000	 2.0	 1.0
1	2016	84	17262.0	 25.0	 34.0	3.000	 3.0	 5.0
1	2016	85	19841.0	 27.0	 37.0	2.000	 1.0	 0.0
1	2016	86	25897.0	 24.0	 37.0	1.000	 2.0	 0.0
1	2016	87	26367.0	 24.0	 39.0	1.000	 2.0	 0.0
1	2016	88	26001.0	 23.0	 40.0	1.000	 1.0	 0.0
1	2016	89	25672.0	 25.0	 41.0	1.000	 0.0	 0.0
1	2016	90	25797.0	 25.0	 41.0	2.000	 2.0	 0.0
1	2016	91	24304.0	 29.0	 40.0	3.000	 3.0	 0.0
1	2016	92	23718.0	 27.0	 39.0	3.000	 2.0	 3.0
1	2016	93	20102.0	 26.0	 39.0	3.000	 2.0	 0.0
1	2016	94	24243.0	 27.0	 39.0	3.000	 2.0	 0.0
1	2016	95	23189.0	 28.0	 40.0	3.000	 3.0	 1.0
1	2016	96	22875.0	 27.0	 38.0	3.000	 4.0	 0.0
1	2016	97	25043.0	 28.0	 40.0	2.000	 3.0	 0.0
1	2016	98	22719.0	 27.0	 38.0	3.000	 4.0	 0.0
1	2016	99	22550.0	 27.0	 38.0	3.000	 3.0	 1.0
1	2016	100	21406.0	 26.0	 36.0	3.000	 1.0	 5.0
1	2016	101	21860.0	 27.0	 38.0	3.000	 1.0	 2.0
1	2016	102	23924.0	 27.0	 39.0	3.000	 2.0	 1.0
1	2016	103	23805.0	 27.0	 41.0	3.000	 3.0	 0.0
1	2016	104	25798.0	 27.0	 40.0	3.000	 3.0	 0.0
1	2016	105	23205.0	 28.0	 39.0	3.000	 2.0	 0.0
1	2016	106	22780.0	 28.0	 39.0	3.000	 3.0	 0.0
1	2016	107	20880.0	 29.0	 38.0	3.000	 2.0	 2.0
1	2016	108	25633.0	 27.0	 40.0	2.000	 2.0	 0.0
1	2016	109	23308.0	 28.0	 38.0	3.000	 3.0	 3.0
1	2016	110	25756.0	 27.0	 40.0	2.000	 2.0	 0.0
1	2016	111	22439.0	 29.0	 40.0	3.000	 2.0	 1.0
1	2016	112	24105.0	 27.0	 40.0	3.000	 3.0	 0.0
1	2016	113	25749.0	 28.0	 41.0	3.000	 2.0	 0.0
1	2016	114	25818.0	 29.0	 41.0	3.000	 2.0	 0.0
1	2016	115	25527.0	 29.0	 40.0	3.000	 3.0	 0.0
1	2016	116	22271.0	 29.0	 39.0	2.000	 3.0	 0.0
1	2016	117	22461.0	 29.0	 38.0	3.000	 3.0	 2.0
1	2016	118	22026.0	 25.0	 38.0	3.000	 3.0	 9.0
1	2016	119	23383.0	 26.0	 38.0	3.000	 2.0	 3.0
1	2016	120	23857.0	 27.0	 38.0	3.000	 2.0	 0.0
1	2016	121	25860.0	 28.0	 39.0	3.000	 3.0	 0.0
1	2016	122	25696.0	 29.0	 41.0	3.000	 3.0	 0.0
1	2016	123	25006.0	 28.0	 39.0	3.000	 3.0	 0.0
1	2016	124	23507.0	 28.0	 39.0	3.000	 3.0	 0.0
1	2016	125	25474.0	 28.0	 39.0	3.000	 4.0	 2.0
1	2016	126	25484.0	 28.0	 39.0	3.000	 3.0	 0.0
1	2016	127	24356.0	 27.0	 39.0	3.000	 3.0	 0.0
1	2016	128	21728.0	 24.0	 36.0	3.000	 3.0	 5.0
1	2016	129	24743.0	 26.0	 37.0	3.000	 3.0	 0.0
1	2016	130	19711.0	 26.0	 36.0	3.000	 3.0	10.0
1	2016	131	24963.0	 26.0	 37.0	3.000	 3.0	 0.0
1	2016	132	23937.0	 27.0	 37.0	3.000	 3.0	 0.0
1	2016	133	23597.0	 27.0	 37.0	3.000	 4.0	 0.0
1	2016	134	24216.0	 27.0	 37.0	3.000	 4.0	 4.0
1	2016	135	18615.0	 25.0	 33.0	3.000	 2.0	21.0
1	2016	136	20389.0	 26.0	 34.0	3.000	 2.0	 0.0
1	2016	137	23796.0	 26.0	 34.0	3.000	 2.0	 0.0
1	2016	138	22569.0	 26.0	 35.0	3.000	 3.0	 2.0
1	2016	139	24170.0	 25.0	 35.0	3.000	 4.0	 0.0
1	2016	140	23999.0	 26.0	 35.0	3.000	 3.0	 0.0
1	2016	141	21769.0	 27.0	 37.0	3.000	 2.0	 1.0
1	2016	142	23957.0	 27.0	 37.0	3.000	 2.0	 0.0
1	2016	143	20836.0	 27.0	 37.0	3.000	 4.0	 0.0
1	2016	144	15321.0	 26.0	 33.0	3.000	 4.0	 2.0
1	2016	145	8024.0	 25.0	 29.0	3.000	 3.0	 1.0
1	2016	146	18777.0	 24.0	 33.0	3.000	 3.0	 0.0
1	2016	147	23261.0	 25.0	 36.0	3.000	 2.0	 1.0
1	2016	148	22098.0	 27.0	 37.0	3.000	 3.0	 0.0
1	2016	149	15420.0	 26.0	 34.0	3.000	 3.0	 4.0
1	2016	150	21908.0	 25.0	 36.0	3.000	 2.0	 0.0
1	2016	151	24444.0	 25.0	 36.0	3.000	 3.0	 0.0
1	2016	152	23527.0	 25.0	 36.0	3.000	 2.0	 2.0
1	2016	153	24175.0	 26.0	 36.0	3.000	 3.0	 0.0
1	2016	154	22935.0	 27.0	 36.0	3.000	 3.0	 1.0
1	2016	155	19340.0	 26.0	 35.0	3.000	 3.0	 1.0
1	2016	156	25066.0	 25.0	 36.0	3.000	 3.0	 0.0
1	2016	157	22149.0	 26.0	 35.0	3.000	 3.0	 1.0
1	2016	158	20218.0	 26.0	 35.0	3.000	 3.0	 0.0
1	2016	159	22783.0	 26.0	 36.0	3.000	 3.0	 2.0
1	2016	160	24920.0	 26.0	 38.0	3.000	 3.0	 1.0
1	2016	161	19208.0	 27.0	 35.0	3.000	 4.0	 0.0
1	2016	162	12660.0	 25.0	 32.0	3.000	 3.0	 4.0
1	2016	163	20100.0	 25.0	 34.0	3.000	 3.0	 0.0
1	2016	164	19090.0	 26.0	 34.0	3.000	 3.0	 0.0
1	2016	165	17921.0	 24.0	 34.0	3.000	 3.0	 4.0
1	2016	166	19267.0	 25.0	 34.0	3.000	 4.0	 0.0
1	2016	167	22263.0	 24.0	 34.0	3.000	 3.0	 7.0
1	2016	168	11949.0	 24.0	 30.0	3.000	 3.0	 9.0
1	2016	169	16246.0	 22.0	 30.0	3.000	 2.0	13.0
1	2016	170	18979.0	 23.0	 31.0	3.000	 2.0	 0.0
1	2016	171	22710.0	 25.0	 34.0	3.000	 4.0	 0.0
1	2016	172	13957.0	 24.0	 30.0	3.000	 5.0	 1.0
1	2016	173	16621.0	 23.0	 30.0	3.000	 4.0	 2.0
1	2016	174	20259.0	 23.0	 32.0	3.000	 2.0	 3.0
1	2016	175	20825.0	 24.0	 32.0	3.000	 2.0	 1.0
1	2016	176	19765.0	 25.0	 32.0	3.000	 2.0	 7.0
1	2016	177	16481.0	 23.0	 31.0	3.000	 3.0	 7.0
1	2016	178	19855.0	 24.0	 31.0	3.000	 2.0	 8.0
1	2016	179	14996.0	 23.0	 30.0	3.000	 2.0	 2.0
1	2016	180	10524.0	 24.0	 30.0	3.000	 1.0	 1.0
1	2016	181	18227.0	 23.0	 31.0	3.000	 2.0	 0.0
1	2016	182	14145.0	 23.0	 31.0	3.000	 2.0	 1.0
1	2016	183	17292.0	 24.0	 31.0	3.000	 2.0	 8.0
1	2016	184	21698.0	 24.0	 32.0	3.000	 2.0	 2.0
1	2016	185	17857.0	 24.0	 31.0	3.000	 2.0	 4.0
1	2016	186	16185.0	 24.0	 31.0	3.000	 3.0	 1.0
1	2016	187	18859.0	 24.0	 31.0	3.000	 3.0	 2.0
1	2016	188	19617.0	 23.0	 32.0	3.000	 3.0	 2.0
1	2016	189	20079.0	 24.0	 33.0	3.000	 3.0	 0.0
1	2016	190	18496.0	 25.0	 33.0	3.000	 3.0	 4.0
1	2016	191	18553.0	 25.0	 33.0	3.000	 4.0	 1.0
1	2016	192	15156.0	 24.0	 31.0	3.000	 4.0	14.0
1	2016	193	13310.0	 23.0	 29.0	3.000	 3.0	 2.0
1	2016	194	17498.0	 22.0	 29.0	3.000	 3.0	 2.0
1	2016	195	19186.0	 23.0	 31.0	3.000	 2.0	 3.0
1	2016	196	11188.0	 23.0	 28.0	3.000	 2.0	 7.0
1	2016	197	17864.0	 22.0	 30.0	3.000	 3.0	 0.0
1	2016	198	17266.0	 24.0	 30.0	3.000	 3.0	 2.0
1	2016	199	13222.0	 24.0	 30.0	3.000	 3.0	 2.0
1	2016	200	17037.0	 23.0	 31.0	3.000	 3.0	 1.0
1	2016	201	16268.0	 24.0	 30.0	3.000	 2.0	 7.0
1	2016	202	6833.0	 23.0	 26.0	3.000	 3.0	39.0
1	2016	203	18326.0	 23.0	 30.0	3.000	 3.0	 4.0
1	2016	204	18734.0	 22.0	 30.0	3.000	 2.0	10.0
1	2016	205	14887.0	 23.0	 29.0	3.000	 2.0	18.0
1	2016	206	7042.0	 22.0	 26.0	3.000	 2.0	21.0
1	2016	207	19330.0	 22.0	 29.0	3.000	 1.0	 5.0
1	2016	208	12788.0	 22.0	 29.0	3.000	 2.0	 1.0
1	2016	209	20966.0	 23.0	 30.0	3.000	 2.0	 6.0
1	2016	210	17876.0	 23.0	 30.0	3.000	 2.0	 6.0
1	2016	211	17489.0	 22.0	 30.0	3.000	 2.0	 6.0
1	2016	212	17264.0	 23.0	 30.0	3.000	 2.0	 3.0
1	2016	213	16417.0	 22.0	 29.0	3.000	 2.0	 9.0
1	2016	214	20496.0	 23.0	 30.0	3.000	 2.0	 2.0
1	2016	215	20688.0	 23.0	 31.0	3.000	 2.0	 5.0
1	2016	216	17190.0	 23.0	 30.0	3.000	 2.0	13.0
1	2016	217	21469.0	 22.0	 30.0	3.000	 2.0	 1.0
1	2016	218	21361.0	 23.0	 30.0	3.000	 2.0	 0.0
1	2016	219	15941.0	 24.0	 29.0	3.000	 3.0	 1.0
1	2016	220	18701.0	 24.0	 30.0	3.000	 3.0	 4.0
1	2016	221	20242.0	 23.0	 30.0	3.000	 3.0	 2.0
1	2016	222	17397.0	 23.0	 30.0	3.000	 2.0	 1.0
1	2016	223	15570.0	 23.0	 28.0	3.000	 2.0	 9.0
1	2016	224	19550.0	 22.0	 30.0	3.000	 1.0	 6.0
1	2016	225	11125.0	 23.0	 28.0	3.000	 0.0	11.0
1	2016	226	20330.0	 22.0	 30.0	3.000	 2.0	 5.0
1	2016	227	18111.0	 22.0	 29.0	3.000	 2.0	 4.0
1	2016	228	14803.0	 23.0	 28.0	3.000	 2.0	 9.0
1	2016	229	15752.0	 23.0	 29.0	3.000	 1.0	 4.0
1	2016	230	13685.0	 23.0	 28.0	3.000	 2.0	14.0
1	2016	231	12986.0	 22.0	 28.0	3.000	 2.0	 4.0
1	2016	232	17460.0	 22.0	 29.0	3.000	 1.0	 5.0
1	2016	233	20947.0	 23.0	 31.0	3.000	 1.0	 1.0
1	2016	234	19769.0	 23.0	 30.0	3.000	 2.0	 4.0
1	2016	235	15460.0	 23.0	 30.0	3.000	 3.0	 0.0
1	2016	236	19780.0	 24.0	 30.0	3.000	 2.0	 7.0
1	2016	237	13241.0	 23.0	 28.0	3.000	 1.0	23.0
1	2016	238	16373.0	 23.0	 29.0	3.000	 2.0	 8.0
1	2016	239	19415.0	 23.0	 29.0	3.000	 2.0	 3.0
1	2016	240	8703.0	 23.0	 27.0	3.000	 2.0	32.0
1	2016	241	5751.0	 22.0	 25.0	3.000	 3.0	19.0
1	2016	242	19483.0	 23.0	 29.0	3.000	 2.0	 5.0
1	2016	243	18257.0	 22.0	 30.0	3.000	 0.0	13.0
1	2016	244	13964.0	 23.0	 29.0	3.000	 0.0	 1.0
1	2016	245	18168.0	 23.0	 30.0	3.000	 2.0	 9.0
1	2016	246	19427.0	 22.0	 30.0	3.000	 1.0	 1.0
1	2016	247	18332.0	 23.0	 30.0	3.000	 1.0	 3.0
1	2016	248	22018.0	 23.0	 30.0	3.000	 1.0	 2.0
1	2016	249	18452.0	 23.0	 30.0	3.000	 1.0	 1.0
1	2016	250	14450.0	 23.0	 29.0	3.000	 2.0	 0.0
1	2016	251	21402.0	 22.0	 31.0	3.000	 1.0	 1.0
1	2016	252	19324.0	 23.0	 30.0	3.000	 1.0	 4.0
1	2016	253	18513.0	 24.0	 30.0	3.000	 2.0	 3.0
1	2016	254	15422.0	 23.0	 29.0	3.000	 1.0	 5.0
1	2016	255	22082.0	 22.0	 30.0	3.000	 1.0	 3.0
1	2016	256	22132.0	 23.0	 31.0	3.000	 2.0	 3.0
1	2016	257	15163.0	 23.0	 29.0	3.000	 1.0	 4.0
1	2016	258	17296.0	 23.0	 29.0	3.000	 2.0	19.0
1	2016	259	13981.0	 22.0	 28.0	3.000	 2.0	 9.0
1	2016	260	21047.0	 22.0	 30.0	3.000	 1.0	 1.0
1	2016	261	21829.0	 23.0	 30.0	3.000	 1.0	 1.0
1	2016	262	19941.0	 22.0	 30.0	3.000	 2.0	 1.0
1	2016	263	21686.0	 23.0	 31.0	3.000	 1.0	 6.0
1	2016	264	13174.0	 22.0	 29.0	3.000	 2.0	 1.0
1	2016	265	19245.0	 23.0	 30.0	3.000	 1.0	 1.0
1	2016	266	20422.0	 23.0	 31.0	3.000	 2.0	 2.0
1	2016	267	13209.0	 23.0	 29.0	3.000	 1.0	 3.0
1	2016	268	17074.0	 23.0	 30.0	3.000	 1.0	 3.0
1	2016	269	15883.0	 24.0	 29.0	3.000	 2.0	 2.0
1	2016	270	18558.0	 23.0	 31.0	3.000	 1.0	 0.0
1	2016	271	19984.0	 23.0	 30.0	3.000	 1.0	 1.0
1	2016	272	21955.0	 23.0	 31.0	3.000	 2.0	 0.0
1	2016	273	21584.0	 24.0	 31.0	3.000	 2.0	 2.0
1	2016	274	23481.0	 24.0	 33.0	3.000	 1.0	 2.0
1	2016	275	16042.0	 23.0	 31.0	3.000	 2.0	 0.0
1	2016	276	20557.0	 23.0	 32.0	3.000	 2.0	 1.0
1	2016	277	24360.0	 24.0	 33.0	3.000	 2.0	 1.0
1	2016	278	24167.0	 23.0	 33.0	3.000	 1.0	 0.0
1	2016	279	23308.0	 23.0	 33.0	3.000	 1.0	 0.0
1	2016	280	21165.0	 24.0	 33.0	3.000	 2.0	 1.0
1	2016	281	23853.0	 24.0	 35.0	3.000	 1.0	 2.0
1	2016	282	20137.0	 24.0	 32.0	3.000	 2.0	 3.0
1	2016	283	8946.0	 24.0	 30.0	3.000	 2.0	 0.0
1	2016	284	18972.0	 23.0	 32.0	3.000	 2.0	 0.0
1	2016	285	23236.0	 23.0	 34.0	3.000	 2.0	 1.0
1	2016	286	21968.0	 24.0	 33.0	3.000	 2.0	 1.0
1	2016	287	22890.0	 24.0	 34.0	3.000	 2.0	 0.0
1	2016	288	22425.0	 25.0	 34.0	3.000	 2.0	11.0
1	2016	289	21347.0	 23.0	 33.0	3.000	 1.0	 1.0
1	2016	290	23391.0	 24.0	 35.0	3.000	 1.0	 0.0
1	2016	291	23969.0	 24.0	 35.0	3.000	 2.0	 0.0
1	2016	292	22360.0	 24.0	 34.0	3.000	 3.0	 0.0
1	2016	293	23113.0	 24.0	 34.0	3.000	 2.0	 0.0
1	2016	294	22758.0	 24.0	 35.0	3.000	 1.0	 0.0
1	2016	295	22437.0	 24.0	 36.0	3.000	 1.0	 0.0
1	2016	296	17492.0	 25.0	 33.0	3.000	 2.0	 0.0
1	2016	297	23138.0	 24.0	 36.0	2.000	 1.0	 0.0
1	2016	298	23846.0	 24.0	 37.0	2.000	 2.0	 0.0
1	2016	299	23004.0	 23.0	 36.0	2.000	 2.0	 0.0
1	2016	300	23803.0	 22.0	 36.0	2.000	 1.0	 0.0
1	2016	301	23400.0	 22.0	 36.0	2.000	 1.0	 0.0
1	2016	302	21363.0	 23.0	 36.0	2.000	 1.0	 0.0
1	2016	303	19763.0	 24.0	 34.0	2.000	 1.0	 0.0
1	2016	304	19695.0	 25.0	 34.0	2.000	 1.0	 0.0
1	2016	305	21775.0	 24.0	 35.0	2.000	 2.0	 0.0
1	2016	306	21464.0	 25.0	 36.0	2.000	 1.0	 0.0
1	2016	307	19900.0	 26.0	 36.0	3.000	 2.0	 2.0
1	2016	308	20799.0	 25.0	 36.0	3.000	 2.0	 0.0
1	2016	309	20911.0	 25.0	 36.0	2.000	 2.0	 0.0
1	2016	310	23814.0	 20.0	 35.0	1.000	 2.0	 0.0
1	2016	311	23217.0	 20.0	 36.0	1.000	 1.0	 0.0
1	2016	312	19322.0	 21.0	 36.0	1.000	 2.0	 0.0
1	2016	313	23152.0	 21.0	 36.0	1.000	 1.0	 0.0
1	2016	314	23456.0	 21.0	 37.0	1.000	 2.0	 0.0
1	2016	315	23769.0	 20.0	 36.0	1.000	 2.0	 0.0
1	2016	316	23568.0	 19.0	 35.0	1.000	 1.0	 0.0
1	2016	317	21793.0	 21.0	 35.0	2.000	 2.0	 0.0
1	2016	318	20508.0	 23.0	 35.0	2.000	 0.0	 0.0
1	2016	319	22593.0	 22.0	 36.0	1.000	 2.0	 0.0
1	2016	320	22449.0	 21.0	 36.0	1.000	 2.0	 0.0
1	2016	321	22674.0	 20.0	 36.0	1.000	 2.0	 0.0
1	2016	322	22656.0	 20.0	 37.0	1.000	 2.0	 0.0
1	2016	323	22228.0	 21.0	 37.0	2.000	 1.0	 0.0
1	2016	324	19703.0	 22.0	 36.0	2.000	 1.0	 0.0
1	2016	325	21980.0	 22.0	 37.0	2.000	 0.0	 0.0
1	2016	326	21769.0	 23.0	 37.0	2.000	 1.0	 0.0
1	2016	327	21392.0	 22.0	 36.0	2.000	 0.0	 0.0
1	2016	328	18377.0	 26.0	 35.0	2.000	 1.0	 0.0
1	2016	329	19958.0	 25.0	 37.0	2.000	 0.0	 0.0
1	2016	330	21041.0	 23.0	 38.0	2.000	 1.0	 0.0
1	2016	331	21547.0	 23.0	 37.0	2.000	 1.0	 0.0
1	2016	332	18960.0	 24.0	 36.0	2.000	 1.0	 0.0
1	2016	333	19637.0	 24.0	 36.0	2.000	 1.0	 0.0
1	2016	334	19755.0	 25.0	 36.0	2.000	 2.0	 0.0
1	2016	335	20620.0	 24.0	 37.0	2.000	 1.0	 0.0
1	2016	336	21386.0	 22.0	 37.0	1.000	 2.0	 0.0
1	2016	337	21546.0	 22.0	 37.0	1.000	 2.0	 0.0
1	2016	338	21526.0	 24.0	 37.0	1.000	 3.0	 0.0
1	2016	339	21570.0	 21.0	 36.0	1.000	 2.0	 0.0
1	2016	340	20967.0	 22.0	 36.0	1.000	 2.0	 0.0
1	2016	341	21152.0	 22.0	 36.0	1.000	 2.0	 0.0
1	2016	342	21195.0	 22.0	 36.0	1.000	 2.0	 0.0
1	2016	343	20927.0	 22.0	 37.0	1.000	 2.0	 0.0
1	2016	344	20834.0	 22.0	 37.0	1.000	 3.0	 0.0
1	2016	345	17993.0	 23.0	 36.0	1.000	 3.0	 0.0
1	2016	346	20781.0	 21.0	 36.0	1.000	 2.0	 0.0
1	2016	347	20381.0	 22.0	 36.0	1.000	 1.0	 0.0
1	2016	348	14725.0	 23.0	 35.0	1.000	 1.0	 0.0
1	2016	349	17785.0	 20.0	 35.0	1.000	 3.0	 0.0
1	2016	350	20880.0	 19.0	 36.0	1.000	 2.0	 0.0
1	2016	351	20634.0	 20.0	 35.0	1.000	 1.0	 0.0
1	2016	352	20277.0	 23.0	 36.0	1.000	 2.0	 0.0
1	2016	353	18776.0	 23.0	 36.0	1.000	 1.0	 0.0
1	2016	354	19501.0	 21.0	 36.0	1.000	 2.0	 0.0
1	2016	355	21139.0	 21.0	 36.0	1.000	 2.0	 0.0
1	2016	356	21391.0	 21.0	 36.0	1.000	 2.0	 0.0
1	2016	357	21269.0	 20.0	 36.0	1.000	 2.0	 0.0
1	2016	358	21462.0	 21.0	 37.0	1.000	 3.0	 0.0
1	2016	359	21198.0	 21.0	 36.0	1.000	 3.0	 0.0
1	2016	360	20989.0	 21.0	 35.0	1.000	 3.0	 0.0
1	2016	361	21019.0	 22.0	 34.0	1.000	 4.0	 0.0
1	2016	362	20922.0	 20.0	 33.0	1.000	 3.0	 0.0
1	2016	363	20137.0	 20.0	 33.0	1.000	 3.0	 0.0
1	2016	364	20758.0	 21.0	 34.0	1.000	 3.0	 0.0
1	2016	365	20823.0	 21.0	 34.0	1.000	 3.0	 0.0
1	2016	366	20857.0	 21.0	 34.0	1.000	 3.0	 0.0
