*---------------------------------------------------
* Station: -022611_106965
* Year: 2011
* Origin: ERA5-Reanalysis
* Columns & units
* ===================
* 1. station number
* 2. year
* 3. Day of Year
* 4. Irradiance   (kJ路m-2路d-1)
* 5. Daily minimum temperature (degC)
* 6. Daily maximum temperature (degC)
* 7. Vapour pressure (kPa)
* 8. Mean wind speed (m路s-1)
* 9. Precipitation (mm路d-1)
** WCCDESCRIPTION=-022611_106965
** WCCFORMAT=2
** WCCYEARNR=2011
*------------------------------------------------------------*
-0.23  10.70  203.00 -0.18  -0.55
1	2011	1	21062.0	 17.0	 32.0	1.000	 3.0	 0.0
1	2011	2	20904.0	 17.0	 33.0	1.000	 2.0	 0.0
1	2011	3	20829.0	 19.0	 33.0	1.000	 2.0	 0.0
1	2011	4	20783.0	 20.0	 34.0	1.000	 3.0	 0.0
1	2011	5	20912.0	 20.0	 34.0	1.000	 3.0	 0.0
1	2011	6	21046.0	 21.0	 34.0	1.000	 3.0	 0.0
1	2011	7	21295.0	 21.0	 34.0	1.000	 4.0	 0.0
1	2011	8	21570.0	 20.0	 33.0	1.000	 4.0	 0.0
1	2011	9	21566.0	 19.0	 32.0	1.000	 4.0	 0.0
1	2011	10	21364.0	 18.0	 33.0	1.000	 3.0	 0.0
1	2011	11	21385.0	 19.0	 33.0	1.000	 3.0	 0.0
1	2011	12	21637.0	 19.0	 33.0	1.000	 3.0	 0.0
1	2011	13	21722.0	 18.0	 33.0	1.000	 3.0	 0.0
1	2011	14	21581.0	 19.0	 34.0	1.000	 3.0	 0.0
1	2011	15	21657.0	 20.0	 33.0	1.000	 4.0	 0.0
1	2011	16	21399.0	 19.0	 32.0	1.000	 4.0	 0.0
1	2011	17	21671.0	 19.0	 32.0	1.000	 4.0	 0.0
1	2011	18	21673.0	 17.0	 31.0	1.000	 3.0	 0.0
1	2011	19	22198.0	 17.0	 32.0	1.000	 3.0	 0.0
1	2011	20	22144.0	 17.0	 33.0	1.000	 2.0	 0.0
1	2011	21	21834.0	 19.0	 34.0	1.000	 3.0	 0.0
1	2011	22	21915.0	 19.0	 35.0	1.000	 2.0	 0.0
1	2011	23	21915.0	 20.0	 35.0	1.000	 3.0	 0.0
1	2011	24	22141.0	 21.0	 36.0	1.000	 3.0	 0.0
1	2011	25	21876.0	 19.0	 36.0	1.000	 2.0	 0.0
1	2011	26	22129.0	 20.0	 36.0	1.000	 2.0	 0.0
1	2011	27	21202.0	 21.0	 37.0	2.000	 1.0	 0.0
1	2011	28	22666.0	 22.0	 38.0	1.000	 3.0	 0.0
1	2011	29	22708.0	 23.0	 37.0	1.000	 3.0	 0.0
1	2011	30	22098.0	 19.0	 37.0	1.000	 1.0	 0.0
1	2011	31	21607.0	 21.0	 37.0	2.000	 1.0	 0.0
1	2011	32	21666.0	 20.0	 37.0	2.000	 1.0	 0.0
1	2011	33	20119.0	 24.0	 36.0	2.000	 2.0	 0.0
1	2011	34	19908.0	 24.0	 36.0	2.000	 2.0	 0.0
1	2011	35	21062.0	 23.0	 34.0	1.000	 5.0	 0.0
1	2011	36	22376.0	 22.0	 33.0	0.000	 4.0	 0.0
1	2011	37	21706.0	 22.0	 35.0	1.000	 3.0	 0.0
1	2011	38	22316.0	 23.0	 36.0	1.000	 3.0	 0.0
1	2011	39	22892.0	 23.0	 36.0	1.000	 3.0	 0.0
1	2011	40	23011.0	 22.0	 37.0	1.000	 2.0	 0.0
1	2011	41	22736.0	 22.0	 38.0	1.000	 1.0	 0.0
1	2011	42	18572.0	 24.0	 36.0	2.000	 1.0	 0.0
1	2011	43	21374.0	 25.0	 39.0	2.000	 1.0	 0.0
1	2011	44	20395.0	 25.0	 37.0	2.000	 2.0	 0.0
1	2011	45	16038.0	 25.0	 34.0	1.000	 1.0	 0.0
1	2011	46	22125.0	 24.0	 37.0	1.000	 3.0	 0.0
1	2011	47	22845.0	 22.0	 37.0	1.000	 2.0	 0.0
1	2011	48	23463.0	 22.0	 38.0	1.000	 3.0	 0.0
1	2011	49	22038.0	 22.0	 38.0	1.000	 3.0	 0.0
1	2011	50	22122.0	 24.0	 38.0	1.000	 3.0	 0.0
1	2011	51	23288.0	 26.0	 40.0	1.000	 3.0	 0.0
1	2011	52	22540.0	 24.0	 39.0	1.000	 1.0	 0.0
1	2011	53	22589.0	 24.0	 38.0	1.000	 1.0	 0.0
1	2011	54	20746.0	 24.0	 38.0	2.000	 1.0	 0.0
1	2011	55	21810.0	 26.0	 38.0	2.000	 1.0	 0.0
1	2011	56	23383.0	 25.0	 38.0	1.000	 0.0	 0.0
1	2011	57	19759.0	 26.0	 36.0	2.000	 3.0	 0.0
1	2011	58	11031.0	 25.0	 33.0	2.000	 1.0	 1.0
1	2011	59	19969.0	 23.0	 35.0	2.000	 2.0	 2.0
1	2011	60	21125.0	 25.0	 37.0	2.000	 2.0	 0.0
1	2011	61	23195.0	 25.0	 38.0	1.000	 2.0	 0.0
1	2011	62	23651.0	 28.0	 39.0	2.000	 1.0	 0.0
1	2011	63	21977.0	 26.0	 37.0	2.000	 2.0	 1.0
1	2011	64	23201.0	 26.0	 40.0	2.000	 1.0	 0.0
1	2011	65	23085.0	 27.0	 39.0	2.000	 2.0	 0.0
1	2011	66	22541.0	 28.0	 39.0	2.000	 2.0	 0.0
1	2011	67	22998.0	 28.0	 41.0	2.000	 1.0	 0.0
1	2011	68	23985.0	 27.0	 40.0	2.000	 2.0	 0.0
1	2011	69	23088.0	 28.0	 39.0	2.000	 2.0	 0.0
1	2011	70	22402.0	 27.0	 39.0	2.000	 2.0	 0.0
1	2011	71	21726.0	 28.0	 39.0	2.000	 2.0	 0.0
1	2011	72	22415.0	 28.0	 39.0	2.000	 2.0	 0.0
1	2011	73	23623.0	 28.0	 39.0	2.000	 3.0	 0.0
1	2011	74	21888.0	 28.0	 39.0	2.000	 1.0	 0.0
1	2011	75	24471.0	 26.0	 40.0	2.000	 1.0	 0.0
1	2011	76	23706.0	 26.0	 39.0	2.000	 1.0	 0.0
1	2011	77	23993.0	 27.0	 39.0	2.000	 2.0	 0.0
1	2011	78	24470.0	 27.0	 39.0	2.000	 1.0	 0.0
1	2011	79	24360.0	 27.0	 39.0	2.000	 3.0	 0.0
1	2011	80	20713.0	 28.0	 38.0	2.000	 2.0	 0.0
1	2011	81	23269.0	 26.0	 39.0	2.000	 1.0	 0.0
1	2011	82	23303.0	 27.0	 38.0	2.000	 2.0	 0.0
1	2011	83	23209.0	 26.0	 39.0	2.000	 1.0	 0.0
1	2011	84	25644.0	 25.0	 41.0	2.000	 1.0	 0.0
1	2011	85	24090.0	 27.0	 39.0	2.000	 2.0	 0.0
1	2011	86	24677.0	 28.0	 40.0	2.000	 2.0	 0.0
1	2011	87	21891.0	 27.0	 39.0	2.000	 1.0	 0.0
1	2011	88	25964.0	 25.0	 41.0	1.000	 2.0	 0.0
1	2011	89	23588.0	 24.0	 40.0	1.000	 2.0	 0.0
1	2011	90	25607.0	 24.0	 40.0	2.000	 1.0	 0.0
1	2011	91	25576.0	 24.0	 40.0	2.000	 1.0	 0.0
1	2011	92	23689.0	 27.0	 39.0	2.000	 3.0	 0.0
1	2011	93	21236.0	 29.0	 38.0	2.000	 3.0	 2.0
1	2011	94	20613.0	 26.0	 36.0	2.000	 2.0	 3.0
1	2011	95	16925.0	 25.0	 36.0	2.000	 1.0	 0.0
1	2011	96	24299.0	 26.0	 40.0	1.000	 4.0	 0.0
1	2011	97	26903.0	 26.0	 41.0	1.000	 4.0	 0.0
1	2011	98	27162.0	 24.0	 40.0	1.000	 2.0	 0.0
1	2011	99	25259.0	 25.0	 39.0	2.000	 2.0	 0.0
1	2011	100	23587.0	 27.0	 39.0	2.000	 3.0	 0.0
1	2011	101	23830.0	 26.0	 39.0	2.000	 1.0	 0.0
1	2011	102	25302.0	 26.0	 40.0	2.000	 1.0	 0.0
1	2011	103	18704.0	 27.0	 38.0	2.000	 1.0	 0.0
1	2011	104	22018.0	 27.0	 40.0	2.000	 0.0	 0.0
1	2011	105	25453.0	 28.0	 41.0	1.000	 1.0	 0.0
1	2011	106	26135.0	 29.0	 40.0	2.000	 2.0	 0.0
1	2011	107	26517.0	 28.0	 41.0	2.000	 1.0	 0.0
1	2011	108	23407.0	 27.0	 38.0	2.000	 3.0	 1.0
1	2011	109	25370.0	 28.0	 40.0	2.000	 3.0	 0.0
1	2011	110	25382.0	 27.0	 40.0	2.000	 3.0	 0.0
1	2011	111	24251.0	 29.0	 40.0	3.000	 3.0	 1.0
1	2011	112	24300.0	 29.0	 40.0	3.000	 3.0	 1.0
1	2011	113	24525.0	 28.0	 39.0	3.000	 3.0	 1.0
1	2011	114	14488.0	 26.0	 32.0	3.000	 4.0	 7.0
1	2011	115	24580.0	 26.0	 36.0	3.000	 1.0	 0.0
1	2011	116	25355.0	 25.0	 37.0	2.000	 2.0	 0.0
1	2011	117	24612.0	 26.0	 38.0	2.000	 3.0	 1.0
1	2011	118	25242.0	 27.0	 39.0	2.000	 3.0	 0.0
1	2011	119	23943.0	 27.0	 38.0	3.000	 4.0	 1.0
1	2011	120	24760.0	 27.0	 39.0	3.000	 4.0	 1.0
1	2011	121	22417.0	 27.0	 37.0	2.000	 3.0	 0.0
1	2011	122	23638.0	 27.0	 39.0	2.000	 2.0	 3.0
1	2011	123	23575.0	 27.0	 38.0	3.000	 3.0	 0.0
1	2011	124	24689.0	 27.0	 39.0	2.000	 3.0	 0.0
1	2011	125	23121.0	 28.0	 38.0	3.000	 3.0	 0.0
1	2011	126	24947.0	 29.0	 40.0	2.000	 3.0	 1.0
1	2011	127	22321.0	 27.0	 38.0	3.000	 3.0	 1.0
1	2011	128	24475.0	 27.0	 38.0	3.000	 3.0	 2.0
1	2011	129	24113.0	 25.0	 37.0	3.000	 3.0	 5.0
1	2011	130	22839.0	 26.0	 36.0	3.000	 3.0	 7.0
1	2011	131	25027.0	 25.0	 37.0	3.000	 2.0	 3.0
1	2011	132	24610.0	 25.0	 36.0	2.000	 2.0	 2.0
1	2011	133	19899.0	 25.0	 34.0	3.000	 1.0	 4.0
1	2011	134	19332.0	 26.0	 36.0	3.000	 1.0	 2.0
1	2011	135	25367.0	 25.0	 37.0	3.000	 2.0	 1.0
1	2011	136	23548.0	 26.0	 37.0	3.000	 2.0	 0.0
1	2011	137	24479.0	 28.0	 39.0	3.000	 2.0	 2.0
1	2011	138	24092.0	 25.0	 37.0	3.000	 3.0	 1.0
1	2011	139	23909.0	 27.0	 38.0	3.000	 2.0	 0.0
1	2011	140	22588.0	 27.0	 37.0	3.000	 3.0	 0.0
1	2011	141	23715.0	 27.0	 37.0	3.000	 3.0	 1.0
1	2011	142	20498.0	 25.0	 35.0	3.000	 4.0	 2.0
1	2011	143	18127.0	 25.0	 33.0	3.000	 4.0	 1.0
1	2011	144	22165.0	 26.0	 35.0	3.000	 3.0	 0.0
1	2011	145	24367.0	 27.0	 37.0	3.000	 3.0	 0.0
1	2011	146	20996.0	 27.0	 35.0	3.000	 4.0	 2.0
1	2011	147	19562.0	 25.0	 35.0	3.000	 4.0	 1.0
1	2011	148	13190.0	 25.0	 32.0	3.000	 3.0	 1.0
1	2011	149	18976.0	 24.0	 34.0	3.000	 2.0	 0.0
1	2011	150	23786.0	 25.0	 36.0	3.000	 2.0	 0.0
1	2011	151	22962.0	 26.0	 36.0	3.000	 3.0	 0.0
1	2011	152	24337.0	 26.0	 37.0	3.000	 3.0	 0.0
1	2011	153	24823.0	 26.0	 37.0	3.000	 3.0	 0.0
1	2011	154	20612.0	 26.0	 36.0	3.000	 2.0	13.0
1	2011	155	19277.0	 25.0	 33.0	3.000	 2.0	 2.0
1	2011	156	16588.0	 24.0	 33.0	3.000	 3.0	 1.0
1	2011	157	25191.0	 24.0	 35.0	3.000	 3.0	 0.0
1	2011	158	23694.0	 26.0	 36.0	3.000	 2.0	 0.0
1	2011	159	19203.0	 26.0	 33.0	3.000	 3.0	 1.0
1	2011	160	17133.0	 24.0	 33.0	3.000	 3.0	 0.0
1	2011	161	23073.0	 25.0	 35.0	3.000	 3.0	 0.0
1	2011	162	19336.0	 26.0	 34.0	3.000	 4.0	 1.0
1	2011	163	23374.0	 24.0	 35.0	3.000	 4.0	 0.0
1	2011	164	21657.0	 24.0	 34.0	3.000	 2.0	 3.0
1	2011	165	23882.0	 25.0	 35.0	3.000	 1.0	 5.0
1	2011	166	23411.0	 25.0	 35.0	3.000	 2.0	 2.0
1	2011	167	16162.0	 24.0	 33.0	3.000	 3.0	 1.0
1	2011	168	17556.0	 24.0	 33.0	3.000	 3.0	 0.0
1	2011	169	21770.0	 25.0	 34.0	3.000	 2.0	 2.0
1	2011	170	21861.0	 23.0	 33.0	3.000	 2.0	 9.0
1	2011	171	14819.0	 24.0	 31.0	3.000	 2.0	 1.0
1	2011	172	19208.0	 25.0	 33.0	3.000	 2.0	 1.0
1	2011	173	21003.0	 24.0	 33.0	3.000	 3.0	 0.0
1	2011	174	18634.0	 24.0	 33.0	3.000	 2.0	 0.0
1	2011	175	18228.0	 23.0	 32.0	3.000	 3.0	 7.0
1	2011	176	18156.0	 23.0	 31.0	3.000	 2.0	 3.0
1	2011	177	23494.0	 24.0	 33.0	3.000	 2.0	 0.0
1	2011	178	20902.0	 24.0	 32.0	3.000	 3.0	 6.0
1	2011	179	20999.0	 24.0	 32.0	3.000	 3.0	 0.0
1	2011	180	21736.0	 24.0	 33.0	3.000	 2.0	 1.0
1	2011	181	19226.0	 24.0	 31.0	3.000	 2.0	 7.0
1	2011	182	21570.0	 24.0	 32.0	3.000	 2.0	 1.0
1	2011	183	21434.0	 24.0	 34.0	3.000	 3.0	 1.0
1	2011	184	23955.0	 24.0	 35.0	3.000	 3.0	 1.0
1	2011	185	18846.0	 24.0	 32.0	3.000	 3.0	 0.0
1	2011	186	23854.0	 24.0	 34.0	3.000	 2.0	 0.0
1	2011	187	12806.0	 25.0	 32.0	3.000	 2.0	 0.0
1	2011	188	21774.0	 23.0	 34.0	3.000	 3.0	 1.0
1	2011	189	23995.0	 25.0	 35.0	3.000	 3.0	 0.0
1	2011	190	19540.0	 24.0	 32.0	3.000	 2.0	 8.0
1	2011	191	11485.0	 23.0	 28.0	3.000	 1.0	15.0
1	2011	192	17952.0	 23.0	 30.0	3.000	 3.0	 2.0
1	2011	193	17169.0	 22.0	 30.0	3.000	 2.0	 1.0
1	2011	194	20730.0	 23.0	 31.0	3.000	 3.0	 0.0
1	2011	195	16578.0	 23.0	 30.0	3.000	 3.0	 1.0
1	2011	196	19748.0	 23.0	 31.0	3.000	 2.0	 3.0
1	2011	197	19420.0	 23.0	 31.0	3.000	 1.0	 1.0
1	2011	198	21819.0	 23.0	 31.0	3.000	 2.0	 3.0
1	2011	199	10329.0	 23.0	 28.0	3.000	 2.0	10.0
1	2011	200	22471.0	 21.0	 31.0	3.000	 3.0	 0.0
1	2011	201	23768.0	 23.0	 32.0	3.000	 2.0	10.0
1	2011	202	16044.0	 23.0	 30.0	3.000	 4.0	11.0
1	2011	203	16555.0	 23.0	 30.0	3.000	 4.0	 0.0
1	2011	204	21480.0	 23.0	 31.0	3.000	 3.0	 3.0
1	2011	205	21689.0	 23.0	 31.0	3.000	 3.0	 1.0
1	2011	206	21048.0	 24.0	 31.0	3.000	 3.0	 4.0
1	2011	207	14888.0	 23.0	 29.0	3.000	 3.0	 1.0
1	2011	208	18393.0	 23.0	 30.0	3.000	 3.0	 0.0
1	2011	209	20691.0	 23.0	 32.0	3.000	 2.0	 1.0
1	2011	210	20405.0	 23.0	 31.0	3.000	 2.0	10.0
1	2011	211	17925.0	 23.0	 29.0	3.000	 3.0	 8.0
1	2011	212	15248.0	 23.0	 29.0	3.000	 2.0	 1.0
1	2011	213	20022.0	 23.0	 31.0	3.000	 1.0	13.0
1	2011	214	21033.0	 23.0	 31.0	3.000	 2.0	 0.0
1	2011	215	13617.0	 23.0	 30.0	3.000	 2.0	 0.0
1	2011	216	14530.0	 23.0	 29.0	3.000	 2.0	 9.0
1	2011	217	13769.0	 22.0	 30.0	3.000	 3.0	 1.0
1	2011	218	16818.0	 23.0	 29.0	3.000	 2.0	 3.0
1	2011	219	18659.0	 23.0	 30.0	3.000	 3.0	 1.0
1	2011	220	17409.0	 23.0	 29.0	3.000	 2.0	11.0
1	2011	221	15015.0	 22.0	 29.0	3.000	 2.0	 0.0
1	2011	222	21636.0	 23.0	 31.0	3.000	 2.0	 6.0
1	2011	223	21892.0	 23.0	 31.0	3.000	 2.0	 1.0
1	2011	224	19950.0	 23.0	 31.0	3.000	 3.0	 4.0
1	2011	225	9091.0	 23.0	 28.0	3.000	 4.0	 1.0
1	2011	226	19440.0	 22.0	 29.0	3.000	 3.0	 2.0
1	2011	227	20573.0	 23.0	 30.0	3.000	 2.0	 7.0
1	2011	228	11959.0	 23.0	 28.0	3.000	 2.0	 4.0
1	2011	229	15156.0	 22.0	 28.0	3.000	 2.0	 6.0
1	2011	230	13842.0	 22.0	 28.0	3.000	 2.0	19.0
1	2011	231	13908.0	 22.0	 28.0	3.000	 3.0	 8.0
1	2011	232	18810.0	 22.0	 30.0	3.000	 2.0	 2.0
1	2011	233	21338.0	 22.0	 30.0	3.000	 2.0	 2.0
1	2011	234	3039.0	 23.0	 25.0	3.000	 1.0	67.0
1	2011	235	17790.0	 22.0	 29.0	3.000	 1.0	 6.0
1	2011	236	15998.0	 22.0	 29.0	3.000	 1.0	 5.0
1	2011	237	21517.0	 22.0	 30.0	3.000	 2.0	 2.0
1	2011	238	11313.0	 23.0	 28.0	3.000	 2.0	 8.0
1	2011	239	15689.0	 22.0	 29.0	3.000	 2.0	 2.0
1	2011	240	14897.0	 22.0	 28.0	3.000	 2.0	 6.0
1	2011	241	20369.0	 22.0	 30.0	3.000	 2.0	 2.0
1	2011	242	21907.0	 22.0	 30.0	3.000	 1.0	 3.0
1	2011	243	9082.0	 23.0	 27.0	3.000	 2.0	 2.0
1	2011	244	19056.0	 22.0	 29.0	3.000	 2.0	 1.0
1	2011	245	24508.0	 22.0	 31.0	3.000	 1.0	13.0
1	2011	246	15837.0	 23.0	 29.0	3.000	 3.0	 3.0
1	2011	247	20261.0	 22.0	 30.0	3.000	 3.0	 1.0
1	2011	248	20700.0	 22.0	 30.0	3.000	 2.0	 0.0
1	2011	249	23566.0	 23.0	 31.0	3.000	 1.0	 1.0
1	2011	250	23287.0	 23.0	 31.0	3.000	 2.0	 4.0
1	2011	251	21202.0	 23.0	 30.0	3.000	 2.0	 6.0
1	2011	252	17447.0	 23.0	 30.0	3.000	 2.0	 4.0
1	2011	253	14461.0	 22.0	 28.0	3.000	 2.0	15.0
1	2011	254	19596.0	 22.0	 30.0	3.000	 1.0	 0.0
1	2011	255	22872.0	 23.0	 31.0	3.000	 2.0	 0.0
1	2011	256	23519.0	 23.0	 31.0	3.000	 2.0	 0.0
1	2011	257	21000.0	 23.0	 29.0	3.000	 3.0	 3.0
1	2011	258	20831.0	 22.0	 30.0	3.000	 2.0	 1.0
1	2011	259	15385.0	 23.0	 30.0	3.000	 2.0	16.0
1	2011	260	13430.0	 22.0	 27.0	3.000	 2.0	10.0
1	2011	261	20022.0	 21.0	 30.0	3.000	 2.0	 5.0
1	2011	262	20811.0	 22.0	 30.0	3.000	 1.0	 5.0
1	2011	263	22836.0	 22.0	 31.0	3.000	 0.0	 1.0
1	2011	264	22429.0	 23.0	 31.0	3.000	 2.0	 1.0
1	2011	265	16385.0	 22.0	 29.0	3.000	 2.0	 6.0
1	2011	266	22291.0	 22.0	 31.0	3.000	 2.0	 0.0
1	2011	267	20561.0	 24.0	 31.0	3.000	 1.0	 6.0
1	2011	268	16841.0	 23.0	 30.0	3.000	 3.0	 0.0
1	2011	269	22967.0	 23.0	 32.0	3.000	 2.0	 1.0
1	2011	270	17206.0	 24.0	 30.0	3.000	 2.0	 2.0
1	2011	271	22198.0	 23.0	 31.0	3.000	 2.0	 1.0
1	2011	272	21889.0	 24.0	 31.0	3.000	 2.0	 0.0
1	2011	273	21181.0	 23.0	 31.0	3.000	 2.0	 4.0
1	2011	274	15368.0	 24.0	 30.0	3.000	 2.0	 5.0
1	2011	275	19374.0	 22.0	 31.0	3.000	 2.0	 0.0
1	2011	276	23545.0	 23.0	 32.0	3.000	 2.0	 0.0
1	2011	277	23682.0	 24.0	 33.0	3.000	 2.0	 0.0
1	2011	278	23638.0	 24.0	 34.0	3.000	 2.0	 0.0
1	2011	279	20341.0	 24.0	 32.0	3.000	 2.0	 7.0
1	2011	280	16580.0	 23.0	 30.0	3.000	 2.0	11.0
1	2011	281	19984.0	 23.0	 31.0	3.000	 1.0	 1.0
1	2011	282	18447.0	 23.0	 31.0	3.000	 2.0	 6.0
1	2011	283	18903.0	 23.0	 31.0	3.000	 2.0	 1.0
1	2011	284	21310.0	 23.0	 32.0	3.000	 1.0	 0.0
1	2011	285	19140.0	 24.0	 32.0	3.000	 2.0	 4.0
1	2011	286	17768.0	 23.0	 31.0	3.000	 2.0	 9.0
1	2011	287	22557.0	 23.0	 32.0	3.000	 2.0	 0.0
1	2011	288	21011.0	 23.0	 32.0	3.000	 2.0	 0.0
1	2011	289	21547.0	 23.0	 32.0	3.000	 2.0	 0.0
1	2011	290	22706.0	 23.0	 34.0	3.000	 2.0	 0.0
1	2011	291	23108.0	 24.0	 34.0	3.000	 2.0	 9.0
1	2011	292	21256.0	 23.0	 33.0	3.000	 2.0	 1.0
1	2011	293	23024.0	 24.0	 34.0	3.000	 2.0	 8.0
1	2011	294	19883.0	 23.0	 32.0	3.000	 2.0	 0.0
1	2011	295	20553.0	 23.0	 32.0	3.000	 2.0	 2.0
1	2011	296	16810.0	 23.0	 31.0	3.000	 2.0	 0.0
1	2011	297	22636.0	 23.0	 34.0	3.000	 1.0	 0.0
1	2011	298	20586.0	 24.0	 33.0	3.000	 3.0	 0.0
1	2011	299	22318.0	 22.0	 33.0	3.000	 2.0	 0.0
1	2011	300	21961.0	 23.0	 34.0	3.000	 2.0	 0.0
1	2011	301	22437.0	 23.0	 34.0	3.000	 3.0	 0.0
1	2011	302	22913.0	 22.0	 35.0	2.000	 2.0	 0.0
1	2011	303	21988.0	 22.0	 36.0	2.000	 1.0	 0.0
1	2011	304	22037.0	 23.0	 36.0	2.000	 2.0	 0.0
1	2011	305	21409.0	 23.0	 35.0	2.000	 2.0	 0.0
1	2011	306	22865.0	 23.0	 35.0	2.000	 1.0	 0.0
1	2011	307	22488.0	 22.0	 36.0	2.000	 2.0	 0.0
1	2011	308	21141.0	 22.0	 35.0	2.000	 2.0	 0.0
1	2011	309	20407.0	 23.0	 34.0	2.000	 2.0	 0.0
1	2011	310	21779.0	 23.0	 35.0	2.000	 2.0	 0.0
1	2011	311	22572.0	 22.0	 35.0	2.000	 2.0	 0.0
1	2011	312	22376.0	 22.0	 36.0	2.000	 2.0	 0.0
1	2011	313	21949.0	 22.0	 36.0	2.000	 1.0	 0.0
1	2011	314	22136.0	 23.0	 36.0	2.000	 1.0	 0.0
1	2011	315	21000.0	 24.0	 35.0	2.000	 2.0	 0.0
1	2011	316	21173.0	 23.0	 35.0	2.000	 1.0	 0.0
1	2011	317	23002.0	 21.0	 36.0	2.000	 1.0	 0.0
1	2011	318	22878.0	 19.0	 35.0	1.000	 1.0	 0.0
1	2011	319	22693.0	 20.0	 35.0	1.000	 1.0	 0.0
1	2011	320	23067.0	 19.0	 34.0	1.000	 2.0	 0.0
1	2011	321	22684.0	 19.0	 35.0	1.000	 2.0	 0.0
1	2011	322	22336.0	 19.0	 35.0	1.000	 1.0	 0.0
1	2011	323	20632.0	 20.0	 35.0	2.000	 1.0	 0.0
1	2011	324	21483.0	 21.0	 36.0	2.000	 1.0	 0.0
1	2011	325	20998.0	 21.0	 36.0	2.000	 1.0	 0.0
1	2011	326	21938.0	 21.0	 35.0	2.000	 1.0	 0.0
1	2011	327	22360.0	 20.0	 35.0	1.000	 2.0	 0.0
1	2011	328	22064.0	 19.0	 34.0	1.000	 1.0	 0.0
1	2011	329	21441.0	 20.0	 34.0	1.000	 1.0	 0.0
1	2011	330	22163.0	 20.0	 34.0	1.000	 2.0	 0.0
1	2011	331	22119.0	 18.0	 34.0	1.000	 1.0	 0.0
1	2011	332	22102.0	 19.0	 35.0	1.000	 2.0	 0.0
1	2011	333	21737.0	 21.0	 35.0	1.000	 3.0	 0.0
1	2011	334	22622.0	 20.0	 34.0	1.000	 3.0	 0.0
1	2011	335	22411.0	 19.0	 34.0	1.000	 3.0	 0.0
1	2011	336	22263.0	 19.0	 34.0	1.000	 4.0	 0.0
1	2011	337	22256.0	 19.0	 34.0	1.000	 3.0	 0.0
1	2011	338	22302.0	 18.0	 34.0	1.000	 2.0	 0.0
1	2011	339	21827.0	 18.0	 34.0	1.000	 2.0	 0.0
1	2011	340	21707.0	 19.0	 35.0	1.000	 2.0	 0.0
1	2011	341	21605.0	 20.0	 35.0	1.000	 3.0	 0.0
1	2011	342	21500.0	 21.0	 35.0	1.000	 4.0	 0.0
1	2011	343	21723.0	 21.0	 34.0	1.000	 4.0	 0.0
1	2011	344	21888.0	 19.0	 33.0	1.000	 3.0	 0.0
1	2011	345	21878.0	 19.0	 33.0	1.000	 3.0	 0.0
1	2011	346	21515.0	 19.0	 33.0	1.000	 3.0	 0.0
1	2011	347	21534.0	 19.0	 33.0	1.000	 4.0	 0.0
1	2011	348	21635.0	 18.0	 33.0	1.000	 3.0	 0.0
1	2011	349	21480.0	 18.0	 33.0	1.000	 3.0	 0.0
1	2011	350	21454.0	 19.0	 34.0	1.000	 3.0	 0.0
1	2011	351	21394.0	 19.0	 34.0	1.000	 3.0	 0.0
1	2011	352	21242.0	 18.0	 34.0	1.000	 2.0	 0.0
1	2011	353	21032.0	 18.0	 34.0	1.000	 2.0	 0.0
1	2011	354	20825.0	 19.0	 35.0	1.000	 2.0	 0.0
1	2011	355	20691.0	 21.0	 34.0	1.000	 3.0	 0.0
1	2011	356	20938.0	 20.0	 34.0	1.000	 3.0	 0.0
1	2011	357	20927.0	 19.0	 34.0	1.000	 3.0	 0.0
1	2011	358	20998.0	 19.0	 33.0	1.000	 3.0	 0.0
1	2011	359	20800.0	 19.0	 34.0	1.000	 3.0	 0.0
1	2011	360	20546.0	 19.0	 34.0	1.000	 3.0	 0.0
1	2011	361	20633.0	 21.0	 35.0	1.000	 3.0	 0.0
1	2011	362	20744.0	 20.0	 34.0	1.000	 3.0	 0.0
1	2011	363	20688.0	 20.0	 33.0	1.000	 3.0	 0.0
1	2011	364	21208.0	 19.0	 32.0	1.000	 3.0	 0.0
1	2011	365	21146.0	 18.0	 33.0	1.000	 3.0	 0.0
