*---------------------------------------------------
* Station: -022611_106965
* Year: 2018
* Origin: ERA5-Reanalysis
* Columns & units
* ===================
* 1. station number
* 2. year
* 3. Day of Year
* 4. Irradiance   (kJ路m-2路d-1)
* 5. Daily minimum temperature (degC)
* 6. Daily maximum temperature (degC)
* 7. Vapour pressure (kPa)
* 8. Mean wind speed (m路s-1)
* 9. Precipitation (mm路d-1)
** WCCDESCRIPTION=-022611_106965
** WCCFORMAT=2
** WCCYEARNR=2018
*------------------------------------------------------------*
-0.23  10.70  203.00 -0.18  -0.55
1	2018	1	21247.0	 20.0	 33.0	1.000	 4.0	 0.0
1	2018	2	21027.0	 20.0	 33.0	1.000	 4.0	 0.0
1	2018	3	20991.0	 20.0	 33.0	1.000	 3.0	 0.0
1	2018	4	21101.0	 19.0	 33.0	1.000	 3.0	 0.0
1	2018	5	21716.0	 19.0	 32.0	1.000	 3.0	 0.0
1	2018	6	21675.0	 18.0	 33.0	1.000	 2.0	 0.0
1	2018	7	20955.0	 17.0	 34.0	1.000	 2.0	 0.0
1	2018	8	21392.0	 18.0	 35.0	1.000	 3.0	 0.0
1	2018	9	21835.0	 20.0	 35.0	1.000	 3.0	 0.0
1	2018	10	22144.0	 20.0	 34.0	1.000	 3.0	 0.0
1	2018	11	22085.0	 19.0	 34.0	1.000	 3.0	 0.0
1	2018	12	22092.0	 18.0	 34.0	1.000	 3.0	 0.0
1	2018	13	22342.0	 19.0	 34.0	1.000	 3.0	 0.0
1	2018	14	22486.0	 17.0	 33.0	1.000	 3.0	 0.0
1	2018	15	21740.0	 18.0	 34.0	1.000	 3.0	 0.0
1	2018	16	21599.0	 20.0	 36.0	1.000	 3.0	 0.0
1	2018	17	21458.0	 21.0	 36.0	1.000	 3.0	 0.0
1	2018	18	22086.0	 20.0	 36.0	1.000	 3.0	 0.0
1	2018	19	22926.0	 16.0	 34.0	1.000	 3.0	 0.0
1	2018	20	22284.0	 17.0	 35.0	1.000	 3.0	 0.0
1	2018	21	22411.0	 20.0	 35.0	1.000	 3.0	 0.0
1	2018	22	22756.0	 20.0	 35.0	0.500	 3.0	 0.0
1	2018	23	22693.0	 20.0	 34.0	1.000	 3.0	 0.0
1	2018	24	22539.0	 19.0	 34.0	1.000	 3.0	 0.0
1	2018	25	21404.0	 19.0	 34.0	1.000	 3.0	 0.0
1	2018	26	22149.0	 19.0	 35.0	1.000	 3.0	 0.0
1	2018	27	22166.0	 20.0	 36.0	1.000	 3.0	 0.0
1	2018	28	21506.0	 21.0	 36.0	1.000	 3.0	 0.0
1	2018	29	21312.0	 22.0	 37.0	1.000	 3.0	 0.0
1	2018	30	22160.0	 22.0	 35.0	1.000	 4.0	 0.0
1	2018	31	22699.0	 21.0	 36.0	1.000	 3.0	 0.0
1	2018	32	22755.0	 20.0	 36.0	1.000	 2.0	 0.0
1	2018	33	22630.0	 21.0	 37.0	1.000	 2.0	 0.0
1	2018	34	20934.0	 22.0	 38.0	1.000	 2.0	 0.0
1	2018	35	22494.0	 24.0	 38.0	1.000	 4.0	 0.0
1	2018	36	22939.0	 24.0	 39.0	1.000	 3.0	 0.0
1	2018	37	23225.0	 24.0	 39.0	1.000	 2.0	 0.0
1	2018	38	23414.0	 24.0	 39.0	1.000	 3.0	 0.0
1	2018	39	23185.0	 22.0	 39.0	1.000	 3.0	 0.0
1	2018	40	22470.0	 24.0	 37.0	1.000	 4.0	 0.0
1	2018	41	22680.0	 22.0	 36.0	1.000	 3.0	 0.0
1	2018	42	22869.0	 22.0	 36.0	1.000	 3.0	 0.0
1	2018	43	23096.0	 22.0	 34.0	1.000	 4.0	 0.0
1	2018	44	23395.0	 21.0	 36.0	1.000	 3.0	 0.0
1	2018	45	23381.0	 21.0	 38.0	1.000	 3.0	 0.0
1	2018	46	23491.0	 23.0	 39.0	1.000	 3.0	 0.0
1	2018	47	23469.0	 25.0	 39.0	1.000	 3.0	 0.0
1	2018	48	23859.0	 24.0	 39.0	1.000	 3.0	 0.0
1	2018	49	23410.0	 23.0	 38.0	1.000	 2.0	 0.0
1	2018	50	19762.0	 25.0	 37.0	2.000	 1.0	 0.0
1	2018	51	20473.0	 28.0	 39.0	2.000	 2.0	 0.0
1	2018	52	19216.0	 26.0	 38.0	2.000	 3.0	 3.0
1	2018	53	16490.0	 25.0	 36.0	2.000	 2.0	 1.0
1	2018	54	18896.0	 26.0	 38.0	2.000	 3.0	 9.0
1	2018	55	13880.0	 24.0	 32.0	3.000	 2.0	10.0
1	2018	56	14254.0	 25.0	 34.0	2.000	 1.0	 0.0
1	2018	57	20290.0	 24.0	 35.0	2.000	 1.0	 0.0
1	2018	58	19122.0	 26.0	 37.0	2.000	 1.0	 0.0
1	2018	59	22620.0	 25.0	 37.0	2.000	 2.0	 0.0
1	2018	60	21732.0	 24.0	 39.0	2.000	 1.0	 0.0
1	2018	61	24497.0	 23.0	 39.0	2.000	 2.0	 0.0
1	2018	62	24444.0	 21.0	 39.0	2.000	 1.0	 0.0
1	2018	63	23115.0	 24.0	 40.0	2.000	 2.0	 0.0
1	2018	64	21507.0	 26.0	 38.0	2.000	 1.0	 0.0
1	2018	65	21948.0	 26.0	 38.0	2.000	 2.0	 0.0
1	2018	66	21587.0	 27.0	 38.0	2.000	 2.0	 1.0
1	2018	67	18336.0	 26.0	 37.0	2.000	 2.0	 0.0
1	2018	68	23276.0	 27.0	 40.0	2.000	 1.0	 0.0
1	2018	69	22794.0	 27.0	 39.0	2.000	 2.0	 0.0
1	2018	70	22044.0	 27.0	 39.0	2.000	 2.0	 0.0
1	2018	71	22453.0	 27.0	 39.0	2.000	 3.0	 0.0
1	2018	72	22503.0	 28.0	 39.0	2.000	 3.0	 0.0
1	2018	73	21799.0	 28.0	 39.0	2.000	 2.0	 0.0
1	2018	74	21126.0	 29.0	 39.0	2.000	 3.0	 0.0
1	2018	75	21483.0	 27.0	 38.0	3.000	 3.0	 0.0
1	2018	76	21125.0	 28.0	 38.0	3.000	 2.0	 1.0
1	2018	77	19697.0	 26.0	 37.0	2.000	 3.0	 0.0
1	2018	78	23930.0	 27.0	 39.0	2.000	 2.0	 0.0
1	2018	79	21461.0	 28.0	 38.0	2.000	 3.0	 0.0
1	2018	80	17512.0	 28.0	 37.0	3.000	 3.0	 6.0
1	2018	81	19856.0	 25.0	 36.0	3.000	 2.0	 0.0
1	2018	82	23011.0	 26.0	 37.0	1.000	 2.0	 0.0
1	2018	83	21986.0	 22.0	 35.0	0.500	 2.0	 0.0
1	2018	84	24212.0	 20.0	 36.0	1.000	 2.0	 0.0
1	2018	85	26651.0	 20.0	 39.0	1.000	 1.0	 0.0
1	2018	86	26923.0	 23.0	 40.0	1.000	 1.0	 0.0
1	2018	87	25919.0	 23.0	 39.0	2.000	 1.0	 0.0
1	2018	88	23724.0	 28.0	 39.0	2.000	 2.0	 0.0
1	2018	89	22127.0	 27.0	 38.0	3.000	 2.0	 4.0
1	2018	90	24558.0	 26.0	 38.0	2.000	 1.0	 0.0
1	2018	91	26539.0	 26.0	 40.0	1.000	 2.0	 0.0
1	2018	92	25710.0	 23.0	 40.0	1.000	 2.0	 0.0
1	2018	93	23925.0	 27.0	 39.0	2.000	 2.0	 0.0
1	2018	94	23905.0	 28.0	 39.0	2.000	 3.0	 0.0
1	2018	95	24540.0	 27.0	 39.0	2.000	 2.0	 0.0
1	2018	96	23496.0	 28.0	 38.0	2.000	 2.0	 0.0
1	2018	97	24361.0	 27.0	 39.0	2.000	 3.0	 0.0
1	2018	98	24613.0	 26.0	 38.0	2.000	 3.0	 5.0
1	2018	99	22051.0	 25.0	 36.0	3.000	 3.0	 2.0
1	2018	100	16036.0	 26.0	 35.0	3.000	 4.0	 0.0
1	2018	101	22470.0	 26.0	 37.0	2.000	 3.0	 0.0
1	2018	102	22971.0	 27.0	 37.0	2.000	 3.0	 0.0
1	2018	103	23009.0	 28.0	 38.0	3.000	 3.0	 1.0
1	2018	104	21419.0	 27.0	 36.0	3.000	 3.0	 4.0
1	2018	105	23746.0	 25.0	 37.0	2.000	 2.0	 0.0
1	2018	106	24755.0	 26.0	 39.0	2.000	 2.0	 0.0
1	2018	107	25247.0	 27.0	 39.0	2.000	 2.0	 0.0
1	2018	108	25076.0	 28.0	 39.0	3.000	 3.0	 0.0
1	2018	109	24887.0	 26.0	 39.0	3.000	 3.0	 0.0
1	2018	110	24391.0	 28.0	 40.0	2.000	 3.0	 0.0
1	2018	111	21437.0	 26.0	 37.0	3.000	 3.0	 0.0
1	2018	112	24679.0	 27.0	 39.0	2.000	 3.0	 0.0
1	2018	113	24341.0	 27.0	 39.0	2.000	 3.0	 0.0
1	2018	114	25342.0	 28.0	 40.0	3.000	 3.0	 0.0
1	2018	115	24810.0	 29.0	 40.0	3.000	 4.0	 1.0
1	2018	116	22404.0	 28.0	 38.0	3.000	 4.0	 2.0
1	2018	117	23541.0	 27.0	 37.0	3.000	 2.0	 1.0
1	2018	118	25080.0	 26.0	 38.0	2.000	 3.0	 0.0
1	2018	119	23571.0	 27.0	 38.0	3.000	 3.0	 1.0
1	2018	120	24858.0	 26.0	 38.0	3.000	 4.0	 0.0
1	2018	121	24428.0	 27.0	 39.0	3.000	 3.0	 0.0
1	2018	122	25074.0	 26.0	 39.0	3.000	 3.0	 0.0
1	2018	123	24157.0	 28.0	 38.0	3.000	 4.0	 0.0
1	2018	124	24030.0	 28.0	 38.0	3.000	 4.0	 0.0
1	2018	125	23320.0	 27.0	 37.0	3.000	 3.0	 4.0
1	2018	126	20356.0	 26.0	 37.0	3.000	 4.0	 1.0
1	2018	127	25504.0	 25.0	 38.0	3.000	 3.0	 0.0
1	2018	128	24820.0	 27.0	 40.0	3.000	 3.0	 0.0
1	2018	129	23419.0	 27.0	 39.0	3.000	 4.0	 1.0
1	2018	130	24189.0	 26.0	 38.0	3.000	 3.0	 6.0
1	2018	131	8345.0	 25.0	 29.0	3.000	 1.0	 4.0
1	2018	132	19706.0	 24.0	 34.0	3.000	 2.0	 1.0
1	2018	133	24536.0	 25.0	 36.0	3.000	 3.0	 1.0
1	2018	134	19391.0	 27.0	 35.0	3.000	 3.0	 0.0
1	2018	135	24960.0	 26.0	 37.0	3.000	 3.0	 0.0
1	2018	136	23632.0	 27.0	 37.0	3.000	 3.0	 1.0
1	2018	137	21255.0	 26.0	 36.0	3.000	 3.0	 1.0
1	2018	138	22759.0	 26.0	 36.0	3.000	 3.0	 2.0
1	2018	139	24658.0	 26.0	 37.0	3.000	 3.0	 1.0
1	2018	140	24931.0	 27.0	 38.0	3.000	 3.0	 0.0
1	2018	141	24750.0	 27.0	 38.0	3.000	 4.0	 1.0
1	2018	142	21847.0	 27.0	 36.0	3.000	 3.0	 0.0
1	2018	143	23002.0	 26.0	 36.0	3.000	 3.0	 0.0
1	2018	144	23057.0	 27.0	 37.0	3.000	 3.0	 0.0
1	2018	145	25033.0	 27.0	 38.0	3.000	 4.0	 0.0
1	2018	146	13448.0	 25.0	 31.0	3.000	 4.0	11.0
1	2018	147	19784.0	 24.0	 32.0	3.000	 3.0	 2.0
1	2018	148	20104.0	 25.0	 33.0	3.000	 2.0	 1.0
1	2018	149	21453.0	 25.0	 34.0	3.000	 2.0	 5.0
1	2018	150	22340.0	 25.0	 34.0	3.000	 3.0	 0.0
1	2018	151	22682.0	 25.0	 35.0	3.000	 3.0	 0.0
1	2018	152	21846.0	 26.0	 35.0	3.000	 2.0	 1.0
1	2018	153	20725.0	 23.0	 34.0	3.000	 2.0	 2.0
1	2018	154	17884.0	 25.0	 31.0	3.000	 2.0	 6.0
1	2018	155	22994.0	 25.0	 34.0	3.000	 2.0	 1.0
1	2018	156	24309.0	 26.0	 35.0	3.000	 2.0	 1.0
1	2018	157	13746.0	 26.0	 33.0	3.000	 2.0	 1.0
1	2018	158	16076.0	 24.0	 33.0	3.000	 3.0	 0.0
1	2018	159	24895.0	 26.0	 36.0	3.000	 2.0	 0.0
1	2018	160	19804.0	 27.0	 35.0	3.000	 4.0	 0.0
1	2018	161	16128.0	 24.0	 33.0	3.000	 4.0	 1.0
1	2018	162	21461.0	 24.0	 33.0	3.000	 2.0	 0.0
1	2018	163	21317.0	 25.0	 34.0	3.000	 2.0	 0.0
1	2018	164	23888.0	 26.0	 36.0	3.000	 2.0	 1.0
1	2018	165	21852.0	 27.0	 35.0	3.000	 4.0	 1.0
1	2018	166	24157.0	 26.0	 37.0	3.000	 3.0	 2.0
1	2018	167	22340.0	 26.0	 36.0	3.000	 3.0	 1.0
1	2018	168	18175.0	 25.0	 33.0	3.000	 3.0	 3.0
1	2018	169	18426.0	 23.0	 32.0	3.000	 3.0	 4.0
1	2018	170	11633.0	 23.0	 30.0	3.000	 5.0	10.0
1	2018	171	16999.0	 24.0	 32.0	3.000	 4.0	 0.0
1	2018	172	13358.0	 24.0	 29.0	3.000	 4.0	 6.0
1	2018	173	16705.0	 23.0	 31.0	3.000	 4.0	 1.0
1	2018	174	15001.0	 24.0	 30.0	3.000	 4.0	 6.0
1	2018	175	3140.0	 23.0	 24.0	3.000	 3.0	41.0
1	2018	176	18824.0	 23.0	 30.0	3.000	 2.0	 1.0
1	2018	177	22579.0	 23.0	 31.0	3.000	 1.0	 1.0
1	2018	178	15649.0	 24.0	 30.0	3.000	 3.0	 1.0
1	2018	179	17116.0	 23.0	 31.0	3.000	 2.0	 1.0
1	2018	180	18287.0	 24.0	 30.0	3.000	 2.0	 3.0
1	2018	181	15903.0	 22.0	 30.0	3.000	 2.0	14.0
1	2018	182	11006.0	 23.0	 28.0	3.000	 2.0	 9.0
1	2018	183	15866.0	 23.0	 29.0	3.000	 2.0	 2.0
1	2018	184	16405.0	 22.0	 29.0	3.000	 1.0	 9.0
1	2018	185	18062.0	 22.0	 30.0	3.000	 2.0	 0.0
1	2018	186	21682.0	 23.0	 31.0	3.000	 2.0	 2.0
1	2018	187	16589.0	 23.0	 30.0	3.000	 2.0	 1.0
1	2018	188	18890.0	 23.0	 30.0	3.000	 2.0	 0.0
1	2018	189	23004.0	 23.0	 31.0	3.000	 1.0	16.0
1	2018	190	20427.0	 23.0	 30.0	3.000	 2.0	 9.0
1	2018	191	21051.0	 23.0	 31.0	3.000	 2.0	 0.0
1	2018	192	19935.0	 24.0	 30.0	3.000	 2.0	 9.0
1	2018	193	16095.0	 23.0	 30.0	3.000	 2.0	 4.0
1	2018	194	16961.0	 23.0	 30.0	3.000	 2.0	 1.0
1	2018	195	22343.0	 23.0	 32.0	3.000	 3.0	 0.0
1	2018	196	16324.0	 24.0	 30.0	3.000	 3.0	 1.0
1	2018	197	14585.0	 23.0	 29.0	3.000	 3.0	 1.0
1	2018	198	9776.0	 23.0	 27.0	3.000	 2.0	16.0
1	2018	199	19924.0	 22.0	 30.0	3.000	 3.0	 5.0
1	2018	200	21649.0	 23.0	 30.0	3.000	 2.0	 3.0
1	2018	201	17647.0	 23.0	 30.0	3.000	 2.0	 4.0
1	2018	202	13609.0	 23.0	 28.0	3.000	 3.0	12.0
1	2018	203	14547.0	 23.0	 29.0	3.000	 2.0	 5.0
1	2018	204	21576.0	 22.0	 31.0	3.000	 2.0	 1.0
1	2018	205	21085.0	 24.0	 32.0	3.000	 3.0	 6.0
1	2018	206	11589.0	 23.0	 28.0	3.000	 4.0	 4.0
1	2018	207	9826.0	 23.0	 27.0	3.000	 3.0	14.0
1	2018	208	8266.0	 23.0	 27.0	3.000	 2.0	 1.0
1	2018	209	21230.0	 22.0	 30.0	3.000	 2.0	 1.0
1	2018	210	13643.0	 23.0	 29.0	3.000	 3.0	10.0
1	2018	211	13905.0	 22.0	 27.0	3.000	 3.0	10.0
1	2018	212	12340.0	 22.0	 28.0	3.000	 2.0	 3.0
1	2018	213	21938.0	 22.0	 29.0	3.000	 3.0	 0.0
1	2018	214	16202.0	 23.0	 29.0	3.000	 2.0	 1.0
1	2018	215	6419.0	 22.0	 26.0	3.000	 2.0	 9.0
1	2018	216	14827.0	 22.0	 28.0	3.000	 3.0	 3.0
1	2018	217	19817.0	 22.0	 29.0	3.000	 2.0	 3.0
1	2018	218	16867.0	 23.0	 29.0	3.000	 2.0	 5.0
1	2018	219	12235.0	 22.0	 28.0	3.000	 2.0	 8.0
1	2018	220	18887.0	 22.0	 29.0	3.000	 3.0	 1.0
1	2018	221	20347.0	 23.0	 30.0	3.000	 3.0	 2.0
1	2018	222	18835.0	 23.0	 30.0	3.000	 3.0	 9.0
1	2018	223	14419.0	 23.0	 28.0	3.000	 3.0	 4.0
1	2018	224	21887.0	 22.0	 30.0	3.000	 2.0	 5.0
1	2018	225	11769.0	 22.0	 27.0	3.000	 2.0	11.0
1	2018	226	12426.0	 22.0	 28.0	3.000	 1.0	15.0
1	2018	227	19978.0	 22.0	 30.0	3.000	 2.0	 1.0
1	2018	228	20929.0	 23.0	 30.0	3.000	 2.0	 3.0
1	2018	229	14712.0	 23.0	 29.0	3.000	 2.0	 8.0
1	2018	230	8666.0	 23.0	 27.0	3.000	 2.0	16.0
1	2018	231	12930.0	 22.0	 28.0	3.000	 2.0	 6.0
1	2018	232	19903.0	 22.0	 30.0	3.000	 3.0	 2.0
1	2018	233	10713.0	 23.0	 28.0	3.000	 1.0	12.0
1	2018	234	17086.0	 22.0	 28.0	3.000	 2.0	 9.0
1	2018	235	19532.0	 22.0	 29.0	3.000	 2.0	 4.0
1	2018	236	13527.0	 23.0	 28.0	3.000	 3.0	21.0
1	2018	237	11331.0	 23.0	 27.0	3.000	 2.0	39.0
1	2018	238	6495.0	 22.0	 25.0	3.000	 3.0	19.0
1	2018	239	15230.0	 22.0	 29.0	3.000	 2.0	11.0
1	2018	240	18715.0	 21.0	 30.0	3.000	 1.0	16.0
1	2018	241	12403.0	 22.0	 28.0	3.000	 2.0	 9.0
1	2018	242	19829.0	 22.0	 30.0	3.000	 2.0	13.0
1	2018	243	12128.0	 22.0	 27.0	3.000	 1.0	17.0
1	2018	244	10400.0	 22.0	 27.0	3.000	 2.0	 6.0
1	2018	245	15742.0	 22.0	 29.0	3.000	 2.0	 5.0
1	2018	246	17127.0	 21.0	 29.0	3.000	 2.0	 9.0
1	2018	247	13294.0	 22.0	 27.0	3.000	 1.0	41.0
1	2018	248	19182.0	 22.0	 29.0	3.000	 2.0	 2.0
1	2018	249	19208.0	 23.0	 30.0	3.000	 2.0	 1.0
1	2018	250	13428.0	 23.0	 29.0	3.000	 1.0	 1.0
1	2018	251	13191.0	 22.0	 28.0	3.000	 1.0	17.0
1	2018	252	18524.0	 22.0	 29.0	3.000	 2.0	 3.0
1	2018	253	15372.0	 22.0	 29.0	3.000	 2.0	13.0
1	2018	254	15484.0	 21.0	 29.0	3.000	 1.0	26.0
1	2018	255	18282.0	 21.0	 29.0	3.000	 1.0	 2.0
1	2018	256	24384.0	 22.0	 31.0	3.000	 2.0	 1.0
1	2018	257	24022.0	 23.0	 31.0	3.000	 2.0	 1.0
1	2018	258	22350.0	 23.0	 30.0	3.000	 1.0	 8.0
1	2018	259	12465.0	 23.0	 28.0	3.000	 1.0	13.0
1	2018	260	22085.0	 22.0	 31.0	3.000	 1.0	 0.0
1	2018	261	20363.0	 23.0	 30.0	3.000	 1.0	 1.0
1	2018	262	21389.0	 23.0	 31.0	3.000	 1.0	 3.0
1	2018	263	21803.0	 23.0	 31.0	3.000	 1.0	 2.0
1	2018	264	19611.0	 24.0	 30.0	3.000	 2.0	 7.0
1	2018	265	12639.0	 23.0	 28.0	3.000	 1.0	 2.0
1	2018	266	17880.0	 22.0	 30.0	3.000	 1.0	 4.0
1	2018	267	23172.0	 22.0	 31.0	3.000	 1.0	 0.0
1	2018	268	18041.0	 23.0	 30.0	3.000	 1.0	 1.0
1	2018	269	22438.0	 23.0	 31.0	3.000	 2.0	 0.0
1	2018	270	21477.0	 23.0	 31.0	3.000	 2.0	 0.0
1	2018	271	20482.0	 23.0	 31.0	3.000	 2.0	 0.0
1	2018	272	23197.0	 23.0	 31.0	3.000	 1.0	 5.0
1	2018	273	18447.0	 23.0	 30.0	3.000	 1.0	 1.0
1	2018	274	18150.0	 23.0	 30.0	3.000	 2.0	 2.0
1	2018	275	20950.0	 23.0	 31.0	3.000	 2.0	 1.0
1	2018	276	19983.0	 23.0	 31.0	3.000	 2.0	 2.0
1	2018	277	18150.0	 24.0	 31.0	3.000	 2.0	 1.0
1	2018	278	14914.0	 23.0	 31.0	3.000	 1.0	 0.0
1	2018	279	13881.0	 23.0	 29.0	3.000	 2.0	10.0
1	2018	280	22038.0	 22.0	 32.0	3.000	 1.0	 1.0
1	2018	281	19525.0	 23.0	 32.0	3.000	 1.0	 3.0
1	2018	282	19835.0	 24.0	 32.0	3.000	 2.0	 0.0
1	2018	283	21997.0	 23.0	 32.0	3.000	 1.0	 2.0
1	2018	284	17176.0	 23.0	 31.0	3.000	 1.0	 8.0
1	2018	285	23357.0	 23.0	 32.0	3.000	 1.0	 1.0
1	2018	286	19318.0	 23.0	 30.0	3.000	 2.0	 0.0
1	2018	287	22022.0	 23.0	 31.0	3.000	 2.0	 2.0
1	2018	288	19270.0	 23.0	 31.0	3.000	 1.0	12.0
1	2018	289	21316.0	 23.0	 31.0	3.000	 1.0	 5.0
1	2018	290	20198.0	 23.0	 31.0	3.000	 2.0	 0.0
1	2018	291	23233.0	 24.0	 33.0	3.000	 2.0	 1.0
1	2018	292	23232.0	 24.0	 32.0	3.000	 2.0	 0.0
1	2018	293	23225.0	 24.0	 34.0	3.000	 1.0	 0.0
1	2018	294	22357.0	 21.0	 33.0	3.000	 2.0	 0.0
1	2018	295	24060.0	 23.0	 34.0	3.000	 1.0	 0.0
1	2018	296	22791.0	 23.0	 35.0	3.000	 1.0	 0.0
1	2018	297	23726.0	 24.0	 34.0	3.000	 2.0	 0.0
1	2018	298	21909.0	 24.0	 33.0	3.000	 3.0	 0.0
1	2018	299	22137.0	 24.0	 34.0	3.000	 2.0	 0.0
1	2018	300	22200.0	 25.0	 34.0	3.000	 1.0	 1.0
1	2018	301	20181.0	 24.0	 32.0	3.000	 1.0	 2.0
1	2018	302	14882.0	 23.0	 30.0	3.000	 1.0	14.0
1	2018	303	18140.0	 24.0	 32.0	3.000	 1.0	 1.0
1	2018	304	21251.0	 24.0	 34.0	3.000	 1.0	 0.0
1	2018	305	22424.0	 23.0	 35.0	3.000	 1.0	 0.0
1	2018	306	21441.0	 22.0	 33.0	3.000	 2.0	 0.0
1	2018	307	20150.0	 23.0	 32.0	3.000	 2.0	 0.0
1	2018	308	21309.0	 23.0	 33.0	3.000	 2.0	 0.0
1	2018	309	20029.0	 23.0	 34.0	3.000	 1.0	 0.0
1	2018	310	20965.0	 24.0	 35.0	3.000	 1.0	 0.0
1	2018	311	20461.0	 23.0	 34.0	3.000	 2.0	 0.0
1	2018	312	21771.0	 24.0	 35.0	2.000	 1.0	 0.0
1	2018	313	22223.0	 23.0	 36.0	2.000	 1.0	 0.0
1	2018	314	22565.0	 21.0	 35.0	2.000	 1.0	 0.0
1	2018	315	22401.0	 21.0	 35.0	2.000	 1.0	 0.0
1	2018	316	22952.0	 22.0	 36.0	2.000	 1.0	 0.0
1	2018	317	22964.0	 21.0	 36.0	2.000	 1.0	 0.0
1	2018	318	22878.0	 20.0	 36.0	2.000	 1.0	 0.0
1	2018	319	22332.0	 20.0	 35.0	2.000	 1.0	 0.0
1	2018	320	22278.0	 21.0	 35.0	2.000	 1.0	 0.0
1	2018	321	20767.0	 22.0	 35.0	2.000	 1.0	 0.0
1	2018	322	18667.0	 25.0	 34.0	3.000	 2.0	 0.0
1	2018	323	20195.0	 24.0	 35.0	2.000	 1.0	 0.0
1	2018	324	19261.0	 25.0	 36.0	2.000	 1.0	 0.0
1	2018	325	20990.0	 23.0	 37.0	2.000	 1.0	 0.0
1	2018	326	22180.0	 21.0	 35.0	2.000	 1.0	 0.0
1	2018	327	22406.0	 20.0	 36.0	1.000	 1.0	 0.0
1	2018	328	22181.0	 20.0	 36.0	1.000	 2.0	 0.0
1	2018	329	22014.0	 21.0	 36.0	1.000	 1.0	 0.0
1	2018	330	21974.0	 21.0	 36.0	1.000	 2.0	 0.0
1	2018	331	22183.0	 20.0	 35.0	1.000	 2.0	 0.0
1	2018	332	21569.0	 20.0	 35.0	1.000	 2.0	 0.0
1	2018	333	21511.0	 21.0	 36.0	1.000	 3.0	 0.0
1	2018	334	22040.0	 21.0	 36.0	1.000	 3.0	 0.0
1	2018	335	21739.0	 20.0	 35.0	1.000	 2.0	 0.0
1	2018	336	20365.0	 20.0	 35.0	1.000	 3.0	 0.0
1	2018	337	19407.0	 21.0	 34.0	1.000	 2.0	 0.0
1	2018	338	21043.0	 21.0	 36.0	1.000	 3.0	 0.0
1	2018	339	21044.0	 22.0	 35.0	1.000	 3.0	 0.0
1	2018	340	21180.0	 22.0	 35.0	1.000	 4.0	 0.0
1	2018	341	21095.0	 21.0	 34.0	1.000	 3.0	 0.0
1	2018	342	21555.0	 19.0	 35.0	1.000	 3.0	 0.0
1	2018	343	21304.0	 20.0	 34.0	1.000	 3.0	 0.0
1	2018	344	21088.0	 20.0	 34.0	1.000	 3.0	 0.0
1	2018	345	21024.0	 20.0	 34.0	1.000	 3.0	 0.0
1	2018	346	20187.0	 20.0	 34.0	1.000	 3.0	 0.0
1	2018	347	20792.0	 21.0	 35.0	1.000	 3.0	 0.0
1	2018	348	21068.0	 21.0	 35.0	1.000	 3.0	 0.0
1	2018	349	20955.0	 21.0	 36.0	1.000	 3.0	 0.0
1	2018	350	21011.0	 20.0	 35.0	1.000	 3.0	 0.0
1	2018	351	20963.0	 20.0	 35.0	1.000	 3.0	 0.0
1	2018	352	21058.0	 20.0	 35.0	1.000	 3.0	 0.0
1	2018	353	21080.0	 20.0	 35.0	1.000	 3.0	 0.0
1	2018	354	20937.0	 20.0	 35.0	1.000	 3.0	 0.0
1	2018	355	21019.0	 21.0	 34.0	1.000	 3.0	 0.0
1	2018	356	21102.0	 20.0	 33.0	1.000	 3.0	 0.0
1	2018	357	21272.0	 19.0	 33.0	1.000	 3.0	 0.0
1	2018	358	21309.0	 19.0	 33.0	1.000	 3.0	 0.0
1	2018	359	21383.0	 18.0	 33.0	1.000	 3.0	 0.0
1	2018	360	21148.0	 18.0	 32.0	1.000	 3.0	 0.0
1	2018	361	21172.0	 18.0	 34.0	1.000	 3.0	 0.0
1	2018	362	20772.0	 20.0	 35.0	1.000	 3.0	 0.0
1	2018	363	20389.0	 21.0	 35.0	1.000	 3.0	 0.0
1	2018	364	18759.0	 22.0	 35.0	1.000	 3.0	 0.0
1	2018	365	20515.0	 22.0	 35.0	1.000	 4.0	 0.0
