*---------------------------------------------------
* Station: -022611_106965
* Year: 2010
* Origin: ERA5-Reanalysis
* Columns & units
* ===================
* 1. station number
* 2. year
* 3. Day of Year
* 4. Irradiance   (kJ路m-2路d-1)
* 5. Daily minimum temperature (degC)
* 6. Daily maximum temperature (degC)
* 7. Vapour pressure (kPa)
* 8. Mean wind speed (m路s-1)
* 9. Precipitation (mm路d-1)
** WCCDESCRIPTION=-022611_106965
** WCCFORMAT=2
** WCCYEARNR=2010
*------------------------------------------------------------*
-0.23  10.70  203.00 -0.18  -0.55
1	2010	1	19961.0	 20.0	 34.0	1.000	 3.0	 0.0
1	2010	2	21214.0	 20.0	 35.0	1.000	 3.0	 0.0
1	2010	3	21747.0	 20.0	 34.0	1.000	 3.0	 0.0
1	2010	4	21949.0	 18.0	 34.0	1.000	 2.0	 0.0
1	2010	5	21819.0	 18.0	 34.0	1.000	 2.0	 0.0
1	2010	6	21570.0	 18.0	 35.0	1.000	 2.0	 0.0
1	2010	7	21418.0	 18.0	 36.0	1.000	 2.0	 0.0
1	2010	8	21560.0	 19.0	 36.0	1.000	 2.0	 0.0
1	2010	9	21689.0	 19.0	 35.0	1.000	 2.0	 0.0
1	2010	10	21742.0	 18.0	 35.0	1.000	 2.0	 0.0
1	2010	11	21556.0	 19.0	 36.0	1.000	 3.0	 0.0
1	2010	12	21867.0	 18.0	 36.0	1.000	 3.0	 0.0
1	2010	13	22093.0	 19.0	 37.0	1.000	 2.0	 0.0
1	2010	14	21818.0	 19.0	 36.0	1.000	 2.0	 0.0
1	2010	15	22043.0	 20.0	 37.0	1.000	 3.0	 0.0
1	2010	16	22457.0	 20.0	 36.0	1.000	 3.0	 0.0
1	2010	17	22445.0	 18.0	 36.0	1.000	 3.0	 0.0
1	2010	18	22414.0	 21.0	 35.0	1.000	 4.0	 0.0
1	2010	19	22507.0	 20.0	 34.0	1.000	 4.0	 0.0
1	2010	20	22633.0	 18.0	 34.0	1.000	 4.0	 0.0
1	2010	21	22189.0	 19.0	 35.0	1.000	 3.0	 0.0
1	2010	22	22049.0	 20.0	 35.0	1.000	 3.0	 0.0
1	2010	23	22097.0	 20.0	 36.0	1.000	 3.0	 0.0
1	2010	24	21368.0	 21.0	 36.0	1.000	 2.0	 0.0
1	2010	25	21484.0	 20.0	 37.0	1.000	 2.0	 0.0
1	2010	26	21730.0	 21.0	 37.0	1.000	 2.0	 0.0
1	2010	27	21989.0	 20.0	 37.0	1.000	 2.0	 0.0
1	2010	28	22070.0	 21.0	 37.0	1.000	 1.0	 0.0
1	2010	29	22513.0	 20.0	 38.0	1.000	 3.0	 0.0
1	2010	30	22733.0	 21.0	 38.0	1.000	 4.0	 0.0
1	2010	31	22667.0	 22.0	 38.0	1.000	 4.0	 0.0
1	2010	32	22773.0	 21.0	 36.0	1.000	 3.0	 0.0
1	2010	33	22833.0	 22.0	 37.0	1.000	 3.0	 0.0
1	2010	34	23104.0	 21.0	 38.0	1.000	 3.0	 0.0
1	2010	35	23210.0	 21.0	 37.0	1.000	 3.0	 0.0
1	2010	36	23372.0	 23.0	 38.0	1.000	 4.0	 0.0
1	2010	37	23461.0	 23.0	 36.0	1.000	 4.0	 0.0
1	2010	38	23624.0	 21.0	 35.0	1.000	 3.0	 0.0
1	2010	39	23750.0	 20.0	 36.0	1.000	 3.0	 0.0
1	2010	40	23770.0	 20.0	 36.0	1.000	 2.0	 0.0
1	2010	41	23493.0	 19.0	 37.0	1.000	 1.0	 0.0
1	2010	42	22581.0	 20.0	 37.0	1.000	 1.0	 0.0
1	2010	43	21266.0	 23.0	 37.0	2.000	 2.0	 0.0
1	2010	44	17484.0	 24.0	 35.0	2.000	 2.0	 0.0
1	2010	45	21039.0	 25.0	 38.0	2.000	 1.0	 1.0
1	2010	46	20003.0	 26.0	 38.0	2.000	 2.0	 0.0
1	2010	47	19134.0	 27.0	 38.0	2.000	 2.0	 2.0
1	2010	48	21664.0	 26.0	 39.0	2.000	 1.0	 0.0
1	2010	49	21297.0	 28.0	 39.0	2.000	 2.0	 0.0
1	2010	50	22536.0	 27.0	 40.0	2.000	 2.0	 0.0
1	2010	51	21121.0	 28.0	 40.0	2.000	 2.0	 0.0
1	2010	52	21938.0	 28.0	 41.0	2.000	 1.0	 0.0
1	2010	53	23705.0	 24.0	 41.0	1.000	 1.0	 0.0
1	2010	54	22743.0	 25.0	 40.0	2.000	 1.0	 0.0
1	2010	55	23747.0	 24.0	 41.0	1.000	 0.0	 0.0
1	2010	56	24323.0	 23.0	 40.0	1.000	 1.0	 0.0
1	2010	57	23024.0	 24.0	 40.0	2.000	 2.0	 0.0
1	2010	58	23646.0	 27.0	 40.0	2.000	 1.0	 0.0
1	2010	59	24855.0	 24.0	 40.0	1.000	 1.0	 0.0
1	2010	60	22866.0	 23.0	 39.0	1.000	 1.0	 0.0
1	2010	61	22698.0	 24.0	 39.0	2.000	 1.0	 0.0
1	2010	62	25276.0	 24.0	 40.0	1.000	 2.0	 0.0
1	2010	63	25470.0	 24.0	 40.0	1.000	 3.0	 0.0
1	2010	64	25326.0	 24.0	 40.0	1.000	 2.0	 0.0
1	2010	65	23979.0	 23.0	 39.0	2.000	 2.0	 0.0
1	2010	66	21250.0	 28.0	 39.0	2.000	 2.0	 0.0
1	2010	67	21724.0	 28.0	 39.0	2.000	 2.0	 0.0
1	2010	68	21049.0	 29.0	 39.0	2.000	 2.0	 0.0
1	2010	69	22119.0	 27.0	 38.0	3.000	 3.0	 3.0
1	2010	70	21759.0	 27.0	 39.0	3.000	 2.0	 1.0
1	2010	71	21548.0	 27.0	 39.0	2.000	 1.0	 0.0
1	2010	72	22109.0	 28.0	 40.0	2.000	 2.0	 0.0
1	2010	73	23006.0	 28.0	 40.0	2.000	 3.0	 0.0
1	2010	74	21571.0	 27.0	 40.0	2.000	 3.0	 0.0
1	2010	75	20027.0	 28.0	 37.0	3.000	 4.0	 0.0
1	2010	76	20970.0	 28.0	 39.0	2.000	 2.0	 0.0
1	2010	77	22912.0	 27.0	 39.0	2.000	 2.0	 0.0
1	2010	78	22655.0	 26.0	 39.0	2.000	 2.0	 0.0
1	2010	79	25210.0	 26.0	 39.0	1.000	 3.0	 0.0
1	2010	80	26529.0	 25.0	 39.0	1.000	 3.0	 0.0
1	2010	81	26600.0	 24.0	 39.0	1.000	 3.0	 0.0
1	2010	82	26981.0	 24.0	 39.0	1.000	 3.0	 0.0
1	2010	83	27321.0	 24.0	 39.0	1.000	 3.0	 0.0
1	2010	84	27464.0	 23.0	 39.0	1.000	 3.0	 0.0
1	2010	85	27545.0	 22.0	 40.0	0.000	 3.0	 0.0
1	2010	86	27535.0	 24.0	 40.0	1.000	 3.0	 0.0
1	2010	87	27258.0	 23.0	 40.0	1.000	 2.0	 0.0
1	2010	88	27478.0	 24.0	 40.0	1.000	 2.0	 0.0
1	2010	89	27428.0	 23.0	 40.0	1.000	 3.0	 0.0
1	2010	90	26759.0	 22.0	 40.0	1.000	 1.0	 0.0
1	2010	91	26751.0	 23.0	 41.0	1.000	 1.0	 0.0
1	2010	92	27129.0	 24.0	 41.0	1.000	 2.0	 0.0
1	2010	93	24001.0	 23.0	 40.0	2.000	 1.0	 0.0
1	2010	94	23396.0	 29.0	 39.0	2.000	 2.0	 0.0
1	2010	95	21564.0	 29.0	 40.0	2.000	 2.0	 1.0
1	2010	96	18993.0	 27.0	 38.0	2.000	 2.0	 0.0
1	2010	97	23946.0	 26.0	 40.0	2.000	 2.0	 0.0
1	2010	98	25152.0	 27.0	 40.0	2.000	 2.0	 0.0
1	2010	99	24410.0	 28.0	 40.0	2.000	 2.0	 0.0
1	2010	100	24612.0	 28.0	 39.0	2.000	 2.0	 0.0
1	2010	101	25652.0	 29.0	 40.0	2.000	 3.0	 0.0
1	2010	102	23704.0	 29.0	 40.0	2.000	 3.0	 0.0
1	2010	103	24437.0	 30.0	 40.0	3.000	 3.0	 1.0
1	2010	104	21053.0	 27.0	 38.0	3.000	 3.0	 1.0
1	2010	105	23787.0	 28.0	 39.0	3.000	 2.0	 0.0
1	2010	106	21607.0	 27.0	 38.0	3.000	 3.0	 0.0
1	2010	107	24641.0	 27.0	 37.0	3.000	 3.0	 0.0
1	2010	108	25549.0	 27.0	 40.0	3.000	 2.0	 0.0
1	2010	109	25006.0	 29.0	 40.0	3.000	 2.0	 0.0
1	2010	110	24916.0	 27.0	 40.0	3.000	 3.0	 0.0
1	2010	111	21623.0	 27.0	 39.0	3.000	 4.0	 0.0
1	2010	112	25659.0	 27.0	 40.0	3.000	 3.0	 8.0
1	2010	113	21285.0	 24.0	 35.0	3.000	 3.0	 0.0
1	2010	114	23742.0	 27.0	 37.0	3.000	 2.0	 1.0
1	2010	115	19767.0	 26.0	 35.0	3.000	 3.0	 0.0
1	2010	116	22953.0	 27.0	 37.0	3.000	 2.0	 8.0
1	2010	117	12070.0	 25.0	 30.0	3.000	 1.0	12.0
1	2010	118	22240.0	 25.0	 34.0	3.000	 2.0	 0.0
1	2010	119	25498.0	 26.0	 36.0	3.000	 2.0	 0.0
1	2010	120	24580.0	 27.0	 36.0	3.000	 3.0	 0.0
1	2010	121	24616.0	 26.0	 37.0	3.000	 2.0	 1.0
1	2010	122	20660.0	 26.0	 35.0	3.000	 3.0	 2.0
1	2010	123	20096.0	 25.0	 34.0	3.000	 3.0	 1.0
1	2010	124	22683.0	 26.0	 35.0	3.000	 3.0	 0.0
1	2010	125	22839.0	 27.0	 36.0	3.000	 3.0	 0.0
1	2010	126	21823.0	 26.0	 36.0	3.000	 3.0	 0.0
1	2010	127	19314.0	 26.0	 35.0	3.000	 2.0	 7.0
1	2010	128	23610.0	 25.0	 35.0	3.000	 2.0	 1.0
1	2010	129	25031.0	 26.0	 37.0	3.000	 2.0	 2.0
1	2010	130	25345.0	 27.0	 37.0	3.000	 3.0	 0.0
1	2010	131	22822.0	 27.0	 36.0	3.000	 3.0	 0.0
1	2010	132	23360.0	 27.0	 37.0	3.000	 2.0	 0.0
1	2010	133	24748.0	 27.0	 37.0	3.000	 3.0	 0.0
1	2010	134	22150.0	 27.0	 37.0	3.000	 4.0	 0.0
1	2010	135	22913.0	 27.0	 37.0	3.000	 3.0	 0.0
1	2010	136	23360.0	 27.0	 36.0	3.000	 3.0	 1.0
1	2010	137	23490.0	 28.0	 37.0	3.000	 3.0	 0.0
1	2010	138	23449.0	 27.0	 37.0	3.000	 3.0	 0.0
1	2010	139	23266.0	 28.0	 37.0	3.000	 3.0	 3.0
1	2010	140	16143.0	 26.0	 35.0	3.000	 3.0	 5.0
1	2010	141	12039.0	 25.0	 32.0	3.000	 1.0	 4.0
1	2010	142	20137.0	 25.0	 34.0	3.000	 2.0	 0.0
1	2010	143	23974.0	 26.0	 36.0	3.000	 2.0	 0.0
1	2010	144	17365.0	 26.0	 34.0	3.000	 3.0	 0.0
1	2010	145	23143.0	 26.0	 36.0	3.000	 2.0	 1.0
1	2010	146	22285.0	 26.0	 36.0	3.000	 4.0	 0.0
1	2010	147	15614.0	 27.0	 34.0	3.000	 4.0	 1.0
1	2010	148	22581.0	 26.0	 35.0	3.000	 3.0	 1.0
1	2010	149	18694.0	 27.0	 33.0	3.000	 2.0	 3.0
1	2010	150	22081.0	 25.0	 35.0	3.000	 2.0	 0.0
1	2010	151	20733.0	 26.0	 36.0	3.000	 3.0	 7.0
1	2010	152	17131.0	 25.0	 32.0	3.000	 3.0	 1.0
1	2010	153	16053.0	 25.0	 31.0	3.000	 2.0	 2.0
1	2010	154	20435.0	 24.0	 33.0	3.000	 2.0	 1.0
1	2010	155	6604.0	 23.0	 27.0	3.000	 1.0	40.0
1	2010	156	17364.0	 24.0	 31.0	3.000	 2.0	 1.0
1	2010	157	21323.0	 24.0	 32.0	3.000	 2.0	 1.0
1	2010	158	20033.0	 25.0	 32.0	3.000	 3.0	 0.0
1	2010	159	19137.0	 24.0	 32.0	3.000	 3.0	 1.0
1	2010	160	19850.0	 24.0	 32.0	3.000	 3.0	 1.0
1	2010	161	13099.0	 23.0	 30.0	3.000	 2.0	 7.0
1	2010	162	17894.0	 23.0	 32.0	3.000	 1.0	 0.0
1	2010	163	22249.0	 25.0	 33.0	3.000	 2.0	 0.0
1	2010	164	20867.0	 25.0	 34.0	3.000	 4.0	 0.0
1	2010	165	15609.0	 25.0	 32.0	3.000	 3.0	 0.0
1	2010	166	18998.0	 24.0	 33.0	3.000	 2.0	 7.0
1	2010	167	22642.0	 24.0	 33.0	3.000	 3.0	 2.0
1	2010	168	15556.0	 24.0	 31.0	3.000	 3.0	 1.0
1	2010	169	21906.0	 25.0	 33.0	3.000	 2.0	 1.0
1	2010	170	23947.0	 25.0	 34.0	3.000	 2.0	 0.0
1	2010	171	16890.0	 26.0	 33.0	3.000	 3.0	 1.0
1	2010	172	19797.0	 24.0	 32.0	3.000	 3.0	 2.0
1	2010	173	19771.0	 25.0	 33.0	3.000	 1.0	 1.0
1	2010	174	21392.0	 26.0	 34.0	3.000	 1.0	11.0
1	2010	175	16582.0	 24.0	 32.0	3.000	 4.0	 6.0
1	2010	176	12926.0	 24.0	 30.0	3.000	 4.0	 0.0
1	2010	177	8380.0	 24.0	 27.0	3.000	 3.0	 6.0
1	2010	178	16065.0	 23.0	 30.0	3.000	 2.0	 1.0
1	2010	179	23113.0	 23.0	 32.0	3.000	 1.0	 0.0
1	2010	180	20450.0	 24.0	 33.0	3.000	 2.0	 0.0
1	2010	181	19193.0	 24.0	 33.0	3.000	 3.0	 0.0
1	2010	182	22422.0	 25.0	 33.0	3.000	 3.0	 0.0
1	2010	183	19193.0	 23.0	 31.0	3.000	 3.0	 5.0
1	2010	184	21372.0	 24.0	 32.0	3.000	 2.0	 1.0
1	2010	185	23151.0	 24.0	 32.0	3.000	 2.0	 1.0
1	2010	186	21914.0	 25.0	 33.0	3.000	 3.0	 1.0
1	2010	187	18784.0	 25.0	 32.0	3.000	 3.0	 0.0
1	2010	188	20148.0	 24.0	 32.0	3.000	 3.0	 1.0
1	2010	189	18937.0	 24.0	 33.0	3.000	 2.0	 0.0
1	2010	190	23025.0	 24.0	 33.0	3.000	 2.0	 4.0
1	2010	191	18251.0	 23.0	 31.0	3.000	 3.0	 6.0
1	2010	192	5992.0	 23.0	 26.0	3.000	 2.0	26.0
1	2010	193	14698.0	 22.0	 29.0	3.000	 2.0	 2.0
1	2010	194	20872.0	 23.0	 31.0	3.000	 2.0	 0.0
1	2010	195	20342.0	 24.0	 31.0	3.000	 3.0	 0.0
1	2010	196	13633.0	 24.0	 30.0	3.000	 4.0	 1.0
1	2010	197	8835.0	 23.0	 29.0	3.000	 3.0	 4.0
1	2010	198	15020.0	 23.0	 28.0	3.000	 3.0	10.0
1	2010	199	19345.0	 22.0	 30.0	3.000	 2.0	 7.0
1	2010	200	20598.0	 23.0	 30.0	3.000	 3.0	 1.0
1	2010	201	17084.0	 24.0	 30.0	3.000	 4.0	 3.0
1	2010	202	15195.0	 24.0	 28.0	3.000	 4.0	 1.0
1	2010	203	13797.0	 23.0	 28.0	3.000	 3.0	10.0
1	2010	204	3803.0	 22.0	 23.0	3.000	 3.0	60.0
1	2010	205	9083.0	 22.0	 26.0	3.000	 3.0	 3.0
1	2010	206	16765.0	 22.0	 28.0	3.000	 3.0	 0.0
1	2010	207	24646.0	 22.0	 31.0	3.000	 2.0	 3.0
1	2010	208	16832.0	 23.0	 29.0	3.000	 3.0	 2.0
1	2010	209	15388.0	 23.0	 28.0	3.000	 2.0	 8.0
1	2010	210	22812.0	 22.0	 30.0	3.000	 2.0	 2.0
1	2010	211	13004.0	 22.0	 28.0	3.000	 2.0	 8.0
1	2010	212	9693.0	 22.0	 27.0	3.000	 2.0	 3.0
1	2010	213	20388.0	 22.0	 29.0	3.000	 2.0	 2.0
1	2010	214	15553.0	 23.0	 29.0	3.000	 1.0	11.0
1	2010	215	20342.0	 23.0	 30.0	3.000	 2.0	 4.0
1	2010	216	17706.0	 23.0	 29.0	3.000	 3.0	 2.0
1	2010	217	19451.0	 23.0	 30.0	3.000	 2.0	 1.0
1	2010	218	20859.0	 23.0	 30.0	3.000	 2.0	 2.0
1	2010	219	21668.0	 23.0	 31.0	3.000	 2.0	 6.0
1	2010	220	14480.0	 23.0	 29.0	3.000	 3.0	27.0
1	2010	221	17021.0	 22.0	 29.0	3.000	 3.0	 4.0
1	2010	222	18697.0	 23.0	 30.0	3.000	 3.0	 0.0
1	2010	223	7414.0	 23.0	 26.0	3.000	 4.0	 9.0
1	2010	224	3867.0	 22.0	 25.0	3.000	 3.0	23.0
1	2010	225	17227.0	 23.0	 29.0	3.000	 2.0	 6.0
1	2010	226	14138.0	 22.0	 29.0	3.000	 1.0	10.0
1	2010	227	21026.0	 23.0	 30.0	3.000	 1.0	 3.0
1	2010	228	22233.0	 22.0	 31.0	3.000	 1.0	 2.0
1	2010	229	15143.0	 22.0	 29.0	3.000	 3.0	 4.0
1	2010	230	15445.0	 23.0	 28.0	3.000	 3.0	 7.0
1	2010	231	17466.0	 22.0	 29.0	3.000	 2.0	 1.0
1	2010	232	18985.0	 23.0	 30.0	3.000	 2.0	24.0
1	2010	233	11698.0	 22.0	 29.0	3.000	 1.0	 2.0
1	2010	234	19255.0	 23.0	 29.0	3.000	 2.0	 2.0
1	2010	235	16570.0	 23.0	 28.0	3.000	 2.0	 2.0
1	2010	236	20384.0	 23.0	 30.0	3.000	 2.0	 5.0
1	2010	237	17069.0	 22.0	 29.0	3.000	 2.0	 0.0
1	2010	238	18876.0	 23.0	 30.0	3.000	 2.0	 7.0
1	2010	239	20212.0	 23.0	 30.0	3.000	 2.0	 5.0
1	2010	240	16985.0	 23.0	 29.0	3.000	 2.0	 9.0
1	2010	241	19387.0	 23.0	 30.0	3.000	 2.0	 2.0
1	2010	242	16877.0	 23.0	 29.0	3.000	 2.0	 7.0
1	2010	243	7623.0	 23.0	 26.0	3.000	 2.0	14.0
1	2010	244	8773.0	 23.0	 27.0	3.000	 3.0	 6.0
1	2010	245	17781.0	 22.0	 29.0	3.000	 2.0	 3.0
1	2010	246	18462.0	 22.0	 30.0	3.000	 1.0	14.0
1	2010	247	17296.0	 22.0	 29.0	3.000	 1.0	 1.0
1	2010	248	16984.0	 23.0	 29.0	3.000	 2.0	14.0
1	2010	249	7909.0	 22.0	 27.0	3.000	 3.0	23.0
1	2010	250	16282.0	 21.0	 29.0	3.000	 2.0	 1.0
1	2010	251	11459.0	 23.0	 27.0	3.000	 1.0	23.0
1	2010	252	13574.0	 22.0	 27.0	3.000	 3.0	 1.0
1	2010	253	18150.0	 22.0	 29.0	3.000	 2.0	 3.0
1	2010	254	17343.0	 22.0	 29.0	3.000	 1.0	 1.0
1	2010	255	15624.0	 22.0	 28.0	3.000	 1.0	16.0
1	2010	256	13362.0	 22.0	 29.0	3.000	 2.0	 1.0
1	2010	257	16699.0	 22.0	 29.0	3.000	 1.0	 2.0
1	2010	258	12691.0	 22.0	 28.0	3.000	 2.0	 3.0
1	2010	259	19153.0	 23.0	 30.0	3.000	 2.0	 1.0
1	2010	260	15463.0	 22.0	 28.0	3.000	 1.0	 4.0
1	2010	261	12058.0	 22.0	 27.0	3.000	 2.0	 4.0
1	2010	262	18464.0	 22.0	 29.0	3.000	 2.0	 1.0
1	2010	263	16268.0	 22.0	 29.0	3.000	 1.0	 6.0
1	2010	264	19835.0	 22.0	 30.0	3.000	 2.0	 1.0
1	2010	265	20067.0	 23.0	 30.0	3.000	 2.0	 3.0
1	2010	266	17286.0	 23.0	 30.0	3.000	 1.0	 0.0
1	2010	267	15349.0	 23.0	 29.0	3.000	 2.0	 1.0
1	2010	268	14509.0	 22.0	 29.0	3.000	 2.0	 0.0
1	2010	269	22645.0	 22.0	 31.0	3.000	 2.0	 0.0
1	2010	270	23449.0	 23.0	 31.0	3.000	 2.0	 3.0
1	2010	271	11965.0	 23.0	 28.0	3.000	 1.0	17.0
1	2010	272	20126.0	 22.0	 30.0	3.000	 1.0	 2.0
1	2010	273	23069.0	 23.0	 31.0	3.000	 2.0	 2.0
1	2010	274	20697.0	 23.0	 32.0	3.000	 2.0	 4.0
1	2010	275	15886.0	 23.0	 30.0	3.000	 2.0	 1.0
1	2010	276	18435.0	 23.0	 30.0	3.000	 1.0	 2.0
1	2010	277	17537.0	 23.0	 30.0	3.000	 2.0	 5.0
1	2010	278	15918.0	 23.0	 29.0	3.000	 2.0	 3.0
1	2010	279	20524.0	 22.0	 30.0	3.000	 1.0	 5.0
1	2010	280	8583.0	 22.0	 26.0	3.000	 1.0	 8.0
1	2010	281	16748.0	 22.0	 30.0	3.000	 2.0	 1.0
1	2010	282	20633.0	 23.0	 31.0	3.000	 2.0	 1.0
1	2010	283	23895.0	 24.0	 33.0	3.000	 1.0	 2.0
1	2010	284	13489.0	 23.0	 30.0	3.000	 3.0	 0.0
1	2010	285	16689.0	 22.0	 30.0	3.000	 1.0	10.0
1	2010	286	18225.0	 22.0	 30.0	3.000	 1.0	 6.0
1	2010	287	18929.0	 23.0	 30.0	3.000	 1.0	 3.0
1	2010	288	19999.0	 23.0	 31.0	3.000	 1.0	 1.0
1	2010	289	21575.0	 23.0	 32.0	3.000	 2.0	 1.0
1	2010	290	20616.0	 24.0	 33.0	3.000	 2.0	 0.0
1	2010	291	16239.0	 23.0	 30.0	3.000	 2.0	 1.0
1	2010	292	17440.0	 23.0	 31.0	3.000	 2.0	 0.0
1	2010	293	16150.0	 23.0	 30.0	3.000	 2.0	 1.0
1	2010	294	17962.0	 22.0	 30.0	3.000	 2.0	 1.0
1	2010	295	21566.0	 23.0	 32.0	3.000	 1.0	 2.0
1	2010	296	22763.0	 23.0	 32.0	3.000	 2.0	 0.0
1	2010	297	21056.0	 24.0	 32.0	3.000	 2.0	 8.0
1	2010	298	18777.0	 23.0	 30.0	3.000	 2.0	11.0
1	2010	299	20556.0	 22.0	 30.0	3.000	 2.0	 2.0
1	2010	300	20386.0	 23.0	 31.0	3.000	 1.0	 1.0
1	2010	301	19509.0	 23.0	 31.0	3.000	 2.0	 1.0
1	2010	302	21211.0	 24.0	 32.0	3.000	 1.0	 6.0
1	2010	303	22482.0	 22.0	 33.0	3.000	 1.0	 0.0
1	2010	304	21485.0	 23.0	 33.0	3.000	 2.0	 0.0
1	2010	305	21491.0	 24.0	 33.0	3.000	 2.0	 0.0
1	2010	306	21167.0	 23.0	 34.0	3.000	 1.0	 0.0
1	2010	307	22102.0	 23.0	 35.0	3.000	 1.0	 0.0
1	2010	308	20868.0	 23.0	 34.0	3.000	 1.0	 0.0
1	2010	309	21752.0	 24.0	 34.0	3.000	 2.0	 0.0
1	2010	310	17375.0	 24.0	 33.0	3.000	 2.0	 2.0
1	2010	311	14941.0	 25.0	 32.0	3.000	 2.0	 0.0
1	2010	312	18863.0	 23.0	 32.0	3.000	 2.0	 2.0
1	2010	313	22441.0	 23.0	 36.0	2.000	 0.0	 0.0
1	2010	314	21711.0	 23.0	 36.0	2.000	 2.0	 0.0
1	2010	315	21393.0	 24.0	 36.0	2.000	 1.0	 0.0
1	2010	316	22298.0	 23.0	 37.0	2.000	 1.0	 0.0
1	2010	317	21308.0	 22.0	 36.0	2.000	 2.0	 0.0
1	2010	318	20271.0	 24.0	 34.0	3.000	 2.0	 0.0
1	2010	319	20091.0	 24.0	 35.0	2.000	 2.0	 0.0
1	2010	320	21746.0	 23.0	 37.0	2.000	 0.0	 0.0
1	2010	321	19880.0	 23.0	 36.0	2.000	 2.0	 0.0
1	2010	322	20276.0	 23.0	 36.0	2.000	 2.0	 0.0
1	2010	323	20041.0	 23.0	 36.0	2.000	 2.0	 0.0
1	2010	324	20238.0	 23.0	 36.0	2.000	 0.0	 0.0
1	2010	325	19079.0	 23.0	 36.0	2.000	 1.0	 0.0
1	2010	326	21449.0	 22.0	 36.0	2.000	 2.0	 0.0
1	2010	327	19190.0	 21.0	 35.0	1.000	 1.0	 0.0
1	2010	328	22236.0	 20.0	 35.0	1.000	 2.0	 0.0
1	2010	329	22011.0	 21.0	 36.0	1.000	 2.0	 0.0
1	2010	330	22006.0	 20.0	 36.0	1.000	 2.0	 0.0
1	2010	331	21514.0	 20.0	 35.0	1.000	 1.0	 0.0
1	2010	332	20819.0	 21.0	 35.0	2.000	 1.0	 0.0
1	2010	333	21678.0	 21.0	 36.0	1.000	 2.0	 0.0
1	2010	334	22110.0	 20.0	 35.0	1.000	 2.0	 0.0
1	2010	335	22177.0	 18.0	 35.0	1.000	 2.0	 0.0
1	2010	336	21919.0	 18.0	 35.0	1.000	 1.0	 0.0
1	2010	337	21561.0	 18.0	 35.0	1.000	 1.0	 0.0
1	2010	338	21331.0	 20.0	 35.0	1.000	 1.0	 0.0
1	2010	339	21264.0	 21.0	 36.0	1.000	 2.0	 0.0
1	2010	340	20427.0	 20.0	 34.0	1.000	 2.0	 0.0
1	2010	341	20951.0	 19.0	 34.0	1.000	 2.0	 0.0
1	2010	342	21549.0	 19.0	 34.0	1.000	 3.0	 0.0
1	2010	343	22011.0	 19.0	 33.0	1.000	 3.0	 0.0
1	2010	344	21903.0	 18.0	 33.0	1.000	 3.0	 0.0
1	2010	345	21755.0	 17.0	 33.0	1.000	 3.0	 0.0
1	2010	346	21777.0	 15.0	 33.0	1.000	 2.0	 0.0
1	2010	347	21274.0	 17.0	 34.0	1.000	 2.0	 0.0
1	2010	348	20996.0	 19.0	 34.0	1.000	 2.0	 0.0
1	2010	349	20879.0	 19.0	 35.0	1.000	 3.0	 0.0
1	2010	350	20987.0	 19.0	 35.0	1.000	 2.0	 0.0
1	2010	351	20686.0	 21.0	 36.0	1.000	 3.0	 0.0
1	2010	352	20798.0	 21.0	 36.0	1.000	 3.0	 0.0
1	2010	353	20195.0	 21.0	 35.0	1.000	 2.0	 0.0
1	2010	354	20775.0	 21.0	 36.0	1.000	 2.0	 0.0
1	2010	355	21241.0	 21.0	 35.0	1.000	 3.0	 0.0
1	2010	356	21533.0	 17.0	 34.0	1.000	 2.0	 0.0
1	2010	357	21155.0	 17.0	 34.0	1.000	 1.0	 0.0
1	2010	358	21462.0	 18.0	 35.0	1.000	 2.0	 0.0
1	2010	359	21572.0	 18.0	 34.0	1.000	 2.0	 0.0
1	2010	360	21229.0	 17.0	 34.0	1.000	 1.0	 0.0
1	2010	361	20973.0	 18.0	 35.0	1.000	 2.0	 0.0
1	2010	362	20619.0	 19.0	 35.0	1.000	 3.0	 0.0
1	2010	363	20926.0	 19.0	 33.0	1.000	 3.0	 0.0
1	2010	364	21050.0	 20.0	 32.0	1.000	 4.0	 0.0
1	2010	365	21223.0	 18.0	 32.0	1.000	 4.0	 0.0
