*---------------------------------------------------
* Station: -022611_106965
* Year: 2012
* Origin: ERA5-Reanalysis
* Columns & units
* ===================
* 1. station number
* 2. year
* 3. Day of Year
* 4. Irradiance   (kJ路m-2路d-1)
* 5. Daily minimum temperature (degC)
* 6. Daily maximum temperature (degC)
* 7. Vapour pressure (kPa)
* 8. Mean wind speed (m路s-1)
* 9. Precipitation (mm路d-1)
** WCCDESCRIPTION=-022611_106965
** WCCFORMAT=2
** WCCYEARNR=2012
*------------------------------------------------------------*
-0.23  10.70  203.00 -0.18  -0.55
1	2012	1	21054.0	 19.0	 35.0	1.000	 3.0	 0.0
1	2012	2	21230.0	 21.0	 35.0	1.000	 3.0	 0.0
1	2012	3	21302.0	 21.0	 34.0	1.000	 4.0	 0.0
1	2012	4	21430.0	 20.0	 34.0	1.000	 4.0	 0.0
1	2012	5	21347.0	 20.0	 33.0	1.000	 3.0	 0.0
1	2012	6	21365.0	 20.0	 33.0	1.000	 3.0	 0.0
1	2012	7	21514.0	 19.0	 32.0	1.000	 3.0	 0.0
1	2012	8	21791.0	 17.0	 33.0	1.000	 3.0	 0.0
1	2012	9	21713.0	 18.0	 34.0	1.000	 3.0	 0.0
1	2012	10	21727.0	 19.0	 34.0	1.000	 3.0	 0.0
1	2012	11	21759.0	 19.0	 34.0	1.000	 4.0	 0.0
1	2012	12	21955.0	 19.0	 33.0	1.000	 4.0	 0.0
1	2012	13	22046.0	 19.0	 33.0	1.000	 4.0	 0.0
1	2012	14	22266.0	 18.0	 32.0	0.500	 4.0	 0.0
1	2012	15	22274.0	 17.0	 31.0	1.000	 3.0	 0.0
1	2012	16	22343.0	 17.0	 32.0	1.000	 3.0	 0.0
1	2012	17	22365.0	 15.0	 33.0	1.000	 2.0	 0.0
1	2012	18	22209.0	 16.0	 34.0	1.000	 1.0	 0.0
1	2012	19	21992.0	 16.0	 34.0	1.000	 1.0	 0.0
1	2012	20	21379.0	 18.0	 35.0	1.000	 1.0	 0.0
1	2012	21	19861.0	 21.0	 33.0	1.000	 3.0	 0.0
1	2012	22	16456.0	 21.0	 32.0	1.000	 3.0	 0.0
1	2012	23	20698.0	 22.0	 35.0	1.000	 3.0	 0.0
1	2012	24	21757.0	 21.0	 36.0	1.000	 3.0	 0.0
1	2012	25	21920.0	 21.0	 37.0	1.000	 3.0	 0.0
1	2012	26	22147.0	 20.0	 37.0	1.000	 2.0	 0.0
1	2012	27	22042.0	 20.0	 36.0	1.000	 2.0	 0.0
1	2012	28	21135.0	 21.0	 37.0	1.000	 3.0	 0.0
1	2012	29	21884.0	 21.0	 37.0	1.000	 2.0	 0.0
1	2012	30	22323.0	 21.0	 37.0	1.000	 3.0	 0.0
1	2012	31	21929.0	 23.0	 37.0	1.000	 3.0	 0.0
1	2012	32	22632.0	 21.0	 36.0	1.000	 3.0	 0.0
1	2012	33	22777.0	 20.0	 37.0	1.000	 2.0	 0.0
1	2012	34	22572.0	 22.0	 37.0	1.000	 3.0	 0.0
1	2012	35	22191.0	 21.0	 36.0	1.000	 1.0	 0.0
1	2012	36	22638.0	 22.0	 38.0	1.000	 3.0	 0.0
1	2012	37	21749.0	 24.0	 34.0	0.500	 5.0	 0.0
1	2012	38	23015.0	 19.0	 33.0	0.500	 3.0	 0.0
1	2012	39	23085.0	 20.0	 34.0	0.500	 3.0	 0.0
1	2012	40	23107.0	 20.0	 35.0	1.000	 3.0	 0.0
1	2012	41	22648.0	 21.0	 36.0	1.000	 2.0	 0.0
1	2012	42	22912.0	 23.0	 37.0	1.000	 3.0	 0.0
1	2012	43	22501.0	 23.0	 37.0	1.000	 3.0	 0.0
1	2012	44	23347.0	 23.0	 37.0	1.000	 3.0	 0.0
1	2012	45	23528.0	 20.0	 38.0	1.000	 2.0	 0.0
1	2012	46	23148.0	 21.0	 38.0	1.000	 3.0	 0.0
1	2012	47	23390.0	 21.0	 38.0	1.000	 3.0	 0.0
1	2012	48	23281.0	 22.0	 37.0	1.000	 2.0	 0.0
1	2012	49	20857.0	 23.0	 37.0	2.000	 1.0	 0.0
1	2012	50	21208.0	 26.0	 37.0	2.000	 3.0	 1.0
1	2012	51	19731.0	 24.0	 35.0	2.000	 2.0	 7.0
1	2012	52	11349.0	 23.0	 30.0	2.000	 2.0	10.0
1	2012	53	21352.0	 24.0	 34.0	2.000	 1.0	 0.0
1	2012	54	23241.0	 22.0	 35.0	1.000	 1.0	 0.0
1	2012	55	23965.0	 21.0	 37.0	1.000	 1.0	 0.0
1	2012	56	24597.0	 21.0	 39.0	1.000	 2.0	 0.0
1	2012	57	24626.0	 22.0	 39.0	1.000	 3.0	 0.0
1	2012	58	21762.0	 23.0	 38.0	2.000	 1.0	 0.0
1	2012	59	23044.0	 24.0	 39.0	1.000	 1.0	 0.0
1	2012	60	22690.0	 24.0	 39.0	2.000	 1.0	 0.0
1	2012	61	21689.0	 26.0	 38.0	2.000	 1.0	 0.0
1	2012	62	21851.0	 26.0	 38.0	2.000	 1.0	 0.0
1	2012	63	22578.0	 25.0	 39.0	2.000	 1.0	 0.0
1	2012	64	21603.0	 25.0	 38.0	2.000	 2.0	 0.0
1	2012	65	22660.0	 25.0	 38.0	2.000	 2.0	 0.0
1	2012	66	21757.0	 27.0	 38.0	2.000	 1.0	 0.0
1	2012	67	24253.0	 25.0	 39.0	1.000	 0.0	 0.0
1	2012	68	24705.0	 24.0	 39.0	2.000	 1.0	 0.0
1	2012	69	23731.0	 27.0	 38.0	1.000	 0.0	 0.0
1	2012	70	19096.0	 24.0	 35.0	0.500	 3.0	 0.0
1	2012	71	25674.0	 23.0	 36.0	0.500	 4.0	 0.0
1	2012	72	25865.0	 22.0	 37.0	1.000	 3.0	 0.0
1	2012	73	25752.0	 22.0	 38.0	1.000	 3.0	 0.0
1	2012	74	25924.0	 23.0	 40.0	1.000	 3.0	 0.0
1	2012	75	26161.0	 25.0	 40.0	1.000	 3.0	 0.0
1	2012	76	26083.0	 23.0	 40.0	1.000	 3.0	 0.0
1	2012	77	26127.0	 26.0	 40.0	1.000	 4.0	 0.0
1	2012	78	26232.0	 26.0	 40.0	1.000	 4.0	 0.0
1	2012	79	26403.0	 24.0	 40.0	1.000	 3.0	 0.0
1	2012	80	26641.0	 24.0	 40.0	1.000	 3.0	 0.0
1	2012	81	26542.0	 26.0	 41.0	1.000	 3.0	 0.0
1	2012	82	26891.0	 25.0	 40.0	1.000	 3.0	 0.0
1	2012	83	27022.0	 24.0	 41.0	1.000	 3.0	 0.0
1	2012	84	26918.0	 23.0	 40.0	1.000	 2.0	 0.0
1	2012	85	24848.0	 24.0	 40.0	2.000	 1.0	 0.0
1	2012	86	24356.0	 27.0	 40.0	2.000	 1.0	 0.0
1	2012	87	25398.0	 25.0	 40.0	2.000	 1.0	 0.0
1	2012	88	26182.0	 24.0	 40.0	1.000	 1.0	 0.0
1	2012	89	24521.0	 25.0	 40.0	2.000	 2.0	 0.0
1	2012	90	23939.0	 29.0	 41.0	2.000	 3.0	 1.0
1	2012	91	21896.0	 28.0	 37.0	2.000	 3.0	 1.0
1	2012	92	22837.0	 28.0	 38.0	2.000	 3.0	 1.0
1	2012	93	23427.0	 26.0	 37.0	2.000	 3.0	 1.0
1	2012	94	22678.0	 26.0	 37.0	2.000	 2.0	 0.0
1	2012	95	13543.0	 25.0	 34.0	2.000	 3.0	 4.0
1	2012	96	23468.0	 25.0	 37.0	2.000	 3.0	 1.0
1	2012	97	24298.0	 26.0	 39.0	2.000	 1.0	 0.0
1	2012	98	25290.0	 27.0	 39.0	2.000	 4.0	 0.0
1	2012	99	24001.0	 27.0	 40.0	3.000	 3.0	 1.0
1	2012	100	21504.0	 26.0	 37.0	3.000	 3.0	 1.0
1	2012	101	23803.0	 26.0	 37.0	3.000	 3.0	 2.0
1	2012	102	23837.0	 27.0	 38.0	2.000	 3.0	 0.0
1	2012	103	24539.0	 27.0	 38.0	3.000	 2.0	 2.0
1	2012	104	19701.0	 24.0	 33.0	3.000	 4.0	13.0
1	2012	105	24142.0	 25.0	 38.0	2.000	 2.0	 0.0
1	2012	106	27177.0	 22.0	 37.0	2.000	 2.0	 0.0
1	2012	107	25682.0	 25.0	 38.0	2.000	 3.0	 0.0
1	2012	108	20832.0	 26.0	 35.0	3.000	 4.0	 2.0
1	2012	109	21842.0	 26.0	 35.0	3.000	 2.0	 1.0
1	2012	110	12421.0	 25.0	 31.0	3.000	 1.0	16.0
1	2012	111	17854.0	 24.0	 33.0	3.000	 2.0	 0.0
1	2012	112	23253.0	 24.0	 37.0	2.000	 2.0	 0.0
1	2012	113	26477.0	 24.0	 39.0	2.000	 1.0	 0.0
1	2012	114	24679.0	 26.0	 38.0	3.000	 3.0	 0.0
1	2012	115	25532.0	 27.0	 39.0	3.000	 3.0	 0.0
1	2012	116	24001.0	 26.0	 37.0	3.000	 4.0	 0.0
1	2012	117	23517.0	 25.0	 37.0	3.000	 3.0	 2.0
1	2012	118	25175.0	 27.0	 39.0	2.000	 2.0	 2.0
1	2012	119	23454.0	 26.0	 38.0	3.000	 3.0	 2.0
1	2012	120	25223.0	 27.0	 39.0	3.000	 3.0	 1.0
1	2012	121	23582.0	 24.0	 36.0	3.000	 2.0	15.0
1	2012	122	25852.0	 26.0	 37.0	3.000	 3.0	 1.0
1	2012	123	19125.0	 25.0	 35.0	3.000	 3.0	 0.0
1	2012	124	24563.0	 25.0	 37.0	3.000	 4.0	 0.0
1	2012	125	24192.0	 24.0	 36.0	3.000	 4.0	 1.0
1	2012	126	21143.0	 26.0	 36.0	3.000	 2.0	 0.0
1	2012	127	24893.0	 25.0	 38.0	3.000	 2.0	12.0
1	2012	128	24205.0	 25.0	 36.0	3.000	 3.0	 0.0
1	2012	129	24719.0	 26.0	 37.0	3.000	 3.0	 0.0
1	2012	130	22881.0	 24.0	 36.0	3.000	 3.0	 1.0
1	2012	131	24893.0	 25.0	 36.0	3.000	 3.0	 0.0
1	2012	132	22715.0	 24.0	 34.0	2.000	 2.0	 6.0
1	2012	133	22733.0	 25.0	 34.0	3.000	 3.0	 2.0
1	2012	134	24398.0	 25.0	 35.0	3.000	 3.0	 7.0
1	2012	135	9418.0	 24.0	 28.0	3.000	 1.0	11.0
1	2012	136	21731.0	 23.0	 32.0	3.000	 1.0	 2.0
1	2012	137	22081.0	 25.0	 32.0	3.000	 2.0	 0.0
1	2012	138	22861.0	 25.0	 34.0	3.000	 3.0	 0.0
1	2012	139	22310.0	 25.0	 35.0	3.000	 3.0	 0.0
1	2012	140	20375.0	 26.0	 35.0	3.000	 3.0	 1.0
1	2012	141	21060.0	 24.0	 34.0	3.000	 2.0	 0.0
1	2012	142	24204.0	 26.0	 36.0	3.000	 3.0	 7.0
1	2012	143	24423.0	 25.0	 35.0	3.000	 2.0	 0.0
1	2012	144	24262.0	 26.0	 37.0	3.000	 2.0	 1.0
1	2012	145	23575.0	 26.0	 37.0	3.000	 3.0	 0.0
1	2012	146	19151.0	 24.0	 35.0	2.000	 3.0	 1.0
1	2012	147	21276.0	 25.0	 35.0	3.000	 4.0	 0.0
1	2012	148	23649.0	 26.0	 37.0	3.000	 3.0	 0.0
1	2012	149	17471.0	 25.0	 34.0	3.000	 4.0	 1.0
1	2012	150	13973.0	 24.0	 32.0	3.000	 3.0	 2.0
1	2012	151	18838.0	 23.0	 34.0	3.000	 2.0	14.0
1	2012	152	17475.0	 23.0	 30.0	3.000	 2.0	 5.0
1	2012	153	20417.0	 24.0	 31.0	3.000	 1.0	 1.0
1	2012	154	24857.0	 24.0	 34.0	3.000	 2.0	 1.0
1	2012	155	20019.0	 24.0	 32.0	3.000	 3.0	 0.0
1	2012	156	25078.0	 24.0	 35.0	3.000	 2.0	 0.0
1	2012	157	24135.0	 25.0	 35.0	3.000	 3.0	 1.0
1	2012	158	17354.0	 25.0	 33.0	3.000	 4.0	 6.0
1	2012	159	21636.0	 24.0	 33.0	3.000	 3.0	 0.0
1	2012	160	22182.0	 25.0	 34.0	3.000	 2.0	 1.0
1	2012	161	24228.0	 24.0	 36.0	3.000	 2.0	 0.0
1	2012	162	24504.0	 26.0	 36.0	3.000	 3.0	 0.0
1	2012	163	23562.0	 26.0	 36.0	3.000	 3.0	 0.0
1	2012	164	17093.0	 24.0	 33.0	3.000	 3.0	 5.0
1	2012	165	14074.0	 23.0	 31.0	3.000	 2.0	 2.0
1	2012	166	22250.0	 25.0	 34.0	3.000	 2.0	 0.0
1	2012	167	22120.0	 26.0	 36.0	3.000	 3.0	 2.0
1	2012	168	16019.0	 24.0	 33.0	3.000	 4.0	 3.0
1	2012	169	20418.0	 23.0	 32.0	3.000	 2.0	 6.0
1	2012	170	18044.0	 24.0	 32.0	3.000	 3.0	 1.0
1	2012	171	24546.0	 22.0	 34.0	3.000	 3.0	 0.0
1	2012	172	24031.0	 24.0	 35.0	3.000	 3.0	 3.0
1	2012	173	20522.0	 24.0	 33.0	3.000	 3.0	 2.0
1	2012	174	19538.0	 24.0	 33.0	3.000	 4.0	 0.0
1	2012	175	20006.0	 24.0	 33.0	3.000	 3.0	 0.0
1	2012	176	15452.0	 25.0	 31.0	3.000	 3.0	 2.0
1	2012	177	17876.0	 24.0	 32.0	3.000	 3.0	 2.0
1	2012	178	23293.0	 23.0	 34.0	3.000	 3.0	 0.0
1	2012	179	22636.0	 24.0	 34.0	3.000	 3.0	19.0
1	2012	180	3300.0	 22.0	 25.0	3.000	 3.0	54.0
1	2012	181	12654.0	 22.0	 28.0	3.000	 3.0	 1.0
1	2012	182	21253.0	 23.0	 30.0	3.000	 3.0	 1.0
1	2012	183	21309.0	 22.0	 30.0	3.000	 2.0	 2.0
1	2012	184	17692.0	 23.0	 30.0	3.000	 2.0	 3.0
1	2012	185	15585.0	 23.0	 28.0	3.000	 3.0	 3.0
1	2012	186	14436.0	 22.0	 29.0	3.000	 3.0	10.0
1	2012	187	12040.0	 22.0	 26.0	3.000	 2.0	13.0
1	2012	188	17436.0	 21.0	 29.0	3.000	 2.0	 7.0
1	2012	189	18172.0	 23.0	 29.0	3.000	 2.0	 2.0
1	2012	190	18588.0	 23.0	 30.0	3.000	 2.0	 9.0
1	2012	191	15084.0	 22.0	 29.0	3.000	 3.0	 1.0
1	2012	192	18815.0	 23.0	 30.0	3.000	 2.0	 3.0
1	2012	193	18341.0	 23.0	 30.0	3.000	 2.0	 7.0
1	2012	194	15824.0	 23.0	 29.0	3.000	 2.0	 6.0
1	2012	195	19803.0	 23.0	 30.0	3.000	 2.0	 8.0
1	2012	196	20612.0	 24.0	 31.0	3.000	 3.0	10.0
1	2012	197	13708.0	 23.0	 29.0	3.000	 4.0	 2.0
1	2012	198	8136.0	 22.0	 26.0	3.000	 3.0	12.0
1	2012	199	15283.0	 21.0	 29.0	3.000	 2.0	 0.0
1	2012	200	19501.0	 23.0	 31.0	3.000	 2.0	 0.0
1	2012	201	5514.0	 22.0	 25.0	3.000	 2.0	20.0
1	2012	202	17610.0	 22.0	 29.0	3.000	 3.0	 2.0
1	2012	203	20362.0	 21.0	 30.0	3.000	 2.0	 1.0
1	2012	204	12449.0	 23.0	 28.0	3.000	 1.0	14.0
1	2012	205	18338.0	 21.0	 30.0	3.000	 3.0	 1.0
1	2012	206	16269.0	 22.0	 29.0	3.000	 3.0	 3.0
1	2012	207	16948.0	 23.0	 30.0	3.000	 2.0	 7.0
1	2012	208	17501.0	 23.0	 29.0	3.000	 2.0	 3.0
1	2012	209	18404.0	 23.0	 30.0	3.000	 3.0	 2.0
1	2012	210	19826.0	 23.0	 30.0	3.000	 2.0	 3.0
1	2012	211	12581.0	 22.0	 27.0	3.000	 2.0	10.0
1	2012	212	21192.0	 23.0	 30.0	3.000	 2.0	 1.0
1	2012	213	19897.0	 23.0	 30.0	3.000	 1.0	 2.0
1	2012	214	16110.0	 23.0	 29.0	3.000	 3.0	11.0
1	2012	215	17696.0	 23.0	 29.0	3.000	 2.0	 1.0
1	2012	216	19238.0	 22.0	 30.0	3.000	 2.0	 0.0
1	2012	217	13902.0	 23.0	 28.0	3.000	 2.0	17.0
1	2012	218	20485.0	 22.0	 29.0	3.000	 3.0	 2.0
1	2012	219	18671.0	 22.0	 29.0	3.000	 3.0	 1.0
1	2012	220	10375.0	 23.0	 27.0	3.000	 2.0	10.0
1	2012	221	12542.0	 22.0	 27.0	3.000	 4.0	 1.0
1	2012	222	16775.0	 21.0	 29.0	3.000	 2.0	 1.0
1	2012	223	19059.0	 22.0	 29.0	3.000	 2.0	 2.0
1	2012	224	15747.0	 22.0	 29.0	3.000	 3.0	 9.0
1	2012	225	12351.0	 22.0	 28.0	3.000	 3.0	19.0
1	2012	226	17008.0	 21.0	 28.0	3.000	 3.0	 1.0
1	2012	227	15388.0	 22.0	 28.0	3.000	 3.0	 5.0
1	2012	228	2660.0	 22.0	 23.0	3.000	 4.0	38.0
1	2012	229	16393.0	 22.0	 28.0	3.000	 2.0	 1.0
1	2012	230	20780.0	 22.0	 30.0	3.000	 2.0	 1.0
1	2012	231	23616.0	 23.0	 31.0	3.000	 2.0	 2.0
1	2012	232	9101.0	 23.0	 27.0	3.000	 3.0	 3.0
1	2012	233	18771.0	 22.0	 29.0	3.000	 3.0	 3.0
1	2012	234	15644.0	 22.0	 29.0	3.000	 1.0	 0.0
1	2012	235	12861.0	 22.0	 27.0	3.000	 2.0	 5.0
1	2012	236	18497.0	 22.0	 29.0	3.000	 2.0	10.0
1	2012	237	17520.0	 22.0	 29.0	3.000	 2.0	10.0
1	2012	238	10573.0	 22.0	 27.0	3.000	 1.0	18.0
1	2012	239	18084.0	 22.0	 29.0	3.000	 2.0	10.0
1	2012	240	21936.0	 22.0	 30.0	3.000	 2.0	 2.0
1	2012	241	23482.0	 23.0	 31.0	3.000	 2.0	 4.0
1	2012	242	19627.0	 23.0	 30.0	3.000	 2.0	 6.0
1	2012	243	16560.0	 22.0	 29.0	3.000	 2.0	 2.0
1	2012	244	18582.0	 23.0	 29.0	3.000	 2.0	 5.0
1	2012	245	23750.0	 22.0	 31.0	3.000	 2.0	 3.0
1	2012	246	6948.0	 22.0	 27.0	3.000	 0.0	15.0
1	2012	247	16259.0	 23.0	 29.0	3.000	 1.0	 7.0
1	2012	248	18721.0	 22.0	 29.0	3.000	 2.0	 4.0
1	2012	249	11059.0	 22.0	 27.0	3.000	 2.0	 6.0
1	2012	250	12144.0	 21.0	 27.0	3.000	 2.0	 5.0
1	2012	251	20561.0	 21.0	 30.0	3.000	 1.0	 0.0
1	2012	252	21029.0	 23.0	 30.0	3.000	 1.0	 7.0
1	2012	253	17626.0	 22.0	 29.0	3.000	 2.0	 1.0
1	2012	254	23022.0	 22.0	 31.0	3.000	 1.0	 1.0
1	2012	255	19001.0	 23.0	 30.0	3.000	 1.0	 8.0
1	2012	256	7188.0	 23.0	 26.0	3.000	 1.0	15.0
1	2012	257	16774.0	 22.0	 29.0	3.000	 2.0	 1.0
1	2012	258	23603.0	 23.0	 30.0	3.000	 2.0	 1.0
1	2012	259	19891.0	 23.0	 30.0	3.000	 2.0	 3.0
1	2012	260	19566.0	 23.0	 29.0	3.000	 3.0	 2.0
1	2012	261	12831.0	 23.0	 28.0	3.000	 2.0	 8.0
1	2012	262	13619.0	 22.0	 27.0	3.000	 1.0	 9.0
1	2012	263	18417.0	 22.0	 29.0	3.000	 1.0	 5.0
1	2012	264	8020.0	 22.0	 27.0	3.000	 1.0	35.0
1	2012	265	17622.0	 21.0	 29.0	3.000	 1.0	 5.0
1	2012	266	18470.0	 21.0	 30.0	3.000	 1.0	 3.0
1	2012	267	15765.0	 22.0	 29.0	3.000	 1.0	 8.0
1	2012	268	22166.0	 22.0	 31.0	3.000	 1.0	 1.0
1	2012	269	23228.0	 22.0	 31.0	3.000	 1.0	 0.0
1	2012	270	20371.0	 24.0	 30.0	3.000	 2.0	 5.0
1	2012	271	17400.0	 23.0	 30.0	3.000	 2.0	 2.0
1	2012	272	17657.0	 22.0	 30.0	3.000	 2.0	 0.0
1	2012	273	24820.0	 23.0	 32.0	3.000	 1.0	 0.0
1	2012	274	15835.0	 23.0	 30.0	3.000	 2.0	 0.0
1	2012	275	20148.0	 22.0	 30.0	3.000	 2.0	 4.0
1	2012	276	17865.0	 23.0	 30.0	3.000	 1.0	 0.0
1	2012	277	21115.0	 23.0	 31.0	3.000	 1.0	 4.0
1	2012	278	21737.0	 23.0	 31.0	3.000	 2.0	 0.0
1	2012	279	19662.0	 24.0	 32.0	3.000	 2.0	 1.0
1	2012	280	24064.0	 23.0	 33.0	3.000	 2.0	 1.0
1	2012	281	19268.0	 23.0	 31.0	3.000	 2.0	 3.0
1	2012	282	9166.0	 22.0	 26.0	3.000	 1.0	10.0
1	2012	283	21513.0	 22.0	 31.0	3.000	 1.0	 2.0
1	2012	284	23776.0	 22.0	 32.0	3.000	 1.0	 0.0
1	2012	285	22242.0	 23.0	 32.0	3.000	 2.0	 0.0
1	2012	286	19815.0	 24.0	 31.0	3.000	 3.0	 0.0
1	2012	287	22236.0	 24.0	 32.0	3.000	 2.0	 0.0
1	2012	288	21231.0	 24.0	 32.0	3.000	 1.0	 1.0
1	2012	289	21822.0	 23.0	 32.0	3.000	 1.0	 2.0
1	2012	290	19027.0	 23.0	 31.0	3.000	 1.0	13.0
1	2012	291	19531.0	 22.0	 31.0	3.000	 0.0	 1.0
1	2012	292	22716.0	 23.0	 32.0	3.000	 2.0	 0.0
1	2012	293	21809.0	 24.0	 32.0	3.000	 2.0	 1.0
1	2012	294	15891.0	 23.0	 31.0	3.000	 2.0	 0.0
1	2012	295	21976.0	 23.0	 33.0	3.000	 1.0	 0.0
1	2012	296	22311.0	 23.0	 33.0	3.000	 2.0	 0.0
1	2012	297	19360.0	 23.0	 32.0	3.000	 2.0	 0.0
1	2012	298	20848.0	 24.0	 33.0	3.000	 2.0	 0.0
1	2012	299	21499.0	 24.0	 33.0	3.000	 2.0	 0.0
1	2012	300	21506.0	 23.0	 32.0	3.000	 2.0	 3.0
1	2012	301	19332.0	 24.0	 32.0	3.000	 1.0	 7.0
1	2012	302	18971.0	 23.0	 31.0	3.000	 1.0	 9.0
1	2012	303	19098.0	 23.0	 33.0	3.000	 2.0	 0.0
1	2012	304	22162.0	 23.0	 35.0	3.000	 1.0	 0.0
1	2012	305	22391.0	 24.0	 34.0	3.000	 1.0	 0.0
1	2012	306	22016.0	 23.0	 35.0	3.000	 0.0	 0.0
1	2012	307	22073.0	 22.0	 36.0	2.000	 1.0	 0.0
1	2012	308	20864.0	 24.0	 34.0	3.000	 3.0	 0.0
1	2012	309	21928.0	 24.0	 35.0	3.000	 2.0	 0.0
1	2012	310	21232.0	 24.0	 34.0	3.000	 2.0	 0.0
1	2012	311	21098.0	 25.0	 34.0	3.000	 1.0	 0.0
1	2012	312	20440.0	 25.0	 34.0	3.000	 1.0	 0.0
1	2012	313	20215.0	 25.0	 35.0	2.000	 1.0	 0.0
1	2012	314	21456.0	 24.0	 35.0	2.000	 1.0	 0.0
1	2012	315	20706.0	 22.0	 35.0	2.000	 1.0	 0.0
1	2012	316	21288.0	 22.0	 35.0	2.000	 1.0	 0.0
1	2012	317	21991.0	 22.0	 36.0	2.000	 1.0	 0.0
1	2012	318	17449.0	 25.0	 35.0	2.000	 1.0	 0.0
1	2012	319	19185.0	 25.0	 36.0	2.000	 1.0	 0.0
1	2012	320	19389.0	 25.0	 35.0	2.000	 2.0	 0.0
1	2012	321	22057.0	 24.0	 37.0	2.000	 2.0	 0.0
1	2012	322	22623.0	 22.0	 37.0	2.000	 2.0	 0.0
1	2012	323	22132.0	 21.0	 36.0	2.000	 1.0	 0.0
1	2012	324	21718.0	 24.0	 36.0	2.000	 1.0	 0.0
1	2012	325	19050.0	 25.0	 36.0	2.000	 0.0	 0.0
1	2012	326	20399.0	 24.0	 36.0	2.000	 0.0	 0.0
1	2012	327	20177.0	 24.0	 35.0	2.000	 1.0	 0.0
1	2012	328	20304.0	 25.0	 36.0	2.000	 0.0	 0.0
1	2012	329	19596.0	 25.0	 35.0	2.000	 0.0	 0.0
1	2012	330	20624.0	 24.0	 36.0	2.000	 1.0	 0.0
1	2012	331	19243.0	 21.0	 34.0	1.000	 1.0	 0.0
1	2012	332	18753.0	 22.0	 35.0	1.000	 1.0	 0.0
1	2012	333	21150.0	 21.0	 36.0	2.000	 2.0	 0.0
1	2012	334	21139.0	 22.0	 36.0	2.000	 1.0	 0.0
1	2012	335	20487.0	 22.0	 36.0	2.000	 1.0	 0.0
1	2012	336	19964.0	 24.0	 35.0	2.000	 2.0	 0.0
1	2012	337	18956.0	 26.0	 35.0	2.000	 1.0	 0.0
1	2012	338	20817.0	 24.0	 36.0	1.000	 2.0	 0.0
1	2012	339	20502.0	 23.0	 35.0	1.000	 3.0	 0.0
1	2012	340	21117.0	 21.0	 34.0	1.000	 2.0	 0.0
1	2012	341	21445.0	 21.0	 34.0	1.000	 2.0	 0.0
1	2012	342	21115.0	 19.0	 36.0	1.000	 2.0	 0.0
1	2012	343	18433.0	 22.0	 35.0	1.000	 1.0	 0.0
1	2012	344	18983.0	 22.0	 35.0	1.000	 0.0	 0.0
1	2012	345	20667.0	 23.0	 36.0	1.000	 1.0	 0.0
1	2012	346	20693.0	 21.0	 36.0	2.000	 1.0	 0.0
1	2012	347	19547.0	 22.0	 36.0	2.000	 1.0	 0.0
1	2012	348	20132.0	 23.0	 35.0	2.000	 2.0	 0.0
1	2012	349	20640.0	 21.0	 36.0	1.000	 2.0	 0.0
1	2012	350	21034.0	 21.0	 36.0	1.000	 3.0	 0.0
1	2012	351	21186.0	 22.0	 35.0	1.000	 4.0	 0.0
1	2012	352	20987.0	 22.0	 34.0	1.000	 3.0	 0.0
1	2012	353	21021.0	 20.0	 34.0	1.000	 3.0	 0.0
1	2012	354	17658.0	 19.0	 32.0	1.000	 3.0	 0.0
1	2012	355	21145.0	 18.0	 32.0	1.000	 3.0	 0.0
1	2012	356	20714.0	 19.0	 33.0	1.000	 2.0	 0.0
1	2012	357	20887.0	 20.0	 34.0	1.000	 3.0	 0.0
1	2012	358	20966.0	 19.0	 34.0	1.000	 3.0	 0.0
1	2012	359	21227.0	 20.0	 34.0	1.000	 3.0	 0.0
1	2012	360	21212.0	 20.0	 34.0	1.000	 3.0	 0.0
1	2012	361	21155.0	 20.0	 34.0	1.000	 3.0	 0.0
1	2012	362	21252.0	 19.0	 33.0	1.000	 3.0	 0.0
1	2012	363	21443.0	 18.0	 33.0	1.000	 3.0	 0.0
1	2012	364	21430.0	 18.0	 33.0	1.000	 3.0	 0.0
1	2012	365	21393.0	 17.0	 33.0	1.000	 3.0	 0.0
1	2012	366	21365.0	 19.0	 32.0	1.000	 4.0	 0.0
