*---------------------------------------------------
* Station: -022611_106965
* Year: 2013
* Origin: ERA5-Reanalysis
* Columns & units
* ===================
* 1. station number
* 2. year
* 3. Day of Year
* 4. Irradiance   (kJ路m-2路d-1)
* 5. Daily minimum temperature (degC)
* 6. Daily maximum temperature (degC)
* 7. Vapour pressure (kPa)
* 8. Mean wind speed (m路s-1)
* 9. Precipitation (mm路d-1)
** WCCDESCRIPTION=-022611_106965
** WCCFORMAT=2
** WCCYEARNR=2013
*------------------------------------------------------------*
-0.23  10.70  203.00 -0.18  -0.55
1	2013	1	21288.0	 18.0	 31.0	1.000	 4.0	 0.0
1	2013	2	21086.0	 18.0	 32.0	1.000	 3.0	 0.0
1	2013	3	20545.0	 19.0	 32.0	1.000	 3.0	 0.0
1	2013	4	20839.0	 19.0	 33.0	1.000	 3.0	 0.0
1	2013	5	21355.0	 18.0	 31.0	1.000	 3.0	 0.0
1	2013	6	21464.0	 17.0	 32.0	1.000	 3.0	 0.0
1	2013	7	21396.0	 17.0	 33.0	1.000	 3.0	 0.0
1	2013	8	21190.0	 19.0	 34.0	1.000	 3.0	 0.0
1	2013	9	21156.0	 21.0	 34.0	1.000	 3.0	 0.0
1	2013	10	21090.0	 21.0	 34.0	1.000	 3.0	 0.0
1	2013	11	21371.0	 20.0	 33.0	1.000	 3.0	 0.0
1	2013	12	21615.0	 19.0	 33.0	1.000	 3.0	 0.0
1	2013	13	21305.0	 19.0	 34.0	1.000	 3.0	 0.0
1	2013	14	22005.0	 18.0	 34.0	1.000	 3.0	 0.0
1	2013	15	21426.0	 19.0	 35.0	1.000	 3.0	 0.0
1	2013	16	21380.0	 21.0	 36.0	1.000	 3.0	 0.0
1	2013	17	21392.0	 22.0	 36.0	1.000	 3.0	 0.0
1	2013	18	21566.0	 21.0	 36.0	1.000	 3.0	 0.0
1	2013	19	21726.0	 19.0	 36.0	1.000	 2.0	 0.0
1	2013	20	21887.0	 19.0	 36.0	1.000	 2.0	 0.0
1	2013	21	21940.0	 19.0	 37.0	1.000	 3.0	 0.0
1	2013	22	21674.0	 20.0	 37.0	1.000	 2.0	 0.0
1	2013	23	20645.0	 21.0	 37.0	1.000	 1.0	 0.0
1	2013	24	21567.0	 21.0	 37.0	1.000	 1.0	 0.0
1	2013	25	22142.0	 20.0	 37.0	1.000	 2.0	 0.0
1	2013	26	21376.0	 21.0	 36.0	1.000	 3.0	 0.0
1	2013	27	20867.0	 22.0	 35.0	1.000	 3.0	 0.0
1	2013	28	21591.0	 23.0	 34.0	1.000	 5.0	 0.0
1	2013	29	20536.0	 23.0	 36.0	1.000	 3.0	 0.0
1	2013	30	21880.0	 24.0	 36.0	1.000	 4.0	 0.0
1	2013	31	22444.0	 23.0	 33.0	1.000	 5.0	 0.0
1	2013	32	23105.0	 20.0	 31.0	1.000	 4.0	 0.0
1	2013	33	23269.0	 18.0	 32.0	1.000	 3.0	 0.0
1	2013	34	23187.0	 17.0	 33.0	1.000	 2.0	 0.0
1	2013	35	22802.0	 18.0	 35.0	1.000	 3.0	 0.0
1	2013	36	22894.0	 21.0	 36.0	1.000	 3.0	 0.0
1	2013	37	22970.0	 22.0	 36.0	1.000	 3.0	 0.0
1	2013	38	23004.0	 21.0	 36.0	1.000	 3.0	 0.0
1	2013	39	23159.0	 22.0	 37.0	1.000	 3.0	 0.0
1	2013	40	23202.0	 21.0	 38.0	1.000	 3.0	 0.0
1	2013	41	23405.0	 22.0	 38.0	1.000	 3.0	 0.0
1	2013	42	21782.0	 23.0	 37.0	1.000	 3.0	 0.0
1	2013	43	23404.0	 22.0	 38.0	1.000	 3.0	 0.0
1	2013	44	23555.0	 22.0	 38.0	1.000	 3.0	 0.0
1	2013	45	24021.0	 21.0	 37.0	1.000	 2.0	 0.0
1	2013	46	24133.0	 20.0	 37.0	1.000	 3.0	 0.0
1	2013	47	23932.0	 20.0	 38.0	1.000	 3.0	 0.0
1	2013	48	23521.0	 22.0	 38.0	1.000	 2.0	 0.0
1	2013	49	23943.0	 20.0	 38.0	1.000	 2.0	 0.0
1	2013	50	22448.0	 21.0	 38.0	1.000	 1.0	 0.0
1	2013	51	20921.0	 26.0	 38.0	2.000	 2.0	 0.0
1	2013	52	21528.0	 27.0	 38.0	1.000	 1.0	 0.0
1	2013	53	21990.0	 23.0	 38.0	1.000	 2.0	 0.0
1	2013	54	22776.0	 23.0	 40.0	1.000	 3.0	 0.0
1	2013	55	23846.0	 22.0	 39.0	1.000	 1.0	 0.0
1	2013	56	21886.0	 24.0	 39.0	2.000	 1.0	 0.0
1	2013	57	22383.0	 27.0	 39.0	2.000	 2.0	 0.0
1	2013	58	22885.0	 28.0	 40.0	2.000	 2.0	 0.0
1	2013	59	21634.0	 28.0	 40.0	2.000	 2.0	 0.0
1	2013	60	22091.0	 27.0	 39.0	2.000	 2.0	 0.0
1	2013	61	21791.0	 28.0	 40.0	2.000	 1.0	 0.0
1	2013	62	20822.0	 29.0	 39.0	2.000	 2.0	 0.0
1	2013	63	21464.0	 28.0	 39.0	2.000	 2.0	 0.0
1	2013	64	23002.0	 26.0	 39.0	2.000	 3.0	 0.0
1	2013	65	22981.0	 27.0	 40.0	2.000	 1.0	 0.0
1	2013	66	23844.0	 27.0	 40.0	2.000	 1.0	 0.0
1	2013	67	23538.0	 28.0	 40.0	2.000	 1.0	 0.0
1	2013	68	22935.0	 28.0	 40.0	2.000	 2.0	 0.0
1	2013	69	23631.0	 27.0	 39.0	2.000	 3.0	 0.0
1	2013	70	21524.0	 29.0	 38.0	2.000	 2.0	 0.0
1	2013	71	19783.0	 27.0	 37.0	3.000	 3.0	 0.0
1	2013	72	20720.0	 29.0	 38.0	2.000	 3.0	 0.0
1	2013	73	20461.0	 27.0	 37.0	2.000	 2.0	 0.0
1	2013	74	22162.0	 27.0	 38.0	2.000	 2.0	 0.0
1	2013	75	21518.0	 27.0	 38.0	2.000	 2.0	 0.0
1	2013	76	24024.0	 27.0	 39.0	2.000	 3.0	 0.0
1	2013	77	17900.0	 26.0	 38.0	3.000	 2.0	 5.0
1	2013	78	18770.0	 26.0	 37.0	3.000	 2.0	 0.0
1	2013	79	23321.0	 27.0	 39.0	2.000	 2.0	 0.0
1	2013	80	23315.0	 26.0	 39.0	2.000	 2.0	 0.0
1	2013	81	24656.0	 26.0	 39.0	2.000	 3.0	 0.0
1	2013	82	23512.0	 27.0	 39.0	2.000	 2.0	 0.0
1	2013	83	23219.0	 27.0	 38.0	2.000	 3.0	 0.0
1	2013	84	22484.0	 28.0	 39.0	3.000	 3.0	 1.0
1	2013	85	19608.0	 27.0	 36.0	3.000	 3.0	 1.0
1	2013	86	22247.0	 27.0	 37.0	3.000	 3.0	 2.0
1	2013	87	18580.0	 24.0	 36.0	2.000	 3.0	 3.0
1	2013	88	20421.0	 25.0	 36.0	3.000	 3.0	 0.0
1	2013	89	22788.0	 26.0	 37.0	2.000	 3.0	 0.0
1	2013	90	24498.0	 26.0	 38.0	2.000	 3.0	 0.0
1	2013	91	25065.0	 26.0	 39.0	2.000	 3.0	 0.0
1	2013	92	22705.0	 28.0	 37.0	3.000	 3.0	 0.0
1	2013	93	23129.0	 28.0	 39.0	2.000	 3.0	 1.0
1	2013	94	17704.0	 25.0	 33.0	3.000	 3.0	16.0
1	2013	95	23735.0	 26.0	 36.0	3.000	 2.0	 0.0
1	2013	96	21121.0	 26.0	 37.0	2.000	 3.0	 0.0
1	2013	97	24721.0	 25.0	 38.0	2.000	 2.0	 0.0
1	2013	98	26049.0	 26.0	 38.0	2.000	 3.0	 0.0
1	2013	99	24946.0	 27.0	 37.0	3.000	 3.0	 1.0
1	2013	100	16268.0	 27.0	 35.0	3.000	 3.0	 0.0
1	2013	101	25412.0	 27.0	 38.0	3.000	 2.0	 0.0
1	2013	102	24567.0	 27.0	 39.0	3.000	 3.0	 1.0
1	2013	103	24188.0	 26.0	 38.0	3.000	 4.0	 1.0
1	2013	104	24018.0	 27.0	 38.0	2.000	 2.0	 0.0
1	2013	105	22871.0	 27.0	 38.0	3.000	 3.0	 0.0
1	2013	106	22312.0	 27.0	 37.0	3.000	 3.0	 1.0
1	2013	107	23702.0	 25.0	 36.0	3.000	 2.0	 9.0
1	2013	108	23705.0	 26.0	 35.0	3.000	 2.0	 0.0
1	2013	109	24221.0	 25.0	 35.0	3.000	 3.0	 6.0
1	2013	110	21753.0	 25.0	 33.0	3.000	 2.0	 0.0
1	2013	111	24204.0	 25.0	 35.0	3.000	 2.0	 1.0
1	2013	112	17145.0	 24.0	 33.0	3.000	 2.0	15.0
1	2013	113	23394.0	 24.0	 34.0	3.000	 3.0	 1.0
1	2013	114	25571.0	 25.0	 35.0	3.000	 3.0	 0.0
1	2013	115	25009.0	 25.0	 36.0	3.000	 2.0	 1.0
1	2013	116	20021.0	 24.0	 33.0	3.000	 2.0	 9.0
1	2013	117	24409.0	 26.0	 35.0	3.000	 2.0	 0.0
1	2013	118	24440.0	 26.0	 35.0	3.000	 1.0	 0.0
1	2013	119	25728.0	 24.0	 36.0	3.000	 2.0	 0.0
1	2013	120	24741.0	 26.0	 36.0	3.000	 3.0	 0.0
1	2013	121	12516.0	 25.0	 31.0	3.000	 2.0	 4.0
1	2013	122	25674.0	 24.0	 35.0	3.000	 2.0	 0.0
1	2013	123	25080.0	 26.0	 37.0	3.000	 2.0	 0.0
1	2013	124	24390.0	 27.0	 37.0	3.000	 3.0	 1.0
1	2013	125	24650.0	 25.0	 36.0	3.000	 3.0	 0.0
1	2013	126	24475.0	 26.0	 37.0	3.000	 3.0	 0.0
1	2013	127	25241.0	 26.0	 37.0	3.000	 3.0	 4.0
1	2013	128	21918.0	 26.0	 34.0	3.000	 3.0	 0.0
1	2013	129	23552.0	 25.0	 36.0	3.000	 4.0	 0.0
1	2013	130	23925.0	 26.0	 36.0	3.000	 3.0	 8.0
1	2013	131	21019.0	 24.0	 34.0	3.000	 3.0	 1.0
1	2013	132	23571.0	 24.0	 35.0	3.000	 3.0	 0.0
1	2013	133	24549.0	 26.0	 36.0	3.000	 3.0	 1.0
1	2013	134	16532.0	 24.0	 32.0	3.000	 2.0	 4.0
1	2013	135	22472.0	 25.0	 34.0	3.000	 2.0	 3.0
1	2013	136	24664.0	 25.0	 35.0	3.000	 2.0	 0.0
1	2013	137	24273.0	 26.0	 35.0	3.000	 2.0	 0.0
1	2013	138	22318.0	 25.0	 35.0	3.000	 3.0	 0.0
1	2013	139	21007.0	 25.0	 35.0	3.000	 3.0	 0.0
1	2013	140	25123.0	 26.0	 36.0	3.000	 3.0	 0.0
1	2013	141	22286.0	 27.0	 37.0	3.000	 3.0	 0.0
1	2013	142	23887.0	 26.0	 36.0	3.000	 3.0	 8.0
1	2013	143	19392.0	 25.0	 34.0	3.000	 3.0	 0.0
1	2013	144	25892.0	 25.0	 36.0	3.000	 3.0	 0.0
1	2013	145	24028.0	 26.0	 37.0	3.000	 3.0	 0.0
1	2013	146	16718.0	 25.0	 34.0	3.000	 3.0	 1.0
1	2013	147	14921.0	 24.0	 33.0	3.000	 2.0	 9.0
1	2013	148	22922.0	 24.0	 33.0	3.000	 3.0	 0.0
1	2013	149	18068.0	 25.0	 32.0	3.000	 3.0	 0.0
1	2013	150	21202.0	 25.0	 33.0	3.000	 2.0	 0.0
1	2013	151	23214.0	 25.0	 34.0	3.000	 2.0	 0.0
1	2013	152	25141.0	 25.0	 35.0	3.000	 3.0	 6.0
1	2013	153	20315.0	 24.0	 34.0	3.000	 3.0	 0.0
1	2013	154	21612.0	 24.0	 34.0	3.000	 3.0	 0.0
1	2013	155	23081.0	 24.0	 35.0	3.000	 4.0	 0.0
1	2013	156	9995.0	 24.0	 31.0	2.000	 2.0	 2.0
1	2013	157	18290.0	 23.0	 32.0	3.000	 3.0	 0.0
1	2013	158	19613.0	 24.0	 34.0	3.000	 3.0	 0.0
1	2013	159	24091.0	 25.0	 35.0	3.000	 3.0	 2.0
1	2013	160	18282.0	 24.0	 34.0	3.000	 3.0	 0.0
1	2013	161	17984.0	 24.0	 34.0	3.000	 3.0	 0.0
1	2013	162	18994.0	 25.0	 34.0	3.000	 3.0	 0.0
1	2013	163	24838.0	 25.0	 36.0	3.000	 3.0	 0.0
1	2013	164	25366.0	 25.0	 36.0	3.000	 4.0	 0.0
1	2013	165	18299.0	 25.0	 34.0	3.000	 4.0	 1.0
1	2013	166	24103.0	 25.0	 35.0	3.000	 2.0	 1.0
1	2013	167	22152.0	 25.0	 34.0	3.000	 3.0	 0.0
1	2013	168	23485.0	 25.0	 35.0	3.000	 3.0	 0.0
1	2013	169	15416.0	 25.0	 32.0	3.000	 3.0	 5.0
1	2013	170	23528.0	 25.0	 35.0	3.000	 3.0	 0.0
1	2013	171	15457.0	 25.0	 33.0	3.000	 4.0	 1.0
1	2013	172	19038.0	 24.0	 33.0	3.000	 3.0	 0.0
1	2013	173	22933.0	 24.0	 34.0	3.000	 3.0	 1.0
1	2013	174	20793.0	 26.0	 34.0	3.000	 4.0	 0.0
1	2013	175	16638.0	 25.0	 33.0	3.000	 4.0	 1.0
1	2013	176	18542.0	 24.0	 32.0	3.000	 3.0	11.0
1	2013	177	19432.0	 24.0	 32.0	3.000	 3.0	 2.0
1	2013	178	12233.0	 24.0	 30.0	3.000	 1.0	 3.0
1	2013	179	18717.0	 23.0	 31.0	3.000	 2.0	 9.0
1	2013	180	21447.0	 23.0	 31.0	3.000	 1.0	 8.0
1	2013	181	15690.0	 23.0	 30.0	3.000	 3.0	 3.0
1	2013	182	19489.0	 23.0	 30.0	3.000	 3.0	 0.0
1	2013	183	23386.0	 23.0	 32.0	3.000	 2.0	 0.0
1	2013	184	19406.0	 22.0	 31.0	3.000	 3.0	 4.0
1	2013	185	21227.0	 24.0	 32.0	3.000	 3.0	 0.0
1	2013	186	14696.0	 24.0	 30.0	3.000	 3.0	 1.0
1	2013	187	17979.0	 23.0	 30.0	3.000	 3.0	 2.0
1	2013	188	13699.0	 23.0	 30.0	3.000	 3.0	 1.0
1	2013	189	16388.0	 23.0	 30.0	3.000	 3.0	 9.0
1	2013	190	16875.0	 22.0	 29.0	3.000	 2.0	 9.0
1	2013	191	20782.0	 22.0	 30.0	3.000	 2.0	 2.0
1	2013	192	19627.0	 22.0	 30.0	3.000	 1.0	 3.0
1	2013	193	16713.0	 23.0	 30.0	3.000	 2.0	 0.0
1	2013	194	21573.0	 23.0	 31.0	3.000	 2.0	 0.0
1	2013	195	19965.0	 23.0	 30.0	3.000	 2.0	 0.0
1	2013	196	21001.0	 23.0	 30.0	3.000	 3.0	 4.0
1	2013	197	20218.0	 23.0	 31.0	3.000	 3.0	 1.0
1	2013	198	19428.0	 23.0	 31.0	3.000	 3.0	 2.0
1	2013	199	20875.0	 23.0	 31.0	3.000	 3.0	 2.0
1	2013	200	19821.0	 23.0	 30.0	3.000	 2.0	 3.0
1	2013	201	18875.0	 23.0	 31.0	3.000	 2.0	 3.0
1	2013	202	12466.0	 23.0	 29.0	3.000	 2.0	 1.0
1	2013	203	16409.0	 22.0	 31.0	3.000	 2.0	 0.0
1	2013	204	22029.0	 23.0	 32.0	3.000	 3.0	 1.0
1	2013	205	10114.0	 23.0	 29.0	3.000	 3.0	11.0
1	2013	206	16290.0	 23.0	 29.0	3.000	 3.0	 9.0
1	2013	207	14432.0	 22.0	 29.0	3.000	 3.0	 1.0
1	2013	208	16102.0	 23.0	 30.0	3.000	 3.0	 1.0
1	2013	209	21081.0	 23.0	 30.0	3.000	 3.0	 1.0
1	2013	210	16839.0	 23.0	 29.0	3.000	 4.0	 2.0
1	2013	211	14672.0	 22.0	 28.0	3.000	 2.0	 9.0
1	2013	212	20968.0	 22.0	 30.0	3.000	 2.0	 2.0
1	2013	213	20214.0	 23.0	 30.0	3.000	 3.0	 5.0
1	2013	214	19352.0	 23.0	 30.0	3.000	 3.0	 3.0
1	2013	215	18559.0	 22.0	 30.0	3.000	 2.0	 3.0
1	2013	216	18586.0	 23.0	 30.0	3.000	 2.0	 1.0
1	2013	217	17411.0	 23.0	 30.0	3.000	 3.0	 7.0
1	2013	218	17566.0	 23.0	 30.0	3.000	 3.0	 5.0
1	2013	219	8814.0	 22.0	 28.0	3.000	 3.0	 2.0
1	2013	220	13630.0	 23.0	 28.0	3.000	 3.0	14.0
1	2013	221	13676.0	 23.0	 27.0	3.000	 3.0	 2.0
1	2013	222	19895.0	 22.0	 29.0	3.000	 2.0	 4.0
1	2013	223	20325.0	 22.0	 29.0	3.000	 2.0	 4.0
1	2013	224	13998.0	 22.0	 28.0	3.000	 2.0	10.0
1	2013	225	10730.0	 22.0	 27.0	3.000	 2.0	 7.0
1	2013	226	20128.0	 22.0	 30.0	3.000	 2.0	 1.0
1	2013	227	9451.0	 23.0	 27.0	3.000	 2.0	27.0
1	2013	228	14488.0	 22.0	 29.0	3.000	 2.0	11.0
1	2013	229	13413.0	 22.0	 27.0	3.000	 2.0	 4.0
1	2013	230	14234.0	 22.0	 28.0	3.000	 2.0	11.0
1	2013	231	19099.0	 22.0	 29.0	3.000	 2.0	11.0
1	2013	232	21307.0	 22.0	 30.0	3.000	 1.0	10.0
1	2013	233	11930.0	 22.0	 28.0	3.000	 2.0	12.0
1	2013	234	10722.0	 22.0	 28.0	3.000	 2.0	 2.0
1	2013	235	14249.0	 22.0	 28.0	3.000	 1.0	16.0
1	2013	236	19904.0	 22.0	 29.0	3.000	 2.0	 6.0
1	2013	237	11684.0	 22.0	 28.0	3.000	 2.0	 4.0
1	2013	238	9541.0	 22.0	 26.0	3.000	 2.0	16.0
1	2013	239	17903.0	 22.0	 29.0	3.000	 2.0	10.0
1	2013	240	19265.0	 22.0	 29.0	3.000	 2.0	 7.0
1	2013	241	13542.0	 23.0	 28.0	3.000	 1.0	 4.0
1	2013	242	19272.0	 22.0	 29.0	3.000	 2.0	 1.0
1	2013	243	17331.0	 21.0	 29.0	3.000	 3.0	 1.0
1	2013	244	18725.0	 22.0	 29.0	3.000	 2.0	 0.0
1	2013	245	16786.0	 22.0	 28.0	3.000	 2.0	 4.0
1	2013	246	19956.0	 22.0	 29.0	3.000	 1.0	 3.0
1	2013	247	16788.0	 22.0	 29.0	3.000	 1.0	13.0
1	2013	248	20819.0	 22.0	 30.0	3.000	 2.0	 5.0
1	2013	249	13478.0	 22.0	 28.0	3.000	 1.0	 7.0
1	2013	250	21355.0	 21.0	 29.0	3.000	 2.0	 2.0
1	2013	251	22948.0	 21.0	 30.0	3.000	 1.0	 1.0
1	2013	252	16624.0	 23.0	 29.0	3.000	 2.0	 3.0
1	2013	253	13985.0	 22.0	 28.0	3.000	 2.0	 1.0
1	2013	254	9894.0	 22.0	 26.0	3.000	 2.0	 8.0
1	2013	255	13018.0	 22.0	 27.0	3.000	 2.0	 7.0
1	2013	256	17846.0	 22.0	 28.0	3.000	 2.0	 1.0
1	2013	257	15720.0	 21.0	 29.0	3.000	 1.0	 1.0
1	2013	258	16902.0	 23.0	 30.0	3.000	 1.0	 6.0
1	2013	259	21274.0	 22.0	 30.0	3.000	 2.0	 1.0
1	2013	260	20466.0	 23.0	 30.0	3.000	 2.0	 1.0
1	2013	261	23831.0	 23.0	 32.0	3.000	 1.0	 0.0
1	2013	262	25201.0	 24.0	 33.0	3.000	 2.0	 0.0
1	2013	263	19099.0	 23.0	 31.0	3.000	 3.0	 1.0
1	2013	264	19889.0	 23.0	 31.0	3.000	 2.0	 1.0
1	2013	265	24381.0	 23.0	 32.0	3.000	 2.0	 1.0
1	2013	266	13688.0	 24.0	 30.0	3.000	 4.0	 1.0
1	2013	267	11772.0	 22.0	 28.0	3.000	 2.0	19.0
1	2013	268	10216.0	 22.0	 27.0	3.000	 2.0	 2.0
1	2013	269	21837.0	 22.0	 30.0	3.000	 1.0	 1.0
1	2013	270	22531.0	 23.0	 31.0	3.000	 1.0	 4.0
1	2013	271	21087.0	 23.0	 31.0	3.000	 2.0	 0.0
1	2013	272	23700.0	 23.0	 32.0	3.000	 2.0	 0.0
1	2013	273	23435.0	 23.0	 32.0	3.000	 2.0	 0.0
1	2013	274	22278.0	 23.0	 32.0	3.000	 2.0	 0.0
1	2013	275	22232.0	 23.0	 32.0	3.000	 2.0	 7.0
1	2013	276	18367.0	 24.0	 31.0	3.000	 2.0	 0.0
1	2013	277	19900.0	 22.0	 31.0	3.000	 2.0	 0.0
1	2013	278	20588.0	 23.0	 31.0	3.000	 2.0	 1.0
1	2013	279	23562.0	 23.0	 32.0	3.000	 2.0	 0.0
1	2013	280	21208.0	 23.0	 32.0	3.000	 2.0	 0.0
1	2013	281	18602.0	 23.0	 30.0	3.000	 1.0	 7.0
1	2013	282	16336.0	 23.0	 29.0	3.000	 2.0	12.0
1	2013	283	17250.0	 22.0	 29.0	3.000	 2.0	 1.0
1	2013	284	21646.0	 22.0	 31.0	3.000	 1.0	 4.0
1	2013	285	23543.0	 22.0	 33.0	3.000	 0.0	 0.0
1	2013	286	24746.0	 22.0	 34.0	3.000	 1.0	 0.0
1	2013	287	22352.0	 23.0	 31.0	3.000	 2.0	 3.0
1	2013	288	20302.0	 22.0	 31.0	3.000	 3.0	 2.0
1	2013	289	23090.0	 23.0	 32.0	3.000	 2.0	 0.0
1	2013	290	22461.0	 23.0	 33.0	3.000	 2.0	 0.0
1	2013	291	23721.0	 23.0	 34.0	3.000	 2.0	 0.0
1	2013	292	22795.0	 24.0	 33.0	3.000	 2.0	 0.0
1	2013	293	22894.0	 24.0	 34.0	3.000	 1.0	 0.0
1	2013	294	23635.0	 22.0	 34.0	3.000	 1.0	 0.0
1	2013	295	23151.0	 23.0	 34.0	3.000	 2.0	 0.0
1	2013	296	22189.0	 23.0	 35.0	3.000	 2.0	 0.0
1	2013	297	22419.0	 24.0	 35.0	2.000	 2.0	 0.0
1	2013	298	22786.0	 24.0	 35.0	2.000	 2.0	 0.0
1	2013	299	22516.0	 24.0	 35.0	2.000	 1.0	 0.0
1	2013	300	20973.0	 24.0	 35.0	2.000	 1.0	 0.0
1	2013	301	22935.0	 24.0	 35.0	2.000	 2.0	 0.0
1	2013	302	21049.0	 25.0	 36.0	2.000	 2.0	 0.0
1	2013	303	21571.0	 25.0	 35.0	3.000	 2.0	 1.0
1	2013	304	20621.0	 24.0	 34.0	3.000	 1.0	 0.0
1	2013	305	22699.0	 24.0	 36.0	2.000	 2.0	 0.0
1	2013	306	23016.0	 23.0	 36.0	2.000	 1.0	 0.0
1	2013	307	23706.0	 22.0	 36.0	2.000	 2.0	 0.0
1	2013	308	24024.0	 20.0	 36.0	1.000	 3.0	 0.0
1	2013	309	23910.0	 20.0	 35.0	1.000	 3.0	 0.0
1	2013	310	23623.0	 19.0	 35.0	1.000	 2.0	 0.0
1	2013	311	22093.0	 22.0	 35.0	2.000	 1.0	 0.0
1	2013	312	22294.0	 22.0	 36.0	2.000	 1.0	 0.0
1	2013	313	21914.0	 24.0	 36.0	2.000	 2.0	 0.0
1	2013	314	21821.0	 24.0	 37.0	2.000	 0.0	 0.0
1	2013	315	21940.0	 23.0	 36.0	2.000	 1.0	 0.0
1	2013	316	21788.0	 22.0	 35.0	2.000	 1.0	 0.0
1	2013	317	21727.0	 24.0	 35.0	2.000	 1.0	 0.0
1	2013	318	22225.0	 24.0	 36.0	2.000	 1.0	 0.0
1	2013	319	20095.0	 24.0	 35.0	2.000	 2.0	 0.0
1	2013	320	19033.0	 25.0	 35.0	2.000	 2.0	 0.0
1	2013	321	19483.0	 26.0	 36.0	2.000	 1.0	 0.0
1	2013	322	20909.0	 25.0	 36.0	2.000	 1.0	 0.0
1	2013	323	20105.0	 25.0	 36.0	2.000	 1.0	 0.0
1	2013	324	16712.0	 26.0	 35.0	2.000	 2.0	 0.0
1	2013	325	19200.0	 25.0	 36.0	2.000	 1.0	 0.0
1	2013	326	19136.0	 25.0	 35.0	2.000	 2.0	 0.0
1	2013	327	19766.0	 25.0	 35.0	2.000	 2.0	 0.0
1	2013	328	18414.0	 25.0	 35.0	2.000	 2.0	 0.0
1	2013	329	19437.0	 25.0	 35.0	2.000	 2.0	 0.0
1	2013	330	18474.0	 24.0	 35.0	2.000	 2.0	 3.0
1	2013	331	18508.0	 24.0	 34.0	3.000	 2.0	 0.0
1	2013	332	19476.0	 24.0	 37.0	2.000	 1.0	 0.0
1	2013	333	21779.0	 22.0	 38.0	1.000	 3.0	 0.0
1	2013	334	21803.0	 21.0	 36.0	1.000	 1.0	 0.0
1	2013	335	21669.0	 20.0	 35.0	1.000	 1.0	 0.0
1	2013	336	21259.0	 21.0	 36.0	2.000	 1.0	 0.0
1	2013	337	21258.0	 21.0	 36.0	1.000	 2.0	 0.0
1	2013	338	20682.0	 23.0	 36.0	1.000	 3.0	 0.0
1	2013	339	21232.0	 23.0	 35.0	1.000	 3.0	 0.0
1	2013	340	21450.0	 22.0	 34.0	1.000	 3.0	 0.0
1	2013	341	21696.0	 19.0	 32.0	1.000	 2.0	 0.0
1	2013	342	21473.0	 18.0	 32.0	1.000	 2.0	 0.0
1	2013	343	21116.0	 17.0	 33.0	1.000	 2.0	 0.0
1	2013	344	20994.0	 20.0	 34.0	1.000	 3.0	 0.0
1	2013	345	19924.0	 19.0	 35.0	1.000	 2.0	 0.0
1	2013	346	19908.0	 20.0	 35.0	1.000	 1.0	 0.0
1	2013	347	20959.0	 21.0	 35.0	1.000	 1.0	 0.0
1	2013	348	20823.0	 22.0	 34.0	1.000	 3.0	 0.0
1	2013	349	20124.0	 20.0	 32.0	1.000	 3.0	 0.0
1	2013	350	20422.0	 20.0	 32.0	1.000	 3.0	 0.0
1	2013	351	21107.0	 19.0	 32.0	1.000	 3.0	 0.0
1	2013	352	21292.0	 18.0	 31.0	1.000	 3.0	 0.0
1	2013	353	21181.0	 18.0	 32.0	1.000	 3.0	 0.0
1	2013	354	21286.0	 17.0	 32.0	1.000	 2.0	 0.0
1	2013	355	19262.0	 18.0	 33.0	1.000	 2.0	 0.0
1	2013	356	20396.0	 20.0	 34.0	1.000	 3.0	 0.0
1	2013	357	19956.0	 21.0	 34.0	1.000	 3.0	 0.0
1	2013	358	20723.0	 20.0	 34.0	1.000	 3.0	 0.0
1	2013	359	20736.0	 21.0	 36.0	1.000	 3.0	 0.0
1	2013	360	21129.0	 22.0	 37.0	1.000	 3.0	 0.0
1	2013	361	21094.0	 22.0	 36.0	1.000	 2.0	 0.0
1	2013	362	21240.0	 19.0	 36.0	1.000	 2.0	 0.0
1	2013	363	21280.0	 19.0	 36.0	1.000	 2.0	 0.0
1	2013	364	21254.0	 19.0	 36.0	1.000	 2.0	 0.0
1	2013	365	20885.0	 21.0	 36.0	1.000	 2.0	 0.0
