*---------------------------------------------------
* Station: -022611_106965
* Year: 2015
* Origin: ERA5-Reanalysis
* Columns & units
* ===================
* 1. station number
* 2. year
* 3. Day of Year
* 4. Irradiance   (kJ路m-2路d-1)
* 5. Daily minimum temperature (degC)
* 6. Daily maximum temperature (degC)
* 7. Vapour pressure (kPa)
* 8. Mean wind speed (m路s-1)
* 9. Precipitation (mm路d-1)
** WCCDESCRIPTION=-022611_106965
** WCCFORMAT=2
** WCCYEARNR=2015
*------------------------------------------------------------*
-0.23  10.70  203.00 -0.18  -0.55
1	2015	1	21156.0	 17.0	 32.0	1.000	 3.0	 0.0
1	2015	2	18747.0	 20.0	 32.0	1.000	 3.0	 0.0
1	2015	3	20935.0	 20.0	 33.0	1.000	 4.0	 0.0
1	2015	4	21233.0	 19.0	 31.0	1.000	 4.0	 0.0
1	2015	5	21440.0	 18.0	 31.0	1.000	 4.0	 0.0
1	2015	6	21785.0	 17.0	 31.0	1.000	 3.0	 0.0
1	2015	7	21793.0	 17.0	 31.0	1.000	 3.0	 0.0
1	2015	8	21614.0	 17.0	 32.0	1.000	 3.0	 0.0
1	2015	9	21525.0	 19.0	 33.0	1.000	 4.0	 0.0
1	2015	10	22026.0	 19.0	 31.0	0.500	 5.0	 0.0
1	2015	11	22154.0	 18.0	 31.0	1.000	 4.0	 0.0
1	2015	12	22013.0	 18.0	 31.0	1.000	 4.0	 0.0
1	2015	13	22216.0	 17.0	 30.0	1.000	 4.0	 0.0
1	2015	14	22092.0	 16.0	 32.0	1.000	 3.0	 0.0
1	2015	15	21960.0	 18.0	 33.0	1.000	 3.0	 0.0
1	2015	16	21666.0	 19.0	 34.0	1.000	 3.0	 0.0
1	2015	17	21711.0	 19.0	 35.0	1.000	 3.0	 0.0
1	2015	18	21973.0	 18.0	 34.0	1.000	 3.0	 0.0
1	2015	19	22078.0	 16.0	 34.0	1.000	 2.0	 0.0
1	2015	20	22098.0	 17.0	 35.0	1.000	 1.0	 0.0
1	2015	21	21977.0	 18.0	 35.0	1.000	 1.0	 0.0
1	2015	22	21647.0	 19.0	 36.0	1.000	 1.0	 0.0
1	2015	23	21921.0	 20.0	 37.0	1.000	 3.0	 0.0
1	2015	24	22141.0	 22.0	 37.0	1.000	 2.0	 0.0
1	2015	25	22156.0	 20.0	 36.0	1.000	 1.0	 0.0
1	2015	26	22325.0	 19.0	 35.0	1.000	 2.0	 0.0
1	2015	27	22484.0	 20.0	 35.0	1.000	 3.0	 0.0
1	2015	28	22491.0	 21.0	 36.0	1.000	 3.0	 0.0
1	2015	29	22551.0	 20.0	 35.0	1.000	 3.0	 0.0
1	2015	30	22715.0	 20.0	 35.0	1.000	 3.0	 0.0
1	2015	31	22569.0	 19.0	 36.0	1.000	 2.0	 0.0
1	2015	32	22454.0	 20.0	 37.0	1.000	 1.0	 0.0
1	2015	33	22958.0	 20.0	 38.0	1.000	 1.0	 0.0
1	2015	34	22915.0	 19.0	 38.0	1.000	 2.0	 0.0
1	2015	35	21270.0	 21.0	 38.0	1.000	 1.0	 0.0
1	2015	36	20642.0	 23.0	 38.0	2.000	 0.0	 0.0
1	2015	37	22571.0	 21.0	 38.0	1.000	 1.0	 0.0
1	2015	38	22064.0	 22.0	 38.0	1.000	 1.0	 0.0
1	2015	39	23068.0	 22.0	 39.0	1.000	 2.0	 0.0
1	2015	40	22249.0	 22.0	 38.0	2.000	 1.0	 0.0
1	2015	41	20737.0	 25.0	 38.0	2.000	 2.0	 0.0
1	2015	42	20923.0	 25.0	 39.0	2.000	 1.0	 0.0
1	2015	43	21993.0	 24.0	 37.0	2.000	 1.0	 0.0
1	2015	44	22561.0	 22.0	 38.0	2.000	 1.0	 0.0
1	2015	45	22749.0	 23.0	 38.0	1.000	 1.0	 0.0
1	2015	46	21704.0	 24.0	 38.0	2.000	 1.0	 0.0
1	2015	47	21847.0	 24.0	 38.0	2.000	 1.0	 0.0
1	2015	48	23748.0	 22.0	 37.0	1.000	 2.0	 0.0
1	2015	49	22513.0	 21.0	 37.0	1.000	 1.0	 0.0
1	2015	50	20362.0	 24.0	 36.0	2.000	 2.0	 0.0
1	2015	51	15049.0	 26.0	 34.0	2.000	 3.0	 1.0
1	2015	52	18131.0	 23.0	 33.0	2.000	 1.0	 9.0
1	2015	53	22156.0	 24.0	 35.0	1.000	 2.0	 0.0
1	2015	54	23115.0	 23.0	 35.0	1.000	 4.0	 0.0
1	2015	55	24151.0	 23.0	 36.0	0.500	 3.0	 0.0
1	2015	56	23431.0	 22.0	 36.0	0.500	 3.0	 0.0
1	2015	57	24699.0	 21.0	 36.0	0.500	 3.0	 0.0
1	2015	58	24920.0	 22.0	 35.0	0.500	 4.0	 0.0
1	2015	59	25102.0	 21.0	 36.0	0.500	 3.0	 0.0
1	2015	60	25077.0	 22.0	 36.0	0.500	 4.0	 0.0
1	2015	61	25144.0	 22.0	 37.0	0.500	 4.0	 0.0
1	2015	62	25118.0	 22.0	 37.0	1.000	 3.0	 0.0
1	2015	63	25247.0	 23.0	 38.0	1.000	 3.0	 0.0
1	2015	64	25106.0	 23.0	 39.0	1.000	 3.0	 0.0
1	2015	65	25331.0	 24.0	 39.0	1.000	 3.0	 0.0
1	2015	66	25605.0	 24.0	 39.0	1.000	 2.0	 0.0
1	2015	67	25927.0	 22.0	 39.0	1.000	 1.0	 0.0
1	2015	68	26011.0	 22.0	 39.0	1.000	 2.0	 0.0
1	2015	69	25762.0	 22.0	 40.0	1.000	 2.0	 0.0
1	2015	70	24406.0	 23.0	 39.0	1.000	 2.0	 0.0
1	2015	71	24500.0	 24.0	 40.0	2.000	 1.0	 0.0
1	2015	72	23129.0	 28.0	 38.0	2.000	 0.0	 1.0
1	2015	73	24412.0	 25.0	 39.0	2.000	 0.0	 0.0
1	2015	74	24941.0	 24.0	 40.0	1.000	 1.0	 0.0
1	2015	75	22657.0	 26.0	 40.0	1.000	 1.0	 0.0
1	2015	76	21489.0	 28.0	 39.0	2.000	 2.0	 0.0
1	2015	77	15731.0	 26.0	 37.0	2.000	 3.0	 0.0
1	2015	78	21859.0	 27.0	 39.0	2.000	 1.0	 0.0
1	2015	79	24931.0	 27.0	 38.0	1.000	 4.0	 0.0
1	2015	80	24246.0	 26.0	 39.0	2.000	 1.0	 0.0
1	2015	81	22949.0	 27.0	 39.0	2.000	 3.0	 1.0
1	2015	82	20370.0	 28.0	 39.0	2.000	 3.0	 0.0
1	2015	83	20932.0	 26.0	 39.0	2.000	 2.0	 3.0
1	2015	84	16506.0	 25.0	 34.0	2.000	 3.0	 3.0
1	2015	85	18667.0	 27.0	 35.0	3.000	 1.0	 2.0
1	2015	86	21627.0	 25.0	 37.0	2.000	 1.0	 0.0
1	2015	87	26698.0	 25.0	 38.0	1.000	 1.0	 0.0
1	2015	88	27219.0	 22.0	 37.0	0.500	 1.0	 0.0
1	2015	89	27069.0	 20.0	 38.0	1.000	 1.0	 0.0
1	2015	90	25125.0	 24.0	 38.0	2.000	 2.0	 0.0
1	2015	91	20884.0	 25.0	 36.0	2.000	 2.0	 0.0
1	2015	92	21546.0	 26.0	 38.0	2.000	 0.0	 0.0
1	2015	93	26593.0	 25.0	 40.0	1.000	 2.0	 0.0
1	2015	94	24260.0	 24.0	 38.0	2.000	 2.0	 0.0
1	2015	95	23260.0	 27.0	 39.0	2.000	 3.0	 0.0
1	2015	96	20133.0	 26.0	 37.0	2.000	 3.0	 0.0
1	2015	97	15068.0	 28.0	 38.0	2.000	 1.0	 0.0
1	2015	98	23588.0	 26.0	 39.0	2.000	 2.0	 0.0
1	2015	99	25222.0	 27.0	 41.0	2.000	 1.0	 0.0
1	2015	100	26013.0	 27.0	 40.0	2.000	 2.0	 0.0
1	2015	101	23505.0	 28.0	 39.0	2.000	 2.0	 0.0
1	2015	102	22020.0	 27.0	 38.0	3.000	 3.0	 0.0
1	2015	103	25043.0	 26.0	 39.0	2.000	 1.0	 0.0
1	2015	104	28374.0	 25.0	 39.0	1.000	 3.0	 0.0
1	2015	105	28844.0	 21.0	 39.0	0.500	 2.0	 0.0
1	2015	106	28581.0	 21.0	 39.0	1.000	 2.0	 0.0
1	2015	107	28489.0	 21.0	 39.0	0.500	 2.0	 0.0
1	2015	108	27232.0	 22.0	 39.0	1.000	 1.0	 0.0
1	2015	109	27251.0	 23.0	 40.0	1.000	 1.0	 0.0
1	2015	110	24791.0	 26.0	 39.0	2.000	 2.0	 0.0
1	2015	111	25363.0	 27.0	 40.0	2.000	 2.0	 0.0
1	2015	112	26317.0	 28.0	 41.0	2.000	 2.0	 0.0
1	2015	113	25994.0	 27.0	 40.0	2.000	 2.0	 0.0
1	2015	114	24877.0	 27.0	 40.0	2.000	 2.0	 0.0
1	2015	115	23970.0	 28.0	 39.0	2.000	 3.0	 0.0
1	2015	116	23949.0	 28.0	 40.0	2.000	 3.0	 0.0
1	2015	117	22740.0	 28.0	 38.0	2.000	 3.0	 0.0
1	2015	118	24736.0	 28.0	 40.0	2.000	 2.0	 0.0
1	2015	119	25660.0	 27.0	 39.0	2.000	 2.0	 0.0
1	2015	120	25722.0	 28.0	 40.0	2.000	 2.0	 0.0
1	2015	121	26108.0	 28.0	 40.0	2.000	 3.0	 0.0
1	2015	122	24595.0	 27.0	 40.0	2.000	 3.0	 1.0
1	2015	123	25079.0	 28.0	 39.0	2.000	 3.0	 0.0
1	2015	124	23170.0	 27.0	 38.0	2.000	 4.0	 1.0
1	2015	125	23903.0	 28.0	 37.0	3.000	 3.0	 2.0
1	2015	126	24280.0	 26.0	 38.0	2.000	 3.0	 0.0
1	2015	127	24920.0	 28.0	 40.0	2.000	 3.0	 0.0
1	2015	128	25450.0	 28.0	 39.0	2.000	 4.0	 0.0
1	2015	129	23223.0	 26.0	 38.0	2.000	 3.0	 4.0
1	2015	130	23473.0	 28.0	 37.0	3.000	 3.0	 1.0
1	2015	131	20055.0	 27.0	 35.0	2.000	 2.0	 0.0
1	2015	132	24609.0	 27.0	 39.0	2.000	 2.0	 1.0
1	2015	133	23297.0	 27.0	 39.0	2.000	 2.0	 0.0
1	2015	134	25266.0	 28.0	 40.0	2.000	 3.0	 0.0
1	2015	135	22124.0	 27.0	 38.0	3.000	 2.0	 1.0
1	2015	136	23248.0	 27.0	 39.0	2.000	 1.0	 0.0
1	2015	137	24019.0	 28.0	 38.0	3.000	 2.0	 0.0
1	2015	138	23487.0	 28.0	 39.0	3.000	 3.0	 3.0
1	2015	139	20007.0	 26.0	 36.0	3.000	 4.0	 1.0
1	2015	140	21199.0	 27.0	 36.0	3.000	 3.0	 2.0
1	2015	141	24322.0	 27.0	 38.0	3.000	 3.0	 1.0
1	2015	142	24245.0	 28.0	 39.0	3.000	 3.0	 0.0
1	2015	143	21732.0	 27.0	 38.0	3.000	 3.0	 5.0
1	2015	144	19585.0	 25.0	 35.0	2.000	 3.0	 0.0
1	2015	145	24452.0	 27.0	 38.0	3.000	 2.0	 0.0
1	2015	146	24414.0	 28.0	 39.0	3.000	 3.0	 0.0
1	2015	147	20593.0	 27.0	 37.0	3.000	 4.0	 0.0
1	2015	148	24263.0	 26.0	 38.0	3.000	 3.0	 0.0
1	2015	149	25205.0	 26.0	 38.0	3.000	 4.0	 0.0
1	2015	150	24056.0	 27.0	 37.0	3.000	 3.0	 0.0
1	2015	151	24083.0	 28.0	 38.0	3.000	 4.0	 1.0
1	2015	152	23643.0	 27.0	 37.0	3.000	 4.0	 0.0
1	2015	153	18789.0	 26.0	 35.0	3.000	 4.0	 0.0
1	2015	154	16706.0	 25.0	 35.0	3.000	 2.0	 0.0
1	2015	155	22243.0	 25.0	 34.0	3.000	 3.0	 0.0
1	2015	156	18679.0	 26.0	 35.0	3.000	 3.0	 1.0
1	2015	157	19512.0	 25.0	 36.0	3.000	 4.0	 0.0
1	2015	158	25220.0	 26.0	 37.0	2.000	 3.0	 0.0
1	2015	159	24156.0	 27.0	 37.0	3.000	 3.0	 2.0
1	2015	160	17407.0	 24.0	 35.0	3.000	 3.0	 5.0
1	2015	161	20029.0	 24.0	 34.0	3.000	 3.0	 5.0
1	2015	162	22156.0	 24.0	 36.0	3.000	 3.0	 0.0
1	2015	163	23897.0	 26.0	 37.0	3.000	 3.0	 0.0
1	2015	164	21148.0	 24.0	 35.0	3.000	 4.0	 0.0
1	2015	165	17004.0	 25.0	 33.0	3.000	 3.0	 0.0
1	2015	166	22907.0	 25.0	 36.0	3.000	 3.0	 0.0
1	2015	167	17987.0	 26.0	 36.0	3.000	 3.0	 0.0
1	2015	168	21520.0	 26.0	 36.0	3.000	 3.0	 1.0
1	2015	169	20057.0	 26.0	 36.0	3.000	 4.0	 0.0
1	2015	170	21066.0	 26.0	 36.0	3.000	 4.0	 1.0
1	2015	171	21593.0	 25.0	 36.0	3.000	 3.0	11.0
1	2015	172	15761.0	 24.0	 32.0	3.000	 3.0	 0.0
1	2015	173	18460.0	 24.0	 34.0	3.000	 3.0	 0.0
1	2015	174	20610.0	 25.0	 35.0	3.000	 4.0	 0.0
1	2015	175	22624.0	 25.0	 35.0	3.000	 3.0	 0.0
1	2015	176	19646.0	 24.0	 33.0	3.000	 3.0	 7.0
1	2015	177	23059.0	 25.0	 35.0	3.000	 3.0	 2.0
1	2015	178	20694.0	 24.0	 33.0	3.000	 3.0	 8.0
1	2015	179	20075.0	 24.0	 32.0	3.000	 3.0	 2.0
1	2015	180	17815.0	 25.0	 33.0	3.000	 3.0	 1.0
1	2015	181	21756.0	 25.0	 34.0	3.000	 3.0	 0.0
1	2015	182	18769.0	 25.0	 35.0	3.000	 3.0	 0.0
1	2015	183	22554.0	 26.0	 36.0	3.000	 3.0	 4.0
1	2015	184	12794.0	 25.0	 31.0	3.000	 3.0	 3.0
1	2015	185	20767.0	 24.0	 34.0	3.000	 3.0	 0.0
1	2015	186	23138.0	 24.0	 34.0	3.000	 2.0	 0.0
1	2015	187	16202.0	 25.0	 32.0	3.000	 1.0	 7.0
1	2015	188	21967.0	 25.0	 33.0	3.000	 2.0	 2.0
1	2015	189	20569.0	 25.0	 33.0	3.000	 1.0	 5.0
1	2015	190	12735.0	 24.0	 29.0	3.000	 1.0	10.0
1	2015	191	22037.0	 23.0	 32.0	3.000	 1.0	 7.0
1	2015	192	21531.0	 24.0	 32.0	3.000	 2.0	 8.0
1	2015	193	19743.0	 23.0	 32.0	3.000	 1.0	10.0
1	2015	194	14927.0	 23.0	 30.0	3.000	 2.0	 1.0
1	2015	195	20484.0	 23.0	 32.0	3.000	 3.0	 0.0
1	2015	196	22308.0	 24.0	 32.0	3.000	 3.0	 0.0
1	2015	197	19760.0	 24.0	 31.0	3.000	 3.0	 1.0
1	2015	198	21395.0	 24.0	 32.0	3.000	 2.0	 2.0
1	2015	199	17903.0	 25.0	 32.0	3.000	 2.0	12.0
1	2015	200	17416.0	 25.0	 31.0	3.000	 4.0	 3.0
1	2015	201	8279.0	 23.0	 29.0	3.000	 2.0	11.0
1	2015	202	8231.0	 22.0	 26.0	3.000	 3.0	25.0
1	2015	203	17790.0	 22.0	 29.0	3.000	 3.0	 1.0
1	2015	204	20591.0	 23.0	 30.0	3.000	 2.0	 1.0
1	2015	205	18574.0	 23.0	 29.0	3.000	 2.0	 1.0
1	2015	206	21463.0	 23.0	 30.0	3.000	 3.0	 4.0
1	2015	207	20845.0	 23.0	 30.0	3.000	 2.0	 4.0
1	2015	208	17733.0	 23.0	 30.0	3.000	 2.0	13.0
1	2015	209	8434.0	 23.0	 26.0	3.000	 3.0	20.0
1	2015	210	18078.0	 22.0	 29.0	3.000	 2.0	 3.0
1	2015	211	21076.0	 23.0	 30.0	3.000	 2.0	 2.0
1	2015	212	18881.0	 23.0	 30.0	3.000	 3.0	 1.0
1	2015	213	20664.0	 22.0	 30.0	3.000	 2.0	 3.0
1	2015	214	6730.0	 23.0	 26.0	3.000	 2.0	13.0
1	2015	215	17435.0	 23.0	 29.0	3.000	 2.0	 8.0
1	2015	216	19240.0	 23.0	 30.0	3.000	 3.0	 4.0
1	2015	217	6590.0	 23.0	 26.0	3.000	 1.0	19.0
1	2015	218	17622.0	 22.0	 30.0	3.000	 2.0	13.0
1	2015	219	12453.0	 22.0	 28.0	3.000	 2.0	12.0
1	2015	220	13302.0	 22.0	 29.0	3.000	 2.0	10.0
1	2015	221	21302.0	 22.0	 30.0	3.000	 1.0	 2.0
1	2015	222	8738.0	 23.0	 27.0	3.000	 1.0	34.0
1	2015	223	14725.0	 23.0	 28.0	3.000	 3.0	 2.0
1	2015	224	20072.0	 22.0	 30.0	3.000	 2.0	 9.0
1	2015	225	18983.0	 23.0	 30.0	3.000	 1.0	12.0
1	2015	226	20361.0	 23.0	 31.0	3.000	 1.0	 1.0
1	2015	227	15341.0	 23.0	 28.0	3.000	 2.0	 3.0
1	2015	228	20278.0	 23.0	 30.0	3.000	 3.0	 1.0
1	2015	229	15997.0	 24.0	 30.0	3.000	 2.0	 8.0
1	2015	230	9498.0	 23.0	 27.0	3.000	 1.0	35.0
1	2015	231	19615.0	 22.0	 29.0	3.000	 2.0	 4.0
1	2015	232	16948.0	 22.0	 29.0	3.000	 1.0	 7.0
1	2015	233	13998.0	 23.0	 29.0	3.000	 1.0	18.0
1	2015	234	14844.0	 22.0	 29.0	3.000	 2.0	 1.0
1	2015	235	19731.0	 23.0	 30.0	3.000	 2.0	 0.0
1	2015	236	17797.0	 24.0	 31.0	3.000	 2.0	 8.0
1	2015	237	16329.0	 23.0	 29.0	3.000	 3.0	 1.0
1	2015	238	15157.0	 23.0	 29.0	3.000	 2.0	11.0
1	2015	239	16458.0	 22.0	 29.0	3.000	 2.0	 3.0
1	2015	240	13778.0	 23.0	 28.0	3.000	 2.0	 4.0
1	2015	241	11953.0	 22.0	 27.0	3.000	 2.0	13.0
1	2015	242	14876.0	 22.0	 28.0	3.000	 2.0	 8.0
1	2015	243	21911.0	 22.0	 30.0	3.000	 2.0	 8.0
1	2015	244	8977.0	 23.0	 27.0	3.000	 2.0	72.0
1	2015	245	16986.0	 22.0	 29.0	3.000	 2.0	 2.0
1	2015	246	18480.0	 23.0	 30.0	3.000	 2.0	 6.0
1	2015	247	14592.0	 22.0	 29.0	3.000	 1.0	11.0
1	2015	248	18365.0	 22.0	 30.0	3.000	 1.0	 2.0
1	2015	249	15472.0	 23.0	 29.0	3.000	 2.0	11.0
1	2015	250	15016.0	 22.0	 29.0	3.000	 2.0	 0.0
1	2015	251	15328.0	 22.0	 29.0	3.000	 2.0	 3.0
1	2015	252	14062.0	 23.0	 29.0	3.000	 1.0	22.0
1	2015	253	21570.0	 22.0	 30.0	3.000	 1.0	 1.0
1	2015	254	23040.0	 22.0	 31.0	3.000	 1.0	 1.0
1	2015	255	20105.0	 23.0	 31.0	3.000	 2.0	 0.0
1	2015	256	21545.0	 23.0	 31.0	3.000	 2.0	 4.0
1	2015	257	18495.0	 24.0	 30.0	3.000	 2.0	 1.0
1	2015	258	19740.0	 23.0	 30.0	3.000	 2.0	 7.0
1	2015	259	14792.0	 23.0	 29.0	3.000	 3.0	 3.0
1	2015	260	22049.0	 23.0	 30.0	3.000	 2.0	 6.0
1	2015	261	11584.0	 22.0	 28.0	3.000	 1.0	 4.0
1	2015	262	19867.0	 23.0	 30.0	3.000	 1.0	 4.0
1	2015	263	17442.0	 23.0	 30.0	3.000	 1.0	10.0
1	2015	264	19234.0	 22.0	 30.0	3.000	 1.0	 7.0
1	2015	265	19038.0	 23.0	 30.0	3.000	 1.0	 3.0
1	2015	266	20418.0	 23.0	 30.0	3.000	 2.0	 1.0
1	2015	267	21251.0	 24.0	 31.0	3.000	 2.0	 2.0
1	2015	268	12919.0	 23.0	 29.0	3.000	 1.0	 2.0
1	2015	269	18336.0	 22.0	 31.0	3.000	 2.0	 0.0
1	2015	270	22600.0	 23.0	 31.0	3.000	 1.0	 3.0
1	2015	271	20583.0	 23.0	 30.0	3.000	 2.0	 1.0
1	2015	272	18293.0	 23.0	 30.0	3.000	 1.0	 1.0
1	2015	273	21642.0	 23.0	 31.0	3.000	 1.0	 8.0
1	2015	274	18342.0	 23.0	 31.0	3.000	 2.0	 0.0
1	2015	275	21496.0	 24.0	 32.0	3.000	 1.0	 2.0
1	2015	276	13302.0	 23.0	 30.0	3.000	 2.0	 1.0
1	2015	277	20518.0	 23.0	 31.0	3.000	 1.0	 4.0
1	2015	278	13569.0	 24.0	 29.0	3.000	 1.0	12.0
1	2015	279	21570.0	 23.0	 31.0	3.000	 1.0	 1.0
1	2015	280	17621.0	 24.0	 30.0	3.000	 2.0	 4.0
1	2015	281	17391.0	 23.0	 31.0	3.000	 2.0	 0.0
1	2015	282	19621.0	 24.0	 30.0	3.000	 2.0	 4.0
1	2015	283	16315.0	 23.0	 30.0	3.000	 1.0	 1.0
1	2015	284	16598.0	 23.0	 30.0	3.000	 1.0	 0.0
1	2015	285	20553.0	 23.0	 32.0	3.000	 1.0	 2.0
1	2015	286	21347.0	 23.0	 32.0	3.000	 1.0	 1.0
1	2015	287	20875.0	 24.0	 32.0	3.000	 2.0	 1.0
1	2015	288	21732.0	 24.0	 33.0	3.000	 2.0	 0.0
1	2015	289	23627.0	 23.0	 33.0	3.000	 2.0	 0.0
1	2015	290	22455.0	 25.0	 33.0	3.000	 2.0	 0.0
1	2015	291	19870.0	 24.0	 32.0	3.000	 2.0	 6.0
1	2015	292	22875.0	 24.0	 33.0	3.000	 2.0	 0.0
1	2015	293	20717.0	 24.0	 33.0	3.000	 2.0	 1.0
1	2015	294	17880.0	 24.0	 32.0	3.000	 2.0	 9.0
1	2015	295	14901.0	 24.0	 31.0	3.000	 3.0	 0.0
1	2015	296	19852.0	 24.0	 33.0	3.000	 2.0	 0.0
1	2015	297	22627.0	 24.0	 33.0	3.000	 2.0	 0.0
1	2015	298	22584.0	 25.0	 33.0	3.000	 3.0	 0.0
1	2015	299	18329.0	 25.0	 32.0	3.000	 2.0	 1.0
1	2015	300	20867.0	 25.0	 33.0	3.000	 2.0	 3.0
1	2015	301	17309.0	 24.0	 32.0	3.000	 2.0	 2.0
1	2015	302	21565.0	 23.0	 33.0	3.000	 1.0	 1.0
1	2015	303	20323.0	 24.0	 33.0	3.000	 2.0	 4.0
1	2015	304	13002.0	 24.0	 31.0	3.000	 1.0	 0.0
1	2015	305	18117.0	 24.0	 32.0	3.000	 2.0	 0.0
1	2015	306	20948.0	 24.0	 34.0	3.000	 1.0	 0.0
1	2015	307	21085.0	 23.0	 35.0	2.000	 1.0	 0.0
1	2015	308	22386.0	 24.0	 35.0	2.000	 1.0	 0.0
1	2015	309	21661.0	 23.0	 34.0	2.000	 1.0	 0.0
1	2015	310	21247.0	 22.0	 34.0	2.000	 1.0	 0.0
1	2015	311	23030.0	 21.0	 34.0	2.000	 1.0	 0.0
1	2015	312	20221.0	 21.0	 33.0	2.000	 1.0	 0.0
1	2015	313	19765.0	 22.0	 34.0	2.000	 1.0	 0.0
1	2015	314	20501.0	 23.0	 35.0	2.000	 1.0	 0.0
1	2015	315	22034.0	 23.0	 35.0	2.000	 2.0	 0.0
1	2015	316	22723.0	 23.0	 36.0	1.000	 3.0	 0.0
1	2015	317	22877.0	 23.0	 36.0	1.000	 4.0	 0.0
1	2015	318	23124.0	 23.0	 36.0	1.000	 4.0	 0.0
1	2015	319	22997.0	 20.0	 35.0	1.000	 2.0	 0.0
1	2015	320	22645.0	 22.0	 35.0	1.000	 3.0	 0.0
1	2015	321	22143.0	 21.0	 35.0	1.000	 3.0	 0.0
1	2015	322	22620.0	 22.0	 35.0	1.000	 3.0	 0.0
1	2015	323	22434.0	 21.0	 36.0	1.000	 3.0	 0.0
1	2015	324	22281.0	 22.0	 35.0	1.000	 3.0	 0.0
1	2015	325	21881.0	 22.0	 35.0	1.000	 3.0	 0.0
1	2015	326	22300.0	 20.0	 35.0	1.000	 2.0	 0.0
1	2015	327	21834.0	 20.0	 36.0	1.000	 1.0	 0.0
1	2015	328	21542.0	 21.0	 37.0	1.000	 2.0	 0.0
1	2015	329	21792.0	 22.0	 36.0	1.000	 1.0	 0.0
1	2015	330	21472.0	 21.0	 36.0	1.000	 1.0	 0.0
1	2015	331	21388.0	 21.0	 36.0	2.000	 0.0	 0.0
1	2015	332	21717.0	 20.0	 36.0	1.000	 1.0	 0.0
1	2015	333	21866.0	 19.0	 36.0	1.000	 1.0	 0.0
1	2015	334	22365.0	 20.0	 36.0	1.000	 2.0	 0.0
1	2015	335	22288.0	 20.0	 35.0	1.000	 3.0	 0.0
1	2015	336	21653.0	 21.0	 34.0	1.000	 3.0	 0.0
1	2015	337	21586.0	 22.0	 34.0	1.000	 4.0	 0.0
1	2015	338	21660.0	 21.0	 33.0	1.000	 4.0	 0.0
1	2015	339	21661.0	 20.0	 32.0	1.000	 3.0	 0.0
1	2015	340	21371.0	 19.0	 32.0	1.000	 3.0	 0.0
1	2015	341	19641.0	 21.0	 33.0	1.000	 3.0	 0.0
1	2015	342	21325.0	 20.0	 33.0	1.000	 3.0	 0.0
1	2015	343	21415.0	 19.0	 32.0	1.000	 3.0	 0.0
1	2015	344	21488.0	 18.0	 33.0	1.000	 3.0	 0.0
1	2015	345	21297.0	 19.0	 33.0	1.000	 3.0	 0.0
1	2015	346	21251.0	 20.0	 33.0	1.000	 3.0	 0.0
1	2015	347	21650.0	 19.0	 32.0	1.000	 3.0	 0.0
1	2015	348	21512.0	 17.0	 32.0	1.000	 3.0	 0.0
1	2015	349	21600.0	 19.0	 32.0	1.000	 4.0	 0.0
1	2015	350	21652.0	 18.0	 32.0	1.000	 4.0	 0.0
1	2015	351	21670.0	 18.0	 32.0	1.000	 4.0	 0.0
1	2015	352	21527.0	 18.0	 31.0	1.000	 3.0	 0.0
1	2015	353	21346.0	 17.0	 31.0	1.000	 3.0	 0.0
1	2015	354	20526.0	 18.0	 31.0	1.000	 3.0	 0.0
1	2015	355	19863.0	 19.0	 32.0	1.000	 3.0	 0.0
1	2015	356	20567.0	 20.0	 33.0	1.000	 3.0	 0.0
1	2015	357	20911.0	 20.0	 32.0	1.000	 4.0	 0.0
1	2015	358	21203.0	 19.0	 32.0	1.000	 4.0	 0.0
1	2015	359	21249.0	 18.0	 32.0	1.000	 4.0	 0.0
1	2015	360	21032.0	 19.0	 32.0	1.000	 4.0	 0.0
1	2015	361	21144.0	 18.0	 32.0	1.000	 4.0	 0.0
1	2015	362	21012.0	 18.0	 33.0	1.000	 3.0	 0.0
1	2015	363	20471.0	 19.0	 33.0	1.000	 3.0	 0.0
1	2015	364	21271.0	 20.0	 34.0	1.000	 3.0	 0.0
1	2015	365	21435.0	 19.0	 33.0	1.000	 3.0	 0.0
