*---------------------------------------------------
* Station: -022611_106965
* Year: 2014
* Origin: ERA5-Reanalysis
* Columns & units
* ===================
* 1. station number
* 2. year
* 3. Day of Year
* 4. Irradiance   (kJ路m-2路d-1)
* 5. Daily minimum temperature (degC)
* 6. Daily maximum temperature (degC)
* 7. Vapour pressure (kPa)
* 8. Mean wind speed (m路s-1)
* 9. Precipitation (mm路d-1)
** WCCDESCRIPTION=-022611_106965
** WCCFORMAT=2
** WCCYEARNR=2014
*------------------------------------------------------------*
-0.23  10.70  203.00 -0.18  -0.55
1	2014	1	20063.0	 21.0	 34.0	1.000	 2.0	 0.0
1	2014	2	19577.0	 21.0	 34.0	1.000	 3.0	 0.0
1	2014	3	17079.0	 21.0	 34.0	1.000	 4.0	 0.0
1	2014	4	21043.0	 21.0	 34.0	1.000	 4.0	 0.0
1	2014	5	21261.0	 20.0	 34.0	1.000	 3.0	 0.0
1	2014	6	20888.0	 21.0	 34.0	1.000	 3.0	 0.0
1	2014	7	21058.0	 19.0	 34.0	1.000	 3.0	 0.0
1	2014	8	21068.0	 20.0	 35.0	1.000	 3.0	 0.0
1	2014	9	21145.0	 21.0	 35.0	1.000	 2.0	 0.0
1	2014	10	21243.0	 21.0	 35.0	1.000	 3.0	 0.0
1	2014	11	21337.0	 21.0	 34.0	1.000	 3.0	 0.0
1	2014	12	21943.0	 20.0	 34.0	1.000	 3.0	 0.0
1	2014	13	21819.0	 20.0	 34.0	1.000	 3.0	 0.0
1	2014	14	22061.0	 18.0	 35.0	1.000	 2.0	 0.0
1	2014	15	22175.0	 19.0	 36.0	1.000	 2.0	 0.0
1	2014	16	22014.0	 19.0	 36.0	1.000	 2.0	 0.0
1	2014	17	19451.0	 19.0	 35.0	2.000	 2.0	 0.0
1	2014	18	18480.0	 25.0	 35.0	2.000	 1.0	 0.0
1	2014	19	19023.0	 23.0	 35.0	2.000	 2.0	 0.0
1	2014	20	19755.0	 24.0	 36.0	1.000	 3.0	 0.0
1	2014	21	20985.0	 23.0	 36.0	1.000	 3.0	 0.0
1	2014	22	21803.0	 22.0	 36.0	1.000	 2.0	 0.0
1	2014	23	21866.0	 19.0	 36.0	1.000	 2.0	 0.0
1	2014	24	21068.0	 20.0	 37.0	1.000	 3.0	 0.0
1	2014	25	21982.0	 21.0	 37.0	1.000	 2.0	 0.0
1	2014	26	21789.0	 20.0	 37.0	1.000	 2.0	 0.0
1	2014	27	22183.0	 22.0	 37.0	1.000	 2.0	 0.0
1	2014	28	22277.0	 22.0	 36.0	1.000	 2.0	 0.0
1	2014	29	22058.0	 20.0	 37.0	1.000	 1.0	 0.0
1	2014	30	17562.0	 25.0	 36.0	2.000	 2.0	 0.0
1	2014	31	20471.0	 24.0	 34.0	2.000	 1.0	 0.0
1	2014	32	20529.0	 22.0	 32.0	1.000	 4.0	 0.0
1	2014	33	21551.0	 20.0	 32.0	0.000	 4.0	 0.0
1	2014	34	21373.0	 19.0	 33.0	1.000	 2.0	 0.0
1	2014	35	21772.0	 21.0	 36.0	1.000	 3.0	 0.0
1	2014	36	21898.0	 24.0	 36.0	1.000	 4.0	 0.0
1	2014	37	22211.0	 25.0	 37.0	1.000	 4.0	 0.0
1	2014	38	22653.0	 24.0	 37.0	1.000	 3.0	 0.0
1	2014	39	22949.0	 23.0	 37.0	1.000	 3.0	 0.0
1	2014	40	23086.0	 23.0	 38.0	1.000	 3.0	 0.0
1	2014	41	23175.0	 23.0	 37.0	1.000	 3.0	 0.0
1	2014	42	22965.0	 23.0	 37.0	1.000	 3.0	 0.0
1	2014	43	23346.0	 23.0	 37.0	1.000	 3.0	 0.0
1	2014	44	23738.0	 23.0	 37.0	0.000	 4.0	 0.0
1	2014	45	24146.0	 23.0	 36.0	0.000	 4.0	 0.0
1	2014	46	24303.0	 21.0	 36.0	1.000	 3.0	 0.0
1	2014	47	23561.0	 21.0	 36.0	1.000	 2.0	 0.0
1	2014	48	22045.0	 22.0	 37.0	1.000	 1.0	 0.0
1	2014	49	23477.0	 22.0	 38.0	1.000	 2.0	 0.0
1	2014	50	24109.0	 21.0	 38.0	1.000	 2.0	 0.0
1	2014	51	24077.0	 22.0	 37.0	1.000	 3.0	 0.0
1	2014	52	24347.0	 22.0	 37.0	1.000	 3.0	 0.0
1	2014	53	24414.0	 22.0	 38.0	1.000	 2.0	 0.0
1	2014	54	24504.0	 22.0	 39.0	1.000	 3.0	 0.0
1	2014	55	24537.0	 21.0	 39.0	1.000	 3.0	 0.0
1	2014	56	22722.0	 24.0	 39.0	2.000	 2.0	 0.0
1	2014	57	21694.0	 27.0	 38.0	2.000	 1.0	 0.0
1	2014	58	20356.0	 26.0	 37.0	2.000	 2.0	 0.0
1	2014	59	22570.0	 25.0	 35.0	1.000	 2.0	 0.0
1	2014	60	23748.0	 23.0	 35.0	1.000	 3.0	 0.0
1	2014	61	25079.0	 21.0	 35.0	1.000	 3.0	 0.0
1	2014	62	25317.0	 21.0	 37.0	1.000	 3.0	 0.0
1	2014	63	25361.0	 22.0	 38.0	1.000	 3.0	 0.0
1	2014	64	24666.0	 21.0	 38.0	1.000	 1.0	 0.0
1	2014	65	23012.0	 23.0	 37.0	1.000	 0.0	 0.0
1	2014	66	24696.0	 22.0	 38.0	1.000	 1.0	 0.0
1	2014	67	25303.0	 23.0	 39.0	1.000	 1.0	 0.0
1	2014	68	23642.0	 22.0	 38.0	1.000	 2.0	 0.0
1	2014	69	26076.0	 21.0	 38.0	1.000	 2.0	 0.0
1	2014	70	23175.0	 22.0	 38.0	1.000	 2.0	 0.0
1	2014	71	20469.0	 27.0	 37.0	2.000	 2.0	 1.0
1	2014	72	23213.0	 25.0	 38.0	2.000	 1.0	 0.0
1	2014	73	23885.0	 26.0	 39.0	2.000	 1.0	 0.0
1	2014	74	24735.0	 27.0	 39.0	2.000	 0.0	 0.0
1	2014	75	25129.0	 25.0	 40.0	2.000	 0.0	 0.0
1	2014	76	21299.0	 26.0	 38.0	2.000	 1.0	 0.0
1	2014	77	21783.0	 27.0	 38.0	2.000	 2.0	 0.0
1	2014	78	22593.0	 28.0	 39.0	2.000	 2.0	 0.0
1	2014	79	22525.0	 29.0	 39.0	3.000	 2.0	 0.0
1	2014	80	20046.0	 26.0	 36.0	3.000	 3.0	 1.0
1	2014	81	23259.0	 27.0	 38.0	2.000	 2.0	 0.0
1	2014	82	22393.0	 26.0	 37.0	2.000	 2.0	 0.0
1	2014	83	24864.0	 27.0	 38.0	2.000	 2.0	 0.0
1	2014	84	21776.0	 27.0	 39.0	2.000	 2.0	 0.0
1	2014	85	23049.0	 27.0	 39.0	2.000	 2.0	 0.0
1	2014	86	23268.0	 28.0	 40.0	1.000	 1.0	 0.0
1	2014	87	23210.0	 26.0	 39.0	2.000	 2.0	 0.0
1	2014	88	24473.0	 28.0	 39.0	2.000	 3.0	 0.0
1	2014	89	23198.0	 28.0	 39.0	3.000	 3.0	 1.0
1	2014	90	20058.0	 26.0	 36.0	2.000	 3.0	 0.0
1	2014	91	24318.0	 25.0	 38.0	2.000	 1.0	 0.0
1	2014	92	25350.0	 26.0	 39.0	2.000	 1.0	 0.0
1	2014	93	25843.0	 25.0	 39.0	2.000	 2.0	 0.0
1	2014	94	25158.0	 27.0	 39.0	3.000	 2.0	 0.0
1	2014	95	24103.0	 28.0	 39.0	2.000	 3.0	 0.0
1	2014	96	23038.0	 27.0	 37.0	2.000	 4.0	 0.0
1	2014	97	24249.0	 26.0	 37.0	2.000	 3.0	 1.0
1	2014	98	23112.0	 26.0	 36.0	2.000	 3.0	 2.0
1	2014	99	22922.0	 25.0	 35.0	3.000	 3.0	 6.0
1	2014	100	23410.0	 24.0	 35.0	3.000	 2.0	 7.0
1	2014	101	24320.0	 26.0	 36.0	3.000	 3.0	 0.0
1	2014	102	24956.0	 26.0	 36.0	3.000	 3.0	 0.0
1	2014	103	20812.0	 26.0	 35.0	3.000	 4.0	 0.0
1	2014	104	19573.0	 26.0	 36.0	3.000	 3.0	 0.0
1	2014	105	25265.0	 26.0	 38.0	3.000	 3.0	 0.0
1	2014	106	25249.0	 27.0	 39.0	3.000	 3.0	 0.0
1	2014	107	25154.0	 28.0	 39.0	3.000	 3.0	 0.0
1	2014	108	23948.0	 28.0	 39.0	3.000	 4.0	 0.0
1	2014	109	24080.0	 27.0	 38.0	2.000	 3.0	 0.0
1	2014	110	24238.0	 28.0	 39.0	3.000	 3.0	 1.0
1	2014	111	24498.0	 26.0	 37.0	3.000	 3.0	 6.0
1	2014	112	24531.0	 27.0	 37.0	3.000	 3.0	 0.0
1	2014	113	23817.0	 26.0	 38.0	3.000	 3.0	 1.0
1	2014	114	22708.0	 26.0	 36.0	3.000	 3.0	 0.0
1	2014	115	25093.0	 26.0	 38.0	3.000	 3.0	 0.0
1	2014	116	24318.0	 27.0	 37.0	3.000	 3.0	 5.0
1	2014	117	21760.0	 26.0	 36.0	3.000	 2.0	 1.0
1	2014	118	25745.0	 27.0	 37.0	3.000	 2.0	 0.0
1	2014	119	10239.0	 25.0	 30.0	3.000	 2.0	 6.0
1	2014	120	21601.0	 24.0	 34.0	3.000	 2.0	 1.0
1	2014	121	24014.0	 24.0	 34.0	3.000	 2.0	 0.0
1	2014	122	24312.0	 26.0	 37.0	3.000	 2.0	 4.0
1	2014	123	21474.0	 27.0	 34.0	3.000	 2.0	 4.0
1	2014	124	21074.0	 26.0	 34.0	3.000	 2.0	 2.0
1	2014	125	17987.0	 25.0	 33.0	3.000	 3.0	 7.0
1	2014	126	15388.0	 24.0	 32.0	3.000	 2.0	17.0
1	2014	127	19239.0	 25.0	 32.0	3.000	 3.0	 1.0
1	2014	128	20122.0	 25.0	 33.0	3.000	 2.0	 7.0
1	2014	129	19073.0	 25.0	 32.0	3.000	 2.0	 1.0
1	2014	130	23055.0	 24.0	 33.0	3.000	 1.0	 5.0
1	2014	131	22566.0	 24.0	 33.0	3.000	 1.0	 0.0
1	2014	132	23539.0	 26.0	 34.0	3.000	 2.0	 1.0
1	2014	133	22690.0	 25.0	 34.0	3.000	 2.0	10.0
1	2014	134	14694.0	 24.0	 31.0	3.000	 2.0	16.0
1	2014	135	21519.0	 24.0	 31.0	3.000	 2.0	 5.0
1	2014	136	25121.0	 24.0	 33.0	3.000	 2.0	 0.0
1	2014	137	25239.0	 24.0	 34.0	3.000	 2.0	 0.0
1	2014	138	23321.0	 25.0	 34.0	3.000	 1.0	 1.0
1	2014	139	22657.0	 24.0	 33.0	3.000	 2.0	 5.0
1	2014	140	24816.0	 25.0	 36.0	3.000	 1.0	 0.0
1	2014	141	25416.0	 25.0	 37.0	3.000	 2.0	 0.0
1	2014	142	25081.0	 25.0	 36.0	3.000	 4.0	 0.0
1	2014	143	25256.0	 26.0	 36.0	3.000	 3.0	 0.0
1	2014	144	25688.0	 26.0	 37.0	3.000	 3.0	 0.0
1	2014	145	19756.0	 26.0	 35.0	3.000	 2.0	 0.0
1	2014	146	23659.0	 26.0	 37.0	3.000	 2.0	 1.0
1	2014	147	24133.0	 27.0	 38.0	3.000	 4.0	 0.0
1	2014	148	23671.0	 27.0	 36.0	3.000	 3.0	 3.0
1	2014	149	19260.0	 26.0	 35.0	3.000	 3.0	 0.0
1	2014	150	23635.0	 26.0	 36.0	3.000	 2.0	 1.0
1	2014	151	24604.0	 26.0	 37.0	3.000	 2.0	 1.0
1	2014	152	24811.0	 27.0	 38.0	3.000	 3.0	 1.0
1	2014	153	18130.0	 26.0	 34.0	3.000	 3.0	 1.0
1	2014	154	24372.0	 26.0	 37.0	3.000	 2.0	 0.0
1	2014	155	23764.0	 27.0	 38.0	3.000	 2.0	 2.0
1	2014	156	11383.0	 25.0	 31.0	3.000	 2.0	 6.0
1	2014	157	22636.0	 25.0	 35.0	3.000	 3.0	 0.0
1	2014	158	22827.0	 25.0	 36.0	3.000	 3.0	 2.0
1	2014	159	24895.0	 25.0	 37.0	3.000	 3.0	 0.0
1	2014	160	24325.0	 26.0	 37.0	3.000	 4.0	 1.0
1	2014	161	15860.0	 26.0	 34.0	3.000	 4.0	 0.0
1	2014	162	24511.0	 25.0	 37.0	3.000	 2.0	 2.0
1	2014	163	23392.0	 25.0	 36.0	3.000	 3.0	 3.0
1	2014	164	10673.0	 24.0	 31.0	3.000	 2.0	12.0
1	2014	165	22705.0	 25.0	 34.0	3.000	 3.0	 0.0
1	2014	166	19252.0	 25.0	 33.0	3.000	 3.0	 5.0
1	2014	167	24085.0	 25.0	 35.0	3.000	 2.0	 3.0
1	2014	168	20196.0	 24.0	 33.0	3.000	 1.0	 5.0
1	2014	169	19028.0	 24.0	 33.0	3.000	 2.0	 1.0
1	2014	170	24351.0	 24.0	 34.0	3.000	 3.0	 0.0
1	2014	171	22114.0	 25.0	 34.0	3.000	 2.0	 0.0
1	2014	172	24514.0	 26.0	 36.0	3.000	 3.0	 0.0
1	2014	173	17896.0	 25.0	 33.0	3.000	 3.0	 1.0
1	2014	174	19563.0	 24.0	 34.0	3.000	 3.0	 0.0
1	2014	175	24125.0	 24.0	 35.0	3.000	 3.0	 1.0
1	2014	176	22397.0	 25.0	 35.0	3.000	 3.0	 1.0
1	2014	177	22540.0	 25.0	 35.0	3.000	 3.0	 0.0
1	2014	178	21816.0	 25.0	 34.0	3.000	 3.0	 0.0
1	2014	179	21152.0	 26.0	 34.0	2.000	 3.0	 0.0
1	2014	180	21270.0	 25.0	 33.0	3.000	 2.0	 9.0
1	2014	181	23234.0	 24.0	 34.0	3.000	 3.0	 0.0
1	2014	182	24780.0	 25.0	 35.0	3.000	 3.0	 1.0
1	2014	183	19026.0	 25.0	 32.0	3.000	 2.0	 2.0
1	2014	184	19300.0	 25.0	 32.0	3.000	 1.0	 1.0
1	2014	185	17189.0	 24.0	 33.0	3.000	 2.0	 4.0
1	2014	186	18294.0	 24.0	 34.0	3.000	 3.0	 0.0
1	2014	187	24197.0	 24.0	 36.0	3.000	 4.0	 1.0
1	2014	188	16745.0	 23.0	 32.0	3.000	 3.0	 5.0
1	2014	189	19036.0	 24.0	 31.0	3.000	 3.0	 1.0
1	2014	190	23110.0	 23.0	 33.0	3.000	 1.0	 0.0
1	2014	191	22089.0	 24.0	 33.0	3.000	 1.0	 2.0
1	2014	192	22647.0	 25.0	 34.0	3.000	 3.0	 0.0
1	2014	193	18933.0	 25.0	 34.0	3.000	 3.0	 0.0
1	2014	194	19594.0	 25.0	 34.0	3.000	 3.0	 1.0
1	2014	195	21088.0	 25.0	 33.0	3.000	 2.0	 4.0
1	2014	196	22893.0	 24.0	 34.0	3.000	 2.0	 1.0
1	2014	197	17292.0	 24.0	 33.0	3.000	 4.0	 4.0
1	2014	198	15262.0	 23.0	 30.0	3.000	 4.0	 5.0
1	2014	199	9040.0	 22.0	 28.0	3.000	 2.0	19.0
1	2014	200	17677.0	 22.0	 31.0	3.000	 2.0	 0.0
1	2014	201	20052.0	 24.0	 31.0	3.000	 2.0	 0.0
1	2014	202	19236.0	 24.0	 32.0	3.000	 3.0	 0.0
1	2014	203	18867.0	 24.0	 31.0	3.000	 3.0	 6.0
1	2014	204	6373.0	 22.0	 27.0	3.000	 2.0	27.0
1	2014	205	17017.0	 21.0	 29.0	3.000	 2.0	 2.0
1	2014	206	16805.0	 23.0	 29.0	3.000	 3.0	 6.0
1	2014	207	20517.0	 23.0	 30.0	3.000	 2.0	 4.0
1	2014	208	21887.0	 23.0	 31.0	3.000	 2.0	 1.0
1	2014	209	20380.0	 24.0	 31.0	3.000	 3.0	 3.0
1	2014	210	16149.0	 23.0	 30.0	3.000	 2.0	 3.0
1	2014	211	19943.0	 23.0	 31.0	3.000	 2.0	 7.0
1	2014	212	18314.0	 22.0	 30.0	3.000	 2.0	 5.0
1	2014	213	16094.0	 23.0	 30.0	3.000	 3.0	10.0
1	2014	214	12779.0	 22.0	 28.0	3.000	 2.0	12.0
1	2014	215	20062.0	 22.0	 30.0	3.000	 2.0	 5.0
1	2014	216	17677.0	 23.0	 29.0	3.000	 2.0	 6.0
1	2014	217	20714.0	 22.0	 30.0	3.000	 2.0	 5.0
1	2014	218	16341.0	 23.0	 28.0	3.000	 3.0	 8.0
1	2014	219	20409.0	 23.0	 30.0	3.000	 3.0	 9.0
1	2014	220	18662.0	 23.0	 30.0	3.000	 3.0	 3.0
1	2014	221	18280.0	 22.0	 29.0	3.000	 3.0	 3.0
1	2014	222	16740.0	 22.0	 29.0	3.000	 2.0	 2.0
1	2014	223	20244.0	 22.0	 30.0	3.000	 2.0	 1.0
1	2014	224	17179.0	 23.0	 29.0	3.000	 3.0	 3.0
1	2014	225	13413.0	 23.0	 28.0	3.000	 3.0	16.0
1	2014	226	20534.0	 22.0	 29.0	3.000	 2.0	 1.0
1	2014	227	16870.0	 23.0	 29.0	3.000	 2.0	 3.0
1	2014	228	4277.0	 23.0	 24.0	3.000	 3.0	30.0
1	2014	229	13723.0	 22.0	 28.0	3.000	 3.0	 2.0
1	2014	230	12199.0	 23.0	 27.0	3.000	 2.0	 3.0
1	2014	231	19383.0	 22.0	 30.0	3.000	 1.0	18.0
1	2014	232	17367.0	 22.0	 29.0	3.000	 2.0	 0.0
1	2014	233	16930.0	 23.0	 29.0	3.000	 3.0	 2.0
1	2014	234	17352.0	 23.0	 29.0	3.000	 3.0	 1.0
1	2014	235	9822.0	 22.0	 26.0	3.000	 3.0	 4.0
1	2014	236	18718.0	 22.0	 30.0	3.000	 1.0	 2.0
1	2014	237	20239.0	 23.0	 31.0	3.000	 2.0	 0.0
1	2014	238	18600.0	 22.0	 30.0	3.000	 3.0	 5.0
1	2014	239	18641.0	 22.0	 29.0	3.000	 3.0	16.0
1	2014	240	16970.0	 22.0	 30.0	3.000	 2.0	 0.0
1	2014	241	24128.0	 23.0	 32.0	3.000	 2.0	 2.0
1	2014	242	21419.0	 24.0	 31.0	3.000	 3.0	 1.0
1	2014	243	16380.0	 23.0	 30.0	3.000	 3.0	 0.0
1	2014	244	9093.0	 23.0	 27.0	3.000	 2.0	21.0
1	2014	245	6526.0	 22.0	 26.0	3.000	 2.0	 6.0
1	2014	246	20191.0	 22.0	 29.0	3.000	 2.0	 1.0
1	2014	247	23209.0	 22.0	 31.0	3.000	 2.0	 0.0
1	2014	248	4463.0	 23.0	 26.0	3.000	 1.0	27.0
1	2014	249	15805.0	 22.0	 29.0	3.000	 2.0	 6.0
1	2014	250	13678.0	 23.0	 28.0	3.000	 2.0	11.0
1	2014	251	21515.0	 21.0	 30.0	3.000	 2.0	 1.0
1	2014	252	17440.0	 22.0	 30.0	3.000	 1.0	 1.0
1	2014	253	12254.0	 22.0	 27.0	3.000	 2.0	26.0
1	2014	254	21055.0	 21.0	 30.0	3.000	 1.0	 1.0
1	2014	255	20026.0	 22.0	 30.0	3.000	 1.0	 1.0
1	2014	256	20516.0	 23.0	 31.0	3.000	 2.0	 0.0
1	2014	257	11803.0	 22.0	 28.0	3.000	 1.0	15.0
1	2014	258	19377.0	 22.0	 30.0	3.000	 1.0	 6.0
1	2014	259	19295.0	 22.0	 29.0	3.000	 1.0	 4.0
1	2014	260	17897.0	 23.0	 30.0	3.000	 2.0	 9.0
1	2014	261	7563.0	 22.0	 25.0	3.000	 1.0	16.0
1	2014	262	18477.0	 22.0	 29.0	3.000	 2.0	 3.0
1	2014	263	22332.0	 22.0	 30.0	3.000	 1.0	 1.0
1	2014	264	20108.0	 23.0	 30.0	3.000	 1.0	 2.0
1	2014	265	19905.0	 22.0	 31.0	3.000	 2.0	 0.0
1	2014	266	23008.0	 23.0	 31.0	3.000	 2.0	 5.0
1	2014	267	15569.0	 22.0	 30.0	3.000	 2.0	 4.0
1	2014	268	23182.0	 22.0	 31.0	3.000	 2.0	 0.0
1	2014	269	23341.0	 23.0	 31.0	3.000	 2.0	 0.0
1	2014	270	11750.0	 24.0	 29.0	3.000	 2.0	 4.0
1	2014	271	21365.0	 23.0	 31.0	3.000	 2.0	 0.0
1	2014	272	21717.0	 22.0	 31.0	3.000	 2.0	 3.0
1	2014	273	19592.0	 24.0	 30.0	3.000	 2.0	 9.0
1	2014	274	14255.0	 22.0	 29.0	3.000	 2.0	11.0
1	2014	275	17927.0	 22.0	 29.0	3.000	 2.0	 7.0
1	2014	276	21020.0	 22.0	 30.0	3.000	 1.0	 2.0
1	2014	277	23229.0	 22.0	 31.0	3.000	 1.0	 0.0
1	2014	278	20887.0	 23.0	 31.0	3.000	 2.0	 3.0
1	2014	279	21251.0	 23.0	 31.0	3.000	 2.0	 1.0
1	2014	280	20651.0	 23.0	 31.0	3.000	 1.0	 3.0
1	2014	281	23715.0	 23.0	 32.0	3.000	 1.0	 0.0
1	2014	282	24051.0	 23.0	 32.0	3.000	 2.0	 0.0
1	2014	283	24127.0	 23.0	 32.0	3.000	 2.0	 0.0
1	2014	284	22479.0	 24.0	 32.0	3.000	 2.0	 2.0
1	2014	285	19144.0	 23.0	 31.0	3.000	 2.0	 5.0
1	2014	286	17559.0	 23.0	 31.0	3.000	 2.0	 0.0
1	2014	287	18372.0	 23.0	 31.0	3.000	 2.0	 0.0
1	2014	288	21528.0	 23.0	 32.0	3.000	 2.0	 0.0
1	2014	289	21920.0	 24.0	 33.0	3.000	 2.0	 1.0
1	2014	290	22024.0	 24.0	 33.0	3.000	 2.0	 1.0
1	2014	291	20738.0	 24.0	 32.0	3.000	 2.0	 8.0
1	2014	292	18888.0	 22.0	 30.0	3.000	 2.0	 6.0
1	2014	293	22486.0	 23.0	 32.0	3.000	 1.0	 0.0
1	2014	294	22603.0	 23.0	 33.0	3.000	 1.0	 0.0
1	2014	295	22607.0	 22.0	 33.0	3.000	 1.0	 0.0
1	2014	296	21041.0	 23.0	 32.0	3.000	 2.0	 0.0
1	2014	297	21897.0	 23.0	 33.0	3.000	 2.0	 0.0
1	2014	298	22540.0	 24.0	 34.0	3.000	 1.0	 0.0
1	2014	299	19566.0	 24.0	 33.0	3.000	 2.0	 0.0
1	2014	300	21996.0	 24.0	 34.0	3.000	 1.0	 0.0
1	2014	301	22255.0	 24.0	 35.0	3.000	 2.0	 0.0
1	2014	302	22876.0	 24.0	 36.0	3.000	 2.0	 0.0
1	2014	303	21154.0	 25.0	 35.0	3.000	 2.0	 2.0
1	2014	304	21155.0	 24.0	 34.0	3.000	 2.0	 0.0
1	2014	305	21160.0	 25.0	 35.0	3.000	 2.0	 1.0
1	2014	306	21064.0	 24.0	 34.0	3.000	 2.0	 0.0
1	2014	307	20241.0	 25.0	 34.0	3.000	 1.0	 0.0
1	2014	308	19931.0	 23.0	 35.0	2.000	 1.0	 1.0
1	2014	309	17262.0	 25.0	 34.0	3.000	 3.0	 1.0
1	2014	310	18696.0	 24.0	 34.0	2.000	 1.0	 0.0
1	2014	311	22234.0	 24.0	 36.0	2.000	 1.0	 0.0
1	2014	312	22508.0	 22.0	 36.0	2.000	 1.0	 0.0
1	2014	313	22120.0	 23.0	 36.0	2.000	 1.0	 0.0
1	2014	314	21450.0	 24.0	 36.0	3.000	 2.0	 0.0
1	2014	315	20911.0	 25.0	 35.0	3.000	 2.0	 0.0
1	2014	316	18692.0	 25.0	 35.0	2.000	 1.0	 0.0
1	2014	317	21280.0	 24.0	 36.0	2.000	 1.0	 0.0
1	2014	318	20851.0	 24.0	 35.0	2.000	 2.0	 0.0
1	2014	319	21883.0	 24.0	 36.0	2.000	 1.0	 0.0
1	2014	320	21006.0	 23.0	 36.0	2.000	 1.0	 0.0
1	2014	321	21901.0	 22.0	 36.0	2.000	 1.0	 0.0
1	2014	322	20003.0	 23.0	 35.0	2.000	 2.0	 0.0
1	2014	323	20434.0	 24.0	 35.0	2.000	 1.0	 0.0
1	2014	324	20261.0	 24.0	 35.0	2.000	 1.0	 0.0
1	2014	325	20812.0	 22.0	 35.0	2.000	 1.0	 0.0
1	2014	326	22173.0	 21.0	 35.0	2.000	 1.0	 0.0
1	2014	327	22290.0	 20.0	 35.0	1.000	 2.0	 0.0
1	2014	328	22263.0	 20.0	 35.0	1.000	 2.0	 0.0
1	2014	329	22004.0	 20.0	 35.0	1.000	 2.0	 0.0
1	2014	330	21826.0	 20.0	 34.0	1.000	 2.0	 0.0
1	2014	331	21253.0	 21.0	 34.0	2.000	 1.0	 0.0
1	2014	332	20253.0	 22.0	 34.0	2.000	 1.0	 0.0
1	2014	333	19581.0	 24.0	 35.0	2.000	 2.0	 0.0
1	2014	334	17696.0	 24.0	 34.0	2.000	 1.0	 0.0
1	2014	335	19613.0	 23.0	 35.0	2.000	 1.0	 0.0
1	2014	336	21449.0	 22.0	 36.0	2.000	 1.0	 0.0
1	2014	337	21872.0	 20.0	 36.0	1.000	 3.0	 0.0
1	2014	338	22248.0	 19.0	 34.0	1.000	 2.0	 0.0
1	2014	339	21703.0	 17.0	 35.0	1.000	 1.0	 0.0
1	2014	340	20581.0	 21.0	 36.0	1.000	 2.0	 0.0
1	2014	341	21257.0	 20.0	 36.0	1.000	 2.0	 0.0
1	2014	342	21614.0	 19.0	 35.0	1.000	 2.0	 0.0
1	2014	343	21525.0	 18.0	 35.0	1.000	 1.0	 0.0
1	2014	344	21493.0	 20.0	 35.0	1.000	 1.0	 0.0
1	2014	345	21556.0	 20.0	 33.0	1.000	 3.0	 0.0
1	2014	346	21497.0	 18.0	 33.0	1.000	 3.0	 0.0
1	2014	347	20934.0	 19.0	 34.0	1.000	 3.0	 0.0
1	2014	348	20622.0	 22.0	 35.0	1.000	 3.0	 0.0
1	2014	349	17332.0	 21.0	 34.0	1.000	 3.0	 0.0
1	2014	350	17051.0	 21.0	 34.0	1.000	 2.0	 0.0
1	2014	351	20682.0	 19.0	 35.0	1.000	 1.0	 0.0
1	2014	352	20574.0	 21.0	 35.0	1.000	 1.0	 0.0
1	2014	353	20805.0	 21.0	 35.0	1.000	 3.0	 0.0
1	2014	354	20941.0	 20.0	 34.0	1.000	 3.0	 0.0
1	2014	355	20842.0	 18.0	 35.0	1.000	 2.0	 0.0
1	2014	356	20803.0	 20.0	 35.0	1.000	 3.0	 0.0
1	2014	357	20921.0	 22.0	 34.0	1.000	 4.0	 0.0
1	2014	358	21371.0	 20.0	 33.0	1.000	 4.0	 0.0
1	2014	359	21300.0	 19.0	 32.0	1.000	 3.0	 0.0
1	2014	360	21495.0	 17.0	 31.0	1.000	 3.0	 0.0
1	2014	361	21378.0	 16.0	 31.0	1.000	 3.0	 0.0
1	2014	362	21266.0	 17.0	 32.0	1.000	 3.0	 0.0
1	2014	363	21037.0	 18.0	 33.0	1.000	 3.0	 0.0
1	2014	364	20936.0	 19.0	 33.0	1.000	 3.0	 0.0
1	2014	365	20880.0	 19.0	 32.0	1.000	 3.0	 0.0
