*---------------------------------------------------
* Station: -022611_106965
* Year: 2017
* Origin: ERA5-Reanalysis
* Columns & units
* ===================
* 1. station number
* 2. year
* 3. Day of Year
* 4. Irradiance   (kJ路m-2路d-1)
* 5. Daily minimum temperature (degC)
* 6. Daily maximum temperature (degC)
* 7. Vapour pressure (kPa)
* 8. Mean wind speed (m路s-1)
* 9. Precipitation (mm路d-1)
** WCCDESCRIPTION=-022611_106965
** WCCFORMAT=2
** WCCYEARNR=2017
*------------------------------------------------------------*
-0.23  10.70  203.00 -0.18  -0.55
1	2017	1	20901.0	 21.0	 34.0	1.000	 3.0	 0.0
1	2017	2	21011.0	 20.0	 33.0	1.000	 3.0	 0.0
1	2017	3	21114.0	 20.0	 34.0	1.000	 3.0	 0.0
1	2017	4	21152.0	 19.0	 34.0	1.000	 3.0	 0.0
1	2017	5	21165.0	 19.0	 34.0	1.000	 3.0	 0.0
1	2017	6	21313.0	 20.0	 36.0	1.000	 3.0	 0.0
1	2017	7	21056.0	 21.0	 36.0	1.000	 3.0	 0.0
1	2017	8	21067.0	 22.0	 36.0	1.000	 3.0	 0.0
1	2017	9	20399.0	 22.0	 35.0	1.000	 3.0	 0.0
1	2017	10	21589.0	 19.0	 35.0	1.000	 2.0	 0.0
1	2017	11	21489.0	 18.0	 34.0	1.000	 2.0	 0.0
1	2017	12	21541.0	 18.0	 33.0	1.000	 2.0	 0.0
1	2017	13	21340.0	 19.0	 33.0	0.000	 4.0	 0.0
1	2017	14	20505.0	 19.0	 33.0	1.000	 3.0	 0.0
1	2017	15	21031.0	 19.0	 34.0	1.000	 2.0	 0.0
1	2017	16	20939.0	 20.0	 35.0	1.000	 3.0	 0.0
1	2017	17	21517.0	 20.0	 36.0	1.000	 2.0	 0.0
1	2017	18	21471.0	 19.0	 36.0	1.000	 2.0	 0.0
1	2017	19	20771.0	 20.0	 36.0	1.000	 1.0	 0.0
1	2017	20	21504.0	 21.0	 37.0	1.000	 2.0	 0.0
1	2017	21	21487.0	 21.0	 38.0	1.000	 2.0	 0.0
1	2017	22	21737.0	 21.0	 36.0	1.000	 2.0	 0.0
1	2017	23	20121.0	 22.0	 35.0	1.000	 3.0	 0.0
1	2017	24	20682.0	 21.0	 34.0	1.000	 3.0	 0.0
1	2017	25	22014.0	 20.0	 35.0	1.000	 3.0	 0.0
1	2017	26	22121.0	 20.0	 36.0	1.000	 3.0	 0.0
1	2017	27	22202.0	 21.0	 37.0	1.000	 3.0	 0.0
1	2017	28	22328.0	 22.0	 37.0	1.000	 3.0	 0.0
1	2017	29	22421.0	 22.0	 36.0	1.000	 3.0	 0.0
1	2017	30	22551.0	 21.0	 36.0	1.000	 3.0	 0.0
1	2017	31	22577.0	 20.0	 37.0	1.000	 2.0	 0.0
1	2017	32	21583.0	 22.0	 37.0	1.000	 2.0	 0.0
1	2017	33	18971.0	 25.0	 36.0	2.000	 1.0	 0.0
1	2017	34	20588.0	 25.0	 36.0	1.000	 3.0	 0.0
1	2017	35	22703.0	 23.0	 37.0	1.000	 3.0	 0.0
1	2017	36	23004.0	 23.0	 37.0	1.000	 3.0	 0.0
1	2017	37	22852.0	 23.0	 36.0	1.000	 4.0	 0.0
1	2017	38	23209.0	 23.0	 37.0	1.000	 4.0	 0.0
1	2017	39	23275.0	 22.0	 37.0	1.000	 3.0	 0.0
1	2017	40	23360.0	 21.0	 37.0	1.000	 3.0	 0.0
1	2017	41	23274.0	 22.0	 37.0	1.000	 3.0	 0.0
1	2017	42	23183.0	 21.0	 37.0	1.000	 2.0	 0.0
1	2017	43	23125.0	 23.0	 38.0	1.000	 3.0	 0.0
1	2017	44	23460.0	 24.0	 38.0	1.000	 4.0	 0.0
1	2017	45	23345.0	 24.0	 38.0	1.000	 4.0	 0.0
1	2017	46	23321.0	 25.0	 37.0	1.000	 4.0	 0.0
1	2017	47	24004.0	 24.0	 37.0	1.000	 4.0	 0.0
1	2017	48	24101.0	 23.0	 36.0	1.000	 5.0	 0.0
1	2017	49	24104.0	 21.0	 35.0	1.000	 4.0	 0.0
1	2017	50	24833.0	 20.0	 35.0	1.000	 3.0	 0.0
1	2017	51	24580.0	 20.0	 36.0	1.000	 3.0	 0.0
1	2017	52	24141.0	 22.0	 37.0	1.000	 3.0	 0.0
1	2017	53	24247.0	 22.0	 38.0	1.000	 3.0	 0.0
1	2017	54	24018.0	 23.0	 39.0	1.000	 2.0	 0.0
1	2017	55	23308.0	 23.0	 39.0	1.000	 2.0	 0.0
1	2017	56	23176.0	 23.0	 38.0	1.000	 2.0	 0.0
1	2017	57	24373.0	 24.0	 38.0	1.000	 2.0	 0.0
1	2017	58	23173.0	 21.0	 38.0	1.000	 1.0	 0.0
1	2017	59	25267.0	 20.0	 39.0	1.000	 2.0	 0.0
1	2017	60	25771.0	 20.0	 39.0	1.000	 2.0	 0.0
1	2017	61	23845.0	 21.0	 39.0	1.000	 1.0	 0.0
1	2017	62	24368.0	 22.0	 40.0	1.000	 1.0	 0.0
1	2017	63	25164.0	 22.0	 40.0	1.000	 2.0	 0.0
1	2017	64	24848.0	 24.0	 39.0	1.000	 1.0	 0.0
1	2017	65	25557.0	 22.0	 39.0	1.000	 2.0	 0.0
1	2017	66	24962.0	 22.0	 38.0	1.000	 2.0	 0.0
1	2017	67	26146.0	 20.0	 39.0	1.000	 2.0	 0.0
1	2017	68	25891.0	 23.0	 40.0	1.000	 3.0	 0.0
1	2017	69	24789.0	 23.0	 39.0	1.000	 2.0	 0.0
1	2017	70	25603.0	 23.0	 39.0	1.000	 2.0	 0.0
1	2017	71	25861.0	 24.0	 39.0	1.000	 2.0	 0.0
1	2017	72	25775.0	 23.0	 39.0	1.000	 2.0	 0.0
1	2017	73	24680.0	 24.0	 40.0	1.000	 2.0	 0.0
1	2017	74	25336.0	 25.0	 40.0	2.000	 1.0	 0.0
1	2017	75	26062.0	 22.0	 40.0	1.000	 2.0	 0.0
1	2017	76	25852.0	 22.0	 40.0	1.000	 2.0	 0.0
1	2017	77	24993.0	 25.0	 40.0	2.000	 2.0	 0.0
1	2017	78	21746.0	 29.0	 40.0	2.000	 2.0	 0.0
1	2017	79	23523.0	 27.0	 39.0	2.000	 2.0	 0.0
1	2017	80	24199.0	 28.0	 41.0	2.000	 1.0	 0.0
1	2017	81	22471.0	 28.0	 40.0	2.000	 1.0	 0.0
1	2017	82	23294.0	 29.0	 39.0	2.000	 3.0	 0.0
1	2017	83	24700.0	 26.0	 39.0	2.000	 1.0	 0.0
1	2017	84	22950.0	 27.0	 40.0	2.000	 1.0	 0.0
1	2017	85	24928.0	 28.0	 41.0	2.000	 1.0	 0.0
1	2017	86	22623.0	 28.0	 40.0	2.000	 1.0	 0.0
1	2017	87	25353.0	 27.0	 41.0	2.000	 1.0	 0.0
1	2017	88	26250.0	 24.0	 41.0	1.000	 1.0	 0.0
1	2017	89	26396.0	 24.0	 41.0	1.000	 1.0	 0.0
1	2017	90	24797.0	 26.0	 41.0	2.000	 1.0	 0.0
1	2017	91	25463.0	 27.0	 41.0	2.000	 2.0	 0.0
1	2017	92	22838.0	 26.0	 39.0	2.000	 4.0	 5.0
1	2017	93	17213.0	 25.0	 35.0	3.000	 3.0	 1.0
1	2017	94	18573.0	 26.0	 37.0	2.000	 1.0	 0.0
1	2017	95	18994.0	 27.0	 38.0	2.000	 2.0	 0.0
1	2017	96	17615.0	 27.0	 37.0	2.000	 2.0	 0.0
1	2017	97	22574.0	 27.0	 36.0	2.000	 2.0	 1.0
1	2017	98	17381.0	 27.0	 34.0	3.000	 1.0	 5.0
1	2017	99	24023.0	 25.0	 36.0	3.000	 2.0	 0.0
1	2017	100	23491.0	 26.0	 38.0	2.000	 2.0	 0.0
1	2017	101	24928.0	 27.0	 40.0	2.000	 2.0	 0.0
1	2017	102	24424.0	 28.0	 40.0	2.000	 2.0	 0.0
1	2017	103	27313.0	 24.0	 40.0	1.000	 2.0	 0.0
1	2017	104	23113.0	 24.0	 39.0	1.000	 2.0	 0.0
1	2017	105	23628.0	 26.0	 40.0	2.000	 2.0	 0.0
1	2017	106	25483.0	 28.0	 40.0	2.000	 2.0	 0.0
1	2017	107	25128.0	 28.0	 40.0	2.000	 1.0	 0.0
1	2017	108	25676.0	 28.0	 40.0	2.000	 1.0	 0.0
1	2017	109	25393.0	 28.0	 41.0	2.000	 1.0	 0.0
1	2017	110	23432.0	 29.0	 40.0	2.000	 2.0	 0.0
1	2017	111	24523.0	 27.0	 39.0	3.000	 3.0	 1.0
1	2017	112	24855.0	 28.0	 40.0	2.000	 3.0	 0.0
1	2017	113	25005.0	 29.0	 39.0	2.000	 3.0	 0.0
1	2017	114	24629.0	 27.0	 38.0	2.000	 3.0	 1.0
1	2017	115	23457.0	 28.0	 39.0	2.000	 2.0	 1.0
1	2017	116	21649.0	 26.0	 37.0	3.000	 4.0	 0.0
1	2017	117	24316.0	 27.0	 39.0	3.000	 3.0	 1.0
1	2017	118	25248.0	 28.0	 40.0	2.000	 3.0	 0.0
1	2017	119	24546.0	 27.0	 39.0	3.000	 3.0	 1.0
1	2017	120	24543.0	 28.0	 39.0	3.000	 3.0	 2.0
1	2017	121	22672.0	 27.0	 38.0	3.000	 3.0	 5.0
1	2017	122	25284.0	 27.0	 38.0	3.000	 3.0	 1.0
1	2017	123	20721.0	 25.0	 36.0	3.000	 1.0	 9.0
1	2017	124	19822.0	 26.0	 34.0	3.000	 2.0	 2.0
1	2017	125	21584.0	 25.0	 35.0	3.000	 3.0	 0.0
1	2017	126	25387.0	 26.0	 38.0	3.000	 3.0	 0.0
1	2017	127	23002.0	 27.0	 38.0	3.000	 3.0	 0.0
1	2017	128	24661.0	 28.0	 39.0	3.000	 3.0	 0.0
1	2017	129	25706.0	 27.0	 40.0	3.000	 2.0	 0.0
1	2017	130	23617.0	 27.0	 38.0	3.000	 3.0	 2.0
1	2017	131	14064.0	 26.0	 34.0	3.000	 1.0	 4.0
1	2017	132	22640.0	 26.0	 35.0	3.000	 2.0	 0.0
1	2017	133	15964.0	 25.0	 35.0	3.000	 2.0	10.0
1	2017	134	24356.0	 26.0	 37.0	3.000	 3.0	 0.0
1	2017	135	24899.0	 27.0	 37.0	3.000	 4.0	 0.0
1	2017	136	21210.0	 27.0	 36.0	3.000	 4.0	 0.0
1	2017	137	21787.0	 26.0	 36.0	3.000	 3.0	 0.0
1	2017	138	21403.0	 27.0	 35.0	3.000	 2.0	 3.0
1	2017	139	21366.0	 26.0	 35.0	3.000	 1.0	 3.0
1	2017	140	23506.0	 25.0	 37.0	3.000	 0.0	19.0
1	2017	141	18499.0	 25.0	 33.0	3.000	 2.0	 1.0
1	2017	142	24950.0	 26.0	 35.0	3.000	 3.0	 0.0
1	2017	143	24072.0	 26.0	 36.0	3.000	 2.0	 1.0
1	2017	144	13066.0	 25.0	 31.0	3.000	 2.0	 2.0
1	2017	145	20452.0	 25.0	 34.0	3.000	 2.0	 1.0
1	2017	146	11585.0	 25.0	 29.0	3.000	 2.0	 8.0
1	2017	147	16371.0	 24.0	 32.0	3.000	 2.0	 0.0
1	2017	148	24318.0	 24.0	 35.0	3.000	 1.0	 0.0
1	2017	149	24734.0	 26.0	 37.0	3.000	 3.0	 0.0
1	2017	150	18688.0	 27.0	 35.0	3.000	 4.0	 0.0
1	2017	151	23091.0	 24.0	 34.0	3.000	 3.0	 6.0
1	2017	152	23240.0	 25.0	 36.0	3.000	 2.0	 0.0
1	2017	153	24132.0	 26.0	 37.0	3.000	 2.0	 9.0
1	2017	154	14811.0	 25.0	 32.0	3.000	 2.0	 4.0
1	2017	155	16961.0	 25.0	 33.0	3.000	 3.0	 0.0
1	2017	156	22073.0	 25.0	 34.0	3.000	 2.0	 4.0
1	2017	157	12847.0	 24.0	 31.0	3.000	 2.0	 5.0
1	2017	158	16283.0	 24.0	 32.0	3.000	 2.0	 0.0
1	2017	159	23703.0	 24.0	 34.0	3.000	 1.0	 0.0
1	2017	160	24889.0	 25.0	 36.0	3.000	 2.0	 0.0
1	2017	161	20675.0	 26.0	 34.0	3.000	 3.0	 2.0
1	2017	162	14841.0	 25.0	 33.0	3.000	 2.0	 0.0
1	2017	163	19716.0	 25.0	 33.0	3.000	 3.0	 3.0
1	2017	164	18982.0	 24.0	 34.0	3.000	 4.0	 1.0
1	2017	165	12680.0	 25.0	 31.0	3.000	 2.0	 2.0
1	2017	166	12805.0	 24.0	 31.0	3.000	 2.0	21.0
1	2017	167	22451.0	 23.0	 32.0	3.000	 2.0	 4.0
1	2017	168	11535.0	 23.0	 28.0	3.000	 3.0	 3.0
1	2017	169	20399.0	 24.0	 32.0	3.000	 2.0	 1.0
1	2017	170	22540.0	 24.0	 32.0	3.000	 2.0	 6.0
1	2017	171	10118.0	 23.0	 28.0	3.000	 3.0	14.0
1	2017	172	19825.0	 22.0	 30.0	3.000	 2.0	 4.0
1	2017	173	20661.0	 23.0	 32.0	3.000	 2.0	 0.0
1	2017	174	20991.0	 25.0	 34.0	3.000	 3.0	 1.0
1	2017	175	15167.0	 24.0	 31.0	3.000	 3.0	 8.0
1	2017	176	17810.0	 23.0	 29.0	3.000	 2.0	 6.0
1	2017	177	15629.0	 23.0	 30.0	3.000	 0.0	 1.0
1	2017	178	23224.0	 23.0	 32.0	3.000	 1.0	 0.0
1	2017	179	19516.0	 24.0	 31.0	3.000	 2.0	 2.0
1	2017	180	16564.0	 23.0	 31.0	3.000	 2.0	 0.0
1	2017	181	19050.0	 23.0	 31.0	3.000	 2.0	 0.0
1	2017	182	21692.0	 24.0	 32.0	3.000	 2.0	 2.0
1	2017	183	16859.0	 24.0	 32.0	3.000	 3.0	 1.0
1	2017	184	18897.0	 23.0	 32.0	3.000	 3.0	 0.0
1	2017	185	20631.0	 24.0	 32.0	3.000	 3.0	 1.0
1	2017	186	20463.0	 24.0	 33.0	3.000	 3.0	 1.0
1	2017	187	12814.0	 23.0	 30.0	3.000	 2.0	 3.0
1	2017	188	17317.0	 23.0	 32.0	3.000	 1.0	 1.0
1	2017	189	19222.0	 24.0	 33.0	3.000	 3.0	 1.0
1	2017	190	16166.0	 24.0	 31.0	3.000	 4.0	 1.0
1	2017	191	13094.0	 23.0	 30.0	3.000	 4.0	 3.0
1	2017	192	13312.0	 23.0	 29.0	3.000	 3.0	10.0
1	2017	193	18541.0	 22.0	 31.0	3.000	 2.0	 0.0
1	2017	194	22254.0	 23.0	 32.0	3.000	 2.0	 5.0
1	2017	195	14866.0	 22.0	 30.0	3.000	 2.0	 3.0
1	2017	196	21892.0	 22.0	 32.0	3.000	 2.0	 3.0
1	2017	197	19421.0	 23.0	 31.0	3.000	 3.0	 1.0
1	2017	198	18899.0	 23.0	 32.0	3.000	 2.0	 6.0
1	2017	199	19643.0	 24.0	 32.0	3.000	 2.0	 5.0
1	2017	200	15168.0	 24.0	 30.0	3.000	 2.0	 2.0
1	2017	201	17512.0	 23.0	 30.0	3.000	 2.0	 5.0
1	2017	202	22012.0	 23.0	 32.0	3.000	 2.0	 1.0
1	2017	203	21216.0	 24.0	 33.0	3.000	 2.0	 2.0
1	2017	204	15637.0	 23.0	 30.0	3.000	 2.0	 2.0
1	2017	205	16250.0	 24.0	 30.0	3.000	 3.0	 5.0
1	2017	206	15454.0	 23.0	 29.0	3.000	 3.0	 1.0
1	2017	207	15368.0	 23.0	 30.0	3.000	 3.0	 1.0
1	2017	208	19979.0	 23.0	 31.0	3.000	 2.0	 2.0
1	2017	209	16851.0	 24.0	 31.0	3.000	 2.0	 6.0
1	2017	210	18450.0	 23.0	 31.0	3.000	 2.0	 6.0
1	2017	211	20074.0	 23.0	 31.0	3.000	 2.0	 1.0
1	2017	212	19186.0	 23.0	 31.0	3.000	 2.0	 4.0
1	2017	213	20654.0	 23.0	 32.0	3.000	 2.0	 2.0
1	2017	214	19541.0	 22.0	 31.0	3.000	 2.0	 5.0
1	2017	215	16042.0	 23.0	 30.0	3.000	 3.0	 1.0
1	2017	216	18654.0	 23.0	 31.0	3.000	 2.0	 3.0
1	2017	217	13808.0	 23.0	 29.0	3.000	 1.0	13.0
1	2017	218	11898.0	 22.0	 27.0	3.000	 3.0	 6.0
1	2017	219	20032.0	 23.0	 30.0	3.000	 3.0	 3.0
1	2017	220	6477.0	 22.0	 26.0	3.000	 1.0	24.0
1	2017	221	17026.0	 22.0	 29.0	3.000	 3.0	 7.0
1	2017	222	19827.0	 22.0	 30.0	3.000	 2.0	 5.0
1	2017	223	19857.0	 22.0	 30.0	3.000	 2.0	 9.0
1	2017	224	17580.0	 22.0	 31.0	3.000	 2.0	 0.0
1	2017	225	19695.0	 24.0	 31.0	3.000	 2.0	 0.0
1	2017	226	18046.0	 23.0	 30.0	3.000	 2.0	15.0
1	2017	227	15964.0	 22.0	 29.0	3.000	 2.0	11.0
1	2017	228	17757.0	 23.0	 30.0	3.000	 3.0	 0.0
1	2017	229	19279.0	 24.0	 30.0	3.000	 3.0	 2.0
1	2017	230	4871.0	 22.0	 25.0	3.000	 3.0	15.0
1	2017	231	10480.0	 22.0	 28.0	3.000	 2.0	14.0
1	2017	232	22465.0	 22.0	 30.0	3.000	 2.0	 4.0
1	2017	233	16275.0	 23.0	 29.0	3.000	 2.0	 4.0
1	2017	234	15920.0	 22.0	 28.0	3.000	 2.0	 8.0
1	2017	235	12641.0	 22.0	 28.0	3.000	 2.0	12.0
1	2017	236	20229.0	 22.0	 30.0	3.000	 1.0	 2.0
1	2017	237	20382.0	 23.0	 30.0	3.000	 2.0	 2.0
1	2017	238	18645.0	 23.0	 30.0	3.000	 1.0	 9.0
1	2017	239	9940.0	 23.0	 27.0	3.000	 1.0	 3.0
1	2017	240	18396.0	 21.0	 30.0	3.000	 2.0	 0.0
1	2017	241	22789.0	 23.0	 31.0	3.000	 2.0	12.0
1	2017	242	11505.0	 23.0	 28.0	3.000	 4.0	 1.0
1	2017	243	14761.0	 23.0	 29.0	3.000	 3.0	 4.0
1	2017	244	16825.0	 22.0	 29.0	3.000	 2.0	 9.0
1	2017	245	19254.0	 23.0	 29.0	3.000	 2.0	 3.0
1	2017	246	19551.0	 23.0	 29.0	3.000	 2.0	 2.0
1	2017	247	18427.0	 22.0	 29.0	3.000	 2.0	 5.0
1	2017	248	22306.0	 22.0	 30.0	3.000	 2.0	 1.0
1	2017	249	20457.0	 23.0	 31.0	3.000	 1.0	 8.0
1	2017	250	15703.0	 23.0	 29.0	3.000	 3.0	10.0
1	2017	251	6767.0	 22.0	 26.0	3.000	 2.0	 3.0
1	2017	252	19637.0	 21.0	 30.0	3.000	 1.0	 0.0
1	2017	253	22874.0	 22.0	 31.0	3.000	 1.0	 1.0
1	2017	254	20159.0	 24.0	 31.0	3.000	 2.0	20.0
1	2017	255	21604.0	 23.0	 31.0	3.000	 2.0	 0.0
1	2017	256	18956.0	 23.0	 30.0	3.000	 3.0	 0.0
1	2017	257	21674.0	 23.0	 32.0	3.000	 2.0	 0.0
1	2017	258	22119.0	 24.0	 32.0	3.000	 3.0	 1.0
1	2017	259	10023.0	 24.0	 28.0	3.000	 3.0	 6.0
1	2017	260	9373.0	 22.0	 27.0	3.000	 2.0	10.0
1	2017	261	19707.0	 21.0	 31.0	3.000	 1.0	 0.0
1	2017	262	21406.0	 23.0	 32.0	3.000	 2.0	 0.0
1	2017	263	19446.0	 24.0	 31.0	3.000	 2.0	 4.0
1	2017	264	17430.0	 23.0	 30.0	3.000	 1.0	18.0
1	2017	265	3967.0	 22.0	 24.0	3.000	 2.0	134.0
1	2017	266	19204.0	 21.0	 29.0	3.000	 2.0	 2.0
1	2017	267	23876.0	 22.0	 31.0	3.000	 1.0	 1.0
1	2017	268	22532.0	 24.0	 31.0	3.000	 1.0	 1.0
1	2017	269	23348.0	 23.0	 31.0	3.000	 2.0	 1.0
1	2017	270	21711.0	 23.0	 31.0	3.000	 2.0	 1.0
1	2017	271	22757.0	 24.0	 32.0	3.000	 1.0	 9.0
1	2017	272	14602.0	 23.0	 30.0	3.000	 2.0	 1.0
1	2017	273	16111.0	 23.0	 30.0	3.000	 2.0	 0.0
1	2017	274	23000.0	 23.0	 31.0	3.000	 1.0	 8.0
1	2017	275	23593.0	 22.0	 32.0	3.000	 2.0	 0.0
1	2017	276	23754.0	 23.0	 33.0	3.000	 1.0	 0.0
1	2017	277	22670.0	 23.0	 32.0	3.000	 2.0	 0.0
1	2017	278	12977.0	 23.0	 30.0	3.000	 2.0	 1.0
1	2017	279	17498.0	 23.0	 31.0	3.000	 1.0	 0.0
1	2017	280	21643.0	 23.0	 32.0	3.000	 2.0	 0.0
1	2017	281	21718.0	 24.0	 32.0	3.000	 3.0	 1.0
1	2017	282	23563.0	 23.0	 33.0	3.000	 2.0	 0.0
1	2017	283	23285.0	 24.0	 33.0	3.000	 2.0	 0.0
1	2017	284	21219.0	 24.0	 33.0	3.000	 2.0	 0.0
1	2017	285	24254.0	 23.0	 33.0	3.000	 2.0	 0.0
1	2017	286	23899.0	 24.0	 34.0	3.000	 1.0	 0.0
1	2017	287	22482.0	 24.0	 33.0	3.000	 2.0	 0.0
1	2017	288	24007.0	 22.0	 34.0	3.000	 2.0	 0.0
1	2017	289	24305.0	 20.0	 34.0	2.000	 1.0	 0.0
1	2017	290	23759.0	 23.0	 35.0	2.000	 1.0	 0.0
1	2017	291	24594.0	 22.0	 35.0	2.000	 1.0	 0.0
1	2017	292	24236.0	 22.0	 35.0	2.000	 1.0	 0.0
1	2017	293	24014.0	 21.0	 35.0	2.000	 1.0	 0.0
1	2017	294	23728.0	 23.0	 35.0	2.000	 2.0	 0.0
1	2017	295	22744.0	 23.0	 35.0	2.000	 2.0	 0.0
1	2017	296	21668.0	 24.0	 35.0	3.000	 2.0	 0.0
1	2017	297	21873.0	 24.0	 35.0	3.000	 2.0	 0.0
1	2017	298	22291.0	 24.0	 35.0	3.000	 2.0	 0.0
1	2017	299	23651.0	 24.0	 36.0	2.000	 1.0	 0.0
1	2017	300	22137.0	 22.0	 36.0	2.000	 2.0	 0.0
1	2017	301	22416.0	 21.0	 34.0	1.000	 2.0	 0.0
1	2017	302	23040.0	 21.0	 35.0	1.000	 1.0	 0.0
1	2017	303	23703.0	 22.0	 36.0	2.000	 1.0	 0.0
1	2017	304	23274.0	 22.0	 36.0	2.000	 1.0	 0.0
1	2017	305	22600.0	 22.0	 36.0	2.000	 1.0	 0.0
1	2017	306	23215.0	 22.0	 36.0	1.000	 1.0	 0.0
1	2017	307	22647.0	 23.0	 36.0	2.000	 1.0	 0.0
1	2017	308	20782.0	 24.0	 35.0	2.000	 1.0	 0.0
1	2017	309	19928.0	 24.0	 34.0	3.000	 1.0	 0.0
1	2017	310	19755.0	 24.0	 34.0	2.000	 1.0	 0.0
1	2017	311	22867.0	 23.0	 35.0	2.000	 1.0	 0.0
1	2017	312	23653.0	 22.0	 36.0	1.000	 2.0	 0.0
1	2017	313	23221.0	 21.0	 36.0	1.000	 2.0	 0.0
1	2017	314	23165.0	 21.0	 36.0	1.000	 2.0	 0.0
1	2017	315	23563.0	 20.0	 36.0	1.000	 2.0	 0.0
1	2017	316	23484.0	 20.0	 36.0	1.000	 1.0	 0.0
1	2017	317	23218.0	 19.0	 36.0	1.000	 1.0	 0.0
1	2017	318	22606.0	 21.0	 36.0	1.000	 1.0	 0.0
1	2017	319	22582.0	 20.0	 36.0	1.000	 1.0	 0.0
1	2017	320	22630.0	 21.0	 36.0	1.000	 1.0	 0.0
1	2017	321	22375.0	 21.0	 36.0	1.000	 1.0	 0.0
1	2017	322	20277.0	 23.0	 35.0	2.000	 1.0	 0.0
1	2017	323	20030.0	 24.0	 36.0	2.000	 1.0	 0.0
1	2017	324	17960.0	 25.0	 35.0	2.000	 1.0	 1.0
1	2017	325	17153.0	 24.0	 35.0	2.000	 0.0	 0.0
1	2017	326	21372.0	 23.0	 36.0	2.000	 1.0	 0.0
1	2017	327	21453.0	 21.0	 35.0	2.000	 1.0	 0.0
1	2017	328	20856.0	 21.0	 35.0	2.000	 0.0	 0.0
1	2017	329	22278.0	 19.0	 35.0	1.000	 2.0	 0.0
1	2017	330	22402.0	 19.0	 36.0	1.000	 3.0	 0.0
1	2017	331	22251.0	 20.0	 35.0	1.000	 3.0	 0.0
1	2017	332	22271.0	 20.0	 35.0	1.000	 2.0	 0.0
1	2017	333	21969.0	 21.0	 35.0	1.000	 2.0	 0.0
1	2017	334	21641.0	 21.0	 36.0	1.000	 2.0	 0.0
1	2017	335	21558.0	 21.0	 37.0	1.000	 3.0	 0.0
1	2017	336	21853.0	 22.0	 36.0	1.000	 3.0	 0.0
1	2017	337	21834.0	 20.0	 35.0	1.000	 2.0	 0.0
1	2017	338	21510.0	 20.0	 36.0	1.000	 2.0	 0.0
1	2017	339	20373.0	 21.0	 36.0	1.000	 2.0	 0.0
1	2017	340	20950.0	 21.0	 36.0	1.000	 2.0	 0.0
1	2017	341	20928.0	 20.0	 35.0	1.000	 2.0	 0.0
1	2017	342	21131.0	 20.0	 36.0	1.000	 2.0	 0.0
1	2017	343	20927.0	 21.0	 35.0	1.000	 3.0	 0.0
1	2017	344	21570.0	 21.0	 33.0	1.000	 4.0	 0.0
1	2017	345	21142.0	 19.0	 33.0	1.000	 3.0	 0.0
1	2017	346	16848.0	 22.0	 34.0	1.000	 2.0	 0.0
1	2017	347	18491.0	 22.0	 36.0	1.000	 2.0	 0.0
1	2017	348	19961.0	 23.0	 37.0	1.000	 2.0	 0.0
1	2017	349	19650.0	 22.0	 36.0	1.000	 2.0	 0.0
1	2017	350	20743.0	 22.0	 37.0	1.000	 3.0	 0.0
1	2017	351	20576.0	 21.0	 37.0	1.000	 3.0	 0.0
1	2017	352	20706.0	 20.0	 36.0	1.000	 1.0	 0.0
1	2017	353	20484.0	 20.0	 36.0	1.000	 1.0	 0.0
1	2017	354	20435.0	 20.0	 35.0	1.000	 2.0	 0.0
1	2017	355	19160.0	 21.0	 34.0	1.000	 3.0	 0.0
1	2017	356	20663.0	 21.0	 34.0	1.000	 4.0	 0.0
1	2017	357	20980.0	 20.0	 33.0	1.000	 3.0	 0.0
1	2017	358	20894.0	 19.0	 33.0	1.000	 3.0	 0.0
1	2017	359	20741.0	 20.0	 34.0	1.000	 3.0	 0.0
1	2017	360	20817.0	 21.0	 34.0	1.000	 3.0	 0.0
1	2017	361	20883.0	 21.0	 35.0	1.000	 3.0	 0.0
1	2017	362	20894.0	 20.0	 35.0	1.000	 3.0	 0.0
1	2017	363	20745.0	 21.0	 34.0	1.000	 3.0	 0.0
1	2017	364	20984.0	 21.0	 34.0	1.000	 4.0	 0.0
1	2017	365	21278.0	 20.0	 33.0	1.000	 4.0	 0.0
