*---------------------------------------------------
* Station: Central
* Year: 2016
* Origin: ERA5-Reanalysis
* Columns & units
* ===================
* 1. station number
* 2. year
* 3. Day of Year
* 4. Irradiance   (kJ路m-2路d-1)
* 5. Daily minimum temperature (degC)
* 6. Daily maximum temperature (degC)
* 7. Vapour pressure (kPa)
* 8. Mean wind speed (m路s-1)
* 9. Precipitation (mm路d-1)
** WCCDESCRIPTION=Central
** WCCFORMAT=2
** WCCYEARNR=2016
*------------------------------------------------------------*
-1.22  5.57  116.00 -0.18  -0.55
1	2016	1	14949.0	 24.0	 31.0	3.000	 1.0	 0.0
1	2016	2	16127.0	 23.0	 31.0	3.000	 1.0	 1.0
1	2016	3	21434.0	 23.0	 34.0	2.000	 0.0	 0.0
1	2016	4	22052.0	 21.0	 34.0	2.000	 0.0	 0.0
1	2016	5	22063.0	 21.0	 33.0	2.000	 1.0	 0.0
1	2016	6	22554.0	 23.0	 33.0	2.000	 2.0	 0.0
1	2016	7	22492.0	 22.0	 35.0	1.000	 3.0	 0.0
1	2016	8	22851.0	 19.0	 35.0	1.000	 1.0	 0.0
1	2016	9	21396.0	 20.0	 33.0	3.000	 2.0	 0.0
1	2016	10	20944.0	 22.0	 33.0	3.000	 1.0	 0.0
1	2016	11	19267.0	 22.0	 33.0	3.000	 1.0	 0.0
1	2016	12	21217.0	 22.0	 34.0	3.000	 1.0	 0.0
1	2016	13	18115.0	 24.0	 32.0	3.000	 1.0	 3.0
1	2016	14	17961.0	 24.0	 32.0	3.000	 1.0	 0.0
1	2016	15	17961.0	 24.0	 32.0	3.000	 2.0	 1.0
1	2016	16	19382.0	 24.0	 34.0	3.000	 2.0	 0.0
1	2016	17	17506.0	 24.0	 32.0	3.000	 2.0	 2.0
1	2016	18	15889.0	 24.0	 31.0	3.000	 2.0	 1.0
1	2016	19	16846.0	 24.0	 31.0	3.000	 1.0	 2.0
1	2016	20	14522.0	 24.0	 30.0	3.000	 1.0	12.0
1	2016	21	16183.0	 24.0	 30.0	3.000	 1.0	 2.0
1	2016	22	18762.0	 23.0	 32.0	3.000	 1.0	 0.0
1	2016	23	18341.0	 24.0	 32.0	3.000	 1.0	 0.0
1	2016	24	17744.0	 24.0	 32.0	3.000	 1.0	 0.0
1	2016	25	14703.0	 23.0	 31.0	3.000	 1.0	 0.0
1	2016	26	19817.0	 24.0	 33.0	3.000	 0.0	 0.0
1	2016	27	23174.0	 22.0	 33.0	2.000	 2.0	 0.0
1	2016	28	23671.0	 19.0	 33.0	2.000	 1.0	 0.0
1	2016	29	22681.0	 19.0	 34.0	2.000	 1.0	 0.0
1	2016	30	24033.0	 19.0	 34.0	2.000	 1.0	 0.0
1	2016	31	23358.0	 20.0	 33.0	2.000	 1.0	 0.0
1	2016	32	23504.0	 20.0	 35.0	2.000	 1.0	 0.0
1	2016	33	23023.0	 21.0	 34.0	2.000	 1.0	 0.0
1	2016	34	22561.0	 21.0	 34.0	3.000	 1.0	 0.0
1	2016	35	22233.0	 22.0	 34.0	3.000	 1.0	 0.0
1	2016	36	22859.0	 21.0	 36.0	2.000	 1.0	 0.0
1	2016	37	23154.0	 21.0	 36.0	3.000	 1.0	 0.0
1	2016	38	19820.0	 23.0	 34.0	3.000	 2.0	 0.0
1	2016	39	20807.0	 24.0	 35.0	3.000	 1.0	 0.0
1	2016	40	20067.0	 24.0	 35.0	3.000	 1.0	 0.0
1	2016	41	23471.0	 22.0	 35.0	2.000	 1.0	 0.0
1	2016	42	23091.0	 22.0	 35.0	3.000	 1.0	 0.0
1	2016	43	22529.0	 23.0	 36.0	3.000	 1.0	 0.0
1	2016	44	21068.0	 25.0	 35.0	3.000	 2.0	 0.0
1	2016	45	18704.0	 25.0	 34.0	3.000	 2.0	 0.0
1	2016	46	18967.0	 24.0	 34.0	3.000	 2.0	 2.0
1	2016	47	12934.0	 25.0	 33.0	3.000	 2.0	 2.0
1	2016	48	17024.0	 25.0	 33.0	3.000	 2.0	 3.0
1	2016	49	19166.0	 25.0	 34.0	3.000	 2.0	 4.0
1	2016	50	19099.0	 24.0	 33.0	3.000	 2.0	 2.0
1	2016	51	19056.0	 25.0	 35.0	3.000	 2.0	 0.0
1	2016	52	18682.0	 26.0	 34.0	3.000	 2.0	 2.0
1	2016	53	16691.0	 25.0	 34.0	3.000	 2.0	 1.0
1	2016	54	18659.0	 26.0	 34.0	3.000	 2.0	 3.0
1	2016	55	19550.0	 25.0	 33.0	3.000	 2.0	 2.0
1	2016	56	19818.0	 25.0	 33.0	3.000	 2.0	 5.0
1	2016	57	15618.0	 25.0	 33.0	3.000	 2.0	 1.0
1	2016	58	15200.0	 25.0	 32.0	3.000	 2.0	19.0
1	2016	59	13472.0	 25.0	 32.0	3.000	 2.0	11.0
1	2016	60	17268.0	 24.0	 32.0	3.000	 2.0	 7.0
1	2016	61	13536.0	 25.0	 31.0	3.000	 1.0	19.0
1	2016	62	17953.0	 24.0	 32.0	3.000	 2.0	 1.0
1	2016	63	17167.0	 25.0	 32.0	3.000	 2.0	 1.0
1	2016	64	18114.0	 25.0	 33.0	3.000	 2.0	 0.0
1	2016	65	18972.0	 25.0	 34.0	3.000	 3.0	 1.0
1	2016	66	18316.0	 25.0	 33.0	3.000	 2.0	 1.0
1	2016	67	19127.0	 25.0	 34.0	3.000	 2.0	 1.0
1	2016	68	15737.0	 25.0	 31.0	3.000	 1.0	13.0
1	2016	69	18016.0	 24.0	 32.0	3.000	 2.0	 1.0
1	2016	70	18307.0	 25.0	 32.0	3.000	 2.0	 5.0
1	2016	71	17617.0	 25.0	 32.0	3.000	 3.0	10.0
1	2016	72	18746.0	 24.0	 32.0	3.000	 2.0	 4.0
1	2016	73	18681.0	 24.0	 32.0	3.000	 2.0	13.0
1	2016	74	17152.0	 24.0	 31.0	3.000	 1.0	 5.0
1	2016	75	21901.0	 23.0	 32.0	3.000	 1.0	 1.0
1	2016	76	19613.0	 23.0	 32.0	3.000	 1.0	 4.0
1	2016	77	17956.0	 24.0	 32.0	3.000	 2.0	 8.0
1	2016	78	12127.0	 23.0	 29.0	3.000	 1.0	12.0
1	2016	79	17331.0	 24.0	 31.0	3.000	 2.0	 6.0
1	2016	80	22529.0	 23.0	 32.0	3.000	 1.0	 8.0
1	2016	81	18447.0	 24.0	 32.0	3.000	 1.0	 3.0
1	2016	82	17412.0	 24.0	 31.0	3.000	 1.0	15.0
1	2016	83	18843.0	 25.0	 32.0	3.000	 2.0	 7.0
1	2016	84	11713.0	 24.0	 30.0	3.000	 2.0	 2.0
1	2016	85	20847.0	 23.0	 32.0	3.000	 2.0	 0.0
1	2016	86	22283.0	 24.0	 32.0	3.000	 1.0	 1.0
1	2016	87	17333.0	 24.0	 31.0	3.000	 2.0	10.0
1	2016	88	16426.0	 25.0	 31.0	3.000	 2.0	21.0
1	2016	89	17103.0	 24.0	 32.0	3.000	 2.0	10.0
1	2016	90	14947.0	 25.0	 30.0	3.000	 2.0	11.0
1	2016	91	19416.0	 24.0	 32.0	3.000	 2.0	13.0
1	2016	92	19056.0	 25.0	 32.0	3.000	 3.0	 3.0
1	2016	93	12237.0	 24.0	 30.0	3.000	 1.0	 2.0
1	2016	94	19087.0	 24.0	 31.0	3.000	 2.0	 2.0
1	2016	95	20687.0	 25.0	 32.0	3.000	 2.0	 1.0
1	2016	96	16127.0	 25.0	 31.0	3.000	 2.0	13.0
1	2016	97	15927.0	 24.0	 31.0	3.000	 2.0	12.0
1	2016	98	16325.0	 24.0	 30.0	3.000	 2.0	 9.0
1	2016	99	17469.0	 23.0	 32.0	3.000	 2.0	13.0
1	2016	100	16707.0	 24.0	 30.0	3.000	 1.0	13.0
1	2016	101	12412.0	 23.0	 30.0	3.000	 1.0	 0.0
1	2016	102	18530.0	 23.0	 31.0	3.000	 1.0	 1.0
1	2016	103	22969.0	 24.0	 32.0	3.000	 1.0	 3.0
1	2016	104	18676.0	 25.0	 31.0	3.000	 2.0	 1.0
1	2016	105	19433.0	 25.0	 32.0	3.000	 2.0	 0.0
1	2016	106	15862.0	 24.0	 31.0	3.000	 2.0	 7.0
1	2016	107	20686.0	 24.0	 31.0	3.000	 2.0	 1.0
1	2016	108	17760.0	 24.0	 32.0	3.000	 1.0	 5.0
1	2016	109	20944.0	 24.0	 31.0	3.000	 2.0	 1.0
1	2016	110	24678.0	 23.0	 33.0	3.000	 1.0	 2.0
1	2016	111	20407.0	 24.0	 32.0	3.000	 2.0	 5.0
1	2016	112	21791.0	 24.0	 32.0	3.000	 2.0	 0.0
1	2016	113	22519.0	 24.0	 33.0	3.000	 1.0	 1.0
1	2016	114	14685.0	 24.0	 31.0	3.000	 2.0	 0.0
1	2016	115	18450.0	 25.0	 32.0	3.000	 2.0	 3.0
1	2016	116	19369.0	 25.0	 32.0	3.000	 2.0	 2.0
1	2016	117	19078.0	 25.0	 31.0	3.000	 2.0	 2.0
1	2016	118	16725.0	 25.0	 31.0	3.000	 2.0	10.0
1	2016	119	18760.0	 25.0	 32.0	3.000	 1.0	 9.0
1	2016	120	18737.0	 24.0	 31.0	3.000	 1.0	 9.0
1	2016	121	19588.0	 24.0	 31.0	3.000	 2.0	 3.0
1	2016	122	19820.0	 24.0	 32.0	3.000	 2.0	 5.0
1	2016	123	17726.0	 24.0	 31.0	3.000	 2.0	 3.0
1	2016	124	17176.0	 24.0	 31.0	3.000	 2.0	 6.0
1	2016	125	18190.0	 24.0	 30.0	3.000	 1.0	 3.0
1	2016	126	20044.0	 23.0	 32.0	3.000	 2.0	 7.0
1	2016	127	13829.0	 24.0	 30.0	3.000	 2.0	11.0
1	2016	128	19779.0	 24.0	 31.0	3.000	 2.0	 2.0
1	2016	129	21756.0	 23.0	 32.0	3.000	 1.0	 1.0
1	2016	130	20167.0	 23.0	 32.0	3.000	 1.0	 4.0
1	2016	131	21939.0	 23.0	 31.0	3.000	 1.0	 1.0
1	2016	132	21774.0	 23.0	 32.0	3.000	 1.0	 0.0
1	2016	133	16135.0	 25.0	 30.0	3.000	 2.0	 7.0
1	2016	134	17131.0	 24.0	 30.0	3.000	 2.0	13.0
1	2016	135	16040.0	 24.0	 30.0	3.000	 2.0	10.0
1	2016	136	15132.0	 23.0	 30.0	3.000	 1.0	 2.0
1	2016	137	11646.0	 23.0	 29.0	3.000	 2.0	 9.0
1	2016	138	11964.0	 23.0	 28.0	3.000	 1.0	90.0
1	2016	139	12033.0	 23.0	 29.0	3.000	 1.0	77.0
1	2016	140	15506.0	 23.0	 30.0	3.000	 1.0	16.0
1	2016	141	16821.0	 23.0	 30.0	3.000	 1.0	 6.0
1	2016	142	14324.0	 24.0	 28.0	3.000	 2.0	 6.0
1	2016	143	11953.0	 24.0	 29.0	3.000	 2.0	20.0
1	2016	144	6035.0	 23.0	 26.0	3.000	 2.0	13.0
1	2016	145	11485.0	 23.0	 27.0	3.000	 2.0	17.0
1	2016	146	14332.0	 23.0	 29.0	3.000	 1.0	25.0
1	2016	147	17418.0	 22.0	 30.0	3.000	 1.0	 2.0
1	2016	148	18649.0	 23.0	 30.0	3.000	 2.0	 2.0
1	2016	149	18144.0	 23.0	 30.0	3.000	 2.0	 5.0
1	2016	150	14548.0	 23.0	 30.0	3.000	 2.0	 8.0
1	2016	151	15065.0	 23.0	 29.0	3.000	 1.0	 6.0
1	2016	152	16823.0	 22.0	 30.0	3.000	 1.0	10.0
1	2016	153	17002.0	 23.0	 30.0	3.000	 1.0	10.0
1	2016	154	18157.0	 23.0	 30.0	3.000	 2.0	 4.0
1	2016	155	14838.0	 23.0	 29.0	3.000	 1.0	18.0
1	2016	156	16232.0	 23.0	 29.0	3.000	 1.0	 5.0
1	2016	157	16883.0	 23.0	 30.0	3.000	 1.0	10.0
1	2016	158	15900.0	 23.0	 28.0	3.000	 1.0	11.0
1	2016	159	15402.0	 23.0	 29.0	3.000	 1.0	11.0
1	2016	160	5459.0	 23.0	 26.0	3.000	 1.0	 2.0
1	2016	161	13905.0	 23.0	 29.0	3.000	 2.0	17.0
1	2016	162	4441.0	 23.0	 25.0	3.000	 2.0	47.0
1	2016	163	15588.0	 22.0	 28.0	3.000	 2.0	 4.0
1	2016	164	12752.0	 23.0	 28.0	3.000	 2.0	32.0
1	2016	165	8631.0	 22.0	 25.0	3.000	 2.0	21.0
1	2016	166	10310.0	 22.0	 25.0	3.000	 2.0	12.0
1	2016	167	13283.0	 22.0	 28.0	3.000	 2.0	10.0
1	2016	168	7798.0	 22.0	 25.0	3.000	 2.0	 9.0
1	2016	169	17079.0	 22.0	 29.0	3.000	 2.0	 1.0
1	2016	170	12477.0	 22.0	 28.0	3.000	 2.0	 1.0
1	2016	171	14274.0	 23.0	 29.0	3.000	 2.0	 6.0
1	2016	172	11779.0	 22.0	 27.0	3.000	 3.0	 6.0
1	2016	173	15710.0	 22.0	 28.0	3.000	 2.0	 4.0
1	2016	174	19197.0	 22.0	 29.0	3.000	 2.0	 1.0
1	2016	175	18638.0	 21.0	 29.0	3.000	 2.0	 0.0
1	2016	176	15273.0	 21.0	 28.0	3.000	 2.0	 3.0
1	2016	177	16632.0	 22.0	 29.0	3.000	 2.0	 2.0
1	2016	178	17401.0	 22.0	 29.0	3.000	 2.0	 1.0
1	2016	179	15430.0	 22.0	 29.0	3.000	 2.0	 7.0
1	2016	180	14296.0	 23.0	 28.0	3.000	 2.0	12.0
1	2016	181	15704.0	 23.0	 28.0	3.000	 2.0	 9.0
1	2016	182	15569.0	 22.0	 28.0	3.000	 2.0	 3.0
1	2016	183	17648.0	 22.0	 29.0	3.000	 2.0	 2.0
1	2016	184	18946.0	 22.0	 29.0	3.000	 2.0	 3.0
1	2016	185	15562.0	 23.0	 27.0	3.000	 2.0	17.0
1	2016	186	15167.0	 23.0	 28.0	3.000	 2.0	 6.0
1	2016	187	17050.0	 22.0	 29.0	3.000	 2.0	 7.0
1	2016	188	15086.0	 23.0	 29.0	3.000	 2.0	 2.0
1	2016	189	15247.0	 23.0	 28.0	3.000	 2.0	 8.0
1	2016	190	14001.0	 22.0	 29.0	3.000	 2.0	 8.0
1	2016	191	13002.0	 23.0	 28.0	3.000	 3.0	 6.0
1	2016	192	15279.0	 23.0	 28.0	3.000	 3.0	 6.0
1	2016	193	16329.0	 22.0	 28.0	3.000	 3.0	 3.0
1	2016	194	18398.0	 22.0	 29.0	3.000	 2.0	 0.0
1	2016	195	17442.0	 21.0	 29.0	3.000	 2.0	 0.0
1	2016	196	9172.0	 22.0	 26.0	3.000	 2.0	 1.0
1	2016	197	16957.0	 22.0	 28.0	3.000	 3.0	 2.0
1	2016	198	16089.0	 22.0	 29.0	3.000	 2.0	 9.0
1	2016	199	13125.0	 22.0	 27.0	3.000	 2.0	 8.0
1	2016	200	14913.0	 22.0	 27.0	3.000	 2.0	 2.0
1	2016	201	19061.0	 22.0	 29.0	3.000	 2.0	 2.0
1	2016	202	15008.0	 23.0	 28.0	3.000	 2.0	 5.0
1	2016	203	16231.0	 22.0	 28.0	3.000	 2.0	 7.0
1	2016	204	16420.0	 22.0	 29.0	3.000	 2.0	15.0
1	2016	205	12618.0	 22.0	 27.0	3.000	 2.0	19.0
1	2016	206	9934.0	 22.0	 27.0	3.000	 2.0	12.0
1	2016	207	11553.0	 21.0	 26.0	3.000	 2.0	 8.0
1	2016	208	12369.0	 22.0	 26.0	3.000	 2.0	13.0
1	2016	209	15666.0	 22.0	 28.0	3.000	 2.0	 2.0
1	2016	210	14790.0	 23.0	 28.0	3.000	 2.0	 2.0
1	2016	211	14630.0	 22.0	 27.0	3.000	 2.0	 4.0
1	2016	212	14081.0	 22.0	 27.0	3.000	 2.0	 2.0
1	2016	213	11189.0	 22.0	 26.0	3.000	 3.0	 2.0
1	2016	214	12936.0	 23.0	 28.0	3.000	 2.0	 1.0
1	2016	215	9686.0	 23.0	 27.0	3.000	 3.0	 1.0
1	2016	216	9848.0	 22.0	 26.0	3.000	 3.0	 1.0
1	2016	217	12602.0	 22.0	 27.0	3.000	 2.0	 1.0
1	2016	218	13938.0	 23.0	 28.0	3.000	 2.0	 1.0
1	2016	219	8555.0	 22.0	 28.0	3.000	 2.0	 2.0
1	2016	220	17810.0	 23.0	 29.0	3.000	 3.0	 2.0
1	2016	221	15143.0	 23.0	 27.0	3.000	 2.0	 2.0
1	2016	222	16900.0	 22.0	 28.0	3.000	 2.0	 3.0
1	2016	223	17527.0	 22.0	 28.0	3.000	 2.0	 2.0
1	2016	224	16182.0	 22.0	 29.0	3.000	 2.0	 2.0
1	2016	225	10869.0	 23.0	 27.0	3.000	 2.0	 1.0
1	2016	226	14858.0	 22.0	 28.0	3.000	 2.0	 2.0
1	2016	227	16820.0	 22.0	 28.0	3.000	 3.0	 2.0
1	2016	228	10739.0	 22.0	 27.0	3.000	 2.0	 1.0
1	2016	229	7589.0	 22.0	 26.0	3.000	 3.0	 0.0
1	2016	230	11670.0	 21.0	 27.0	3.000	 2.0	 5.0
1	2016	231	15817.0	 21.0	 28.0	3.000	 2.0	13.0
1	2016	232	15709.0	 22.0	 29.0	3.000	 2.0	 5.0
1	2016	233	13167.0	 22.0	 28.0	3.000	 2.0	11.0
1	2016	234	13530.0	 22.0	 27.0	3.000	 2.0	 9.0
1	2016	235	13879.0	 22.0	 28.0	3.000	 2.0	 1.0
1	2016	236	13128.0	 23.0	 29.0	3.000	 2.0	 6.0
1	2016	237	16759.0	 22.0	 29.0	3.000	 3.0	 2.0
1	2016	238	16880.0	 23.0	 29.0	3.000	 2.0	 6.0
1	2016	239	14280.0	 23.0	 28.0	3.000	 2.0	 9.0
1	2016	240	13511.0	 22.0	 29.0	3.000	 3.0	 9.0
1	2016	241	17516.0	 22.0	 29.0	3.000	 3.0	 7.0
1	2016	242	12076.0	 21.0	 27.0	3.000	 1.0	 6.0
1	2016	243	12586.0	 21.0	 28.0	3.000	 1.0	25.0
1	2016	244	14832.0	 21.0	 28.0	3.000	 1.0	 2.0
1	2016	245	16470.0	 22.0	 29.0	3.000	 2.0	 6.0
1	2016	246	17522.0	 22.0	 29.0	3.000	 2.0	 6.0
1	2016	247	13955.0	 23.0	 28.0	3.000	 2.0	10.0
1	2016	248	16772.0	 22.0	 29.0	3.000	 2.0	 6.0
1	2016	249	15706.0	 23.0	 28.0	3.000	 2.0	 4.0
1	2016	250	16333.0	 22.0	 29.0	3.000	 1.0	 5.0
1	2016	251	14066.0	 23.0	 29.0	3.000	 2.0	11.0
1	2016	252	15879.0	 22.0	 29.0	3.000	 2.0	 2.0
1	2016	253	16847.0	 22.0	 29.0	3.000	 2.0	 2.0
1	2016	254	12684.0	 22.0	 28.0	3.000	 2.0	21.0
1	2016	255	9078.0	 22.0	 26.0	3.000	 2.0	10.0
1	2016	256	15827.0	 22.0	 28.0	3.000	 2.0	 2.0
1	2016	257	16242.0	 22.0	 29.0	3.000	 2.0	 7.0
1	2016	258	10038.0	 23.0	 27.0	3.000	 2.0	 5.0
1	2016	259	12809.0	 22.0	 28.0	3.000	 2.0	 5.0
1	2016	260	15959.0	 21.0	 28.0	3.000	 1.0	 4.0
1	2016	261	12384.0	 23.0	 28.0	3.000	 1.0	 5.0
1	2016	262	18373.0	 23.0	 29.0	3.000	 2.0	 9.0
1	2016	263	18338.0	 23.0	 29.0	3.000	 2.0	 2.0
1	2016	264	12204.0	 23.0	 28.0	3.000	 2.0	22.0
1	2016	265	13829.0	 22.0	 28.0	3.000	 2.0	24.0
1	2016	266	18646.0	 23.0	 29.0	3.000	 2.0	 3.0
1	2016	267	15417.0	 23.0	 29.0	3.000	 1.0	 3.0
1	2016	268	11919.0	 23.0	 28.0	3.000	 2.0	 5.0
1	2016	269	11544.0	 23.0	 27.0	3.000	 2.0	19.0
1	2016	270	12446.0	 22.0	 28.0	3.000	 2.0	21.0
1	2016	271	16913.0	 22.0	 30.0	3.000	 1.0	11.0
1	2016	272	16960.0	 22.0	 29.0	3.000	 1.0	14.0
1	2016	273	15966.0	 22.0	 29.0	3.000	 1.0	 8.0
1	2016	274	15076.0	 23.0	 29.0	3.000	 1.0	 5.0
1	2016	275	15732.0	 23.0	 30.0	3.000	 2.0	11.0
1	2016	276	7100.0	 23.0	 26.0	3.000	 2.0	27.0
1	2016	277	10126.0	 22.0	 27.0	3.000	 1.0	 7.0
1	2016	278	17879.0	 22.0	 30.0	3.000	 1.0	 6.0
1	2016	279	19708.0	 23.0	 30.0	3.000	 1.0	 2.0
1	2016	280	20282.0	 23.0	 31.0	3.000	 1.0	 2.0
1	2016	281	19086.0	 23.0	 30.0	3.000	 2.0	 5.0
1	2016	282	13639.0	 23.0	 28.0	3.000	 1.0	10.0
1	2016	283	12364.0	 23.0	 28.0	3.000	 1.0	12.0
1	2016	284	15825.0	 23.0	 29.0	3.000	 1.0	 8.0
1	2016	285	8721.0	 22.0	 26.0	3.000	 1.0	24.0
1	2016	286	17674.0	 23.0	 29.0	3.000	 2.0	 9.0
1	2016	287	17129.0	 23.0	 30.0	3.000	 1.0	 9.0
1	2016	288	16337.0	 23.0	 30.0	3.000	 1.0	10.0
1	2016	289	15319.0	 22.0	 30.0	3.000	 1.0	13.0
1	2016	290	18507.0	 24.0	 31.0	3.000	 0.0	 9.0
1	2016	291	18755.0	 23.0	 31.0	3.000	 1.0	 8.0
1	2016	292	16949.0	 23.0	 29.0	3.000	 1.0	13.0
1	2016	293	15037.0	 23.0	 29.0	3.000	 1.0	 9.0
1	2016	294	20377.0	 22.0	 31.0	3.000	 0.0	 2.0
1	2016	295	18318.0	 23.0	 31.0	3.000	 1.0	 4.0
1	2016	296	15642.0	 22.0	 29.0	3.000	 1.0	10.0
1	2016	297	18862.0	 22.0	 30.0	3.000	 0.0	 2.0
1	2016	298	19505.0	 22.0	 30.0	3.000	 1.0	 1.0
1	2016	299	19265.0	 23.0	 31.0	3.000	 1.0	 8.0
1	2016	300	16071.0	 23.0	 30.0	3.000	 1.0	16.0
1	2016	301	19846.0	 23.0	 31.0	3.000	 1.0	 1.0
1	2016	302	14852.0	 23.0	 30.0	3.000	 1.0	 4.0
1	2016	303	15049.0	 23.0	 29.0	3.000	 1.0	 6.0
1	2016	304	16895.0	 22.0	 30.0	3.000	 1.0	11.0
1	2016	305	17916.0	 23.0	 30.0	3.000	 1.0	 6.0
1	2016	306	19471.0	 22.0	 31.0	3.000	 1.0	11.0
1	2016	307	15839.0	 23.0	 30.0	3.000	 1.0	 5.0
1	2016	308	20479.0	 22.0	 31.0	3.000	 1.0	 3.0
1	2016	309	18817.0	 23.0	 31.0	3.000	 1.0	 4.0
1	2016	310	18222.0	 23.0	 30.0	3.000	 1.0	 4.0
1	2016	311	16866.0	 23.0	 30.0	3.000	 1.0	 4.0
1	2016	312	15510.0	 23.0	 29.0	3.000	 1.0	 1.0
1	2016	313	16642.0	 23.0	 30.0	3.000	 1.0	11.0
1	2016	314	19659.0	 23.0	 31.0	3.000	 1.0	 4.0
1	2016	315	19297.0	 24.0	 31.0	3.000	 1.0	 1.0
1	2016	316	18527.0	 24.0	 31.0	3.000	 2.0	 1.0
1	2016	317	17789.0	 23.0	 30.0	3.000	 1.0	 1.0
1	2016	318	19859.0	 22.0	 31.0	3.000	 1.0	 2.0
1	2016	319	18363.0	 23.0	 31.0	3.000	 1.0	 1.0
1	2016	320	18976.0	 22.0	 31.0	3.000	 1.0	 1.0
1	2016	321	17068.0	 24.0	 30.0	3.000	 1.0	 1.0
1	2016	322	18487.0	 23.0	 31.0	3.000	 1.0	 2.0
1	2016	323	16049.0	 23.0	 30.0	3.000	 1.0	 1.0
1	2016	324	15770.0	 23.0	 31.0	3.000	 1.0	 6.0
1	2016	325	18658.0	 23.0	 31.0	3.000	 1.0	 4.0
1	2016	326	15531.0	 24.0	 30.0	3.000	 1.0	11.0
1	2016	327	14068.0	 23.0	 30.0	3.000	 1.0	 3.0
1	2016	328	16586.0	 22.0	 29.0	3.000	 1.0	 5.0
1	2016	329	17713.0	 23.0	 31.0	3.000	 1.0	 9.0
1	2016	330	17334.0	 23.0	 31.0	3.000	 1.0	 4.0
1	2016	331	15919.0	 24.0	 30.0	3.000	 2.0	 2.0
1	2016	332	18147.0	 24.0	 31.0	3.000	 2.0	 2.0
1	2016	333	16489.0	 23.0	 30.0	3.000	 2.0	 1.0
1	2016	334	16992.0	 23.0	 31.0	3.000	 1.0	 3.0
1	2016	335	15122.0	 23.0	 30.0	3.000	 1.0	 5.0
1	2016	336	17063.0	 23.0	 30.0	3.000	 1.0	 2.0
1	2016	337	16347.0	 23.0	 31.0	3.000	 1.0	 3.0
1	2016	338	16615.0	 24.0	 31.0	3.000	 1.0	 3.0
1	2016	339	17553.0	 23.0	 31.0	3.000	 1.0	 1.0
1	2016	340	17128.0	 23.0	 30.0	3.000	 1.0	 1.0
1	2016	341	18522.0	 23.0	 31.0	3.000	 1.0	 1.0
1	2016	342	16511.0	 23.0	 31.0	3.000	 1.0	 1.0
1	2016	343	15840.0	 23.0	 30.0	3.000	 1.0	 7.0
1	2016	344	15476.0	 23.0	 31.0	3.000	 1.0	 7.0
1	2016	345	15719.0	 23.0	 30.0	3.000	 1.0	 4.0
1	2016	346	14777.0	 23.0	 29.0	3.000	 1.0	 9.0
1	2016	347	15130.0	 22.0	 30.0	3.000	 1.0	 0.0
1	2016	348	19469.0	 22.0	 32.0	3.000	 1.0	 1.0
1	2016	349	16146.0	 23.0	 31.0	3.000	 1.0	 6.0
1	2016	350	15094.0	 22.0	 30.0	3.000	 1.0	14.0
1	2016	351	16099.0	 22.0	 30.0	3.000	 1.0	 1.0
1	2016	352	18033.0	 23.0	 31.0	3.000	 1.0	 3.0
1	2016	353	15703.0	 23.0	 30.0	3.000	 1.0	 7.0
1	2016	354	15970.0	 22.0	 30.0	3.000	 1.0	 1.0
1	2016	355	18364.0	 22.0	 31.0	3.000	 1.0	 1.0
1	2016	356	17552.0	 23.0	 31.0	3.000	 1.0	 0.0
1	2016	357	17837.0	 24.0	 31.0	3.000	 1.0	 0.0
1	2016	358	19857.0	 23.0	 32.0	3.000	 2.0	 0.0
1	2016	359	18761.0	 24.0	 32.0	3.000	 2.0	 0.0
1	2016	360	17030.0	 24.0	 31.0	3.000	 1.0	 1.0
1	2016	361	17131.0	 24.0	 32.0	3.000	 1.0	 0.0
1	2016	362	15639.0	 23.0	 30.0	3.000	 0.0	 2.0
1	2016	363	19283.0	 23.0	 32.0	2.000	 1.0	 0.0
1	2016	364	20465.0	 22.0	 32.0	3.000	 1.0	 0.0
1	2016	365	20834.0	 21.0	 32.0	3.000	 1.0	 0.0
1	2016	366	21262.0	 21.0	 32.0	3.000	 1.0	 0.0
