*---------------------------------------------------
* Station: Central
* Year: 2012
* Origin: ERA5-Reanalysis
* Columns & units
* ===================
* 1. station number
* 2. year
* 3. Day of Year
* 4. Irradiance   (kJ路m-2路d-1)
* 5. Daily minimum temperature (degC)
* 6. Daily maximum temperature (degC)
* 7. Vapour pressure (kPa)
* 8. Mean wind speed (m路s-1)
* 9. Precipitation (mm路d-1)
** WCCDESCRIPTION=Central
** WCCFORMAT=2
** WCCYEARNR=2012
*------------------------------------------------------------*
-1.22  5.57  116.00 -0.18  -0.55
1	2012	1	21693.0	 21.0	 32.0	2.000	 1.0	 0.0
1	2012	2	19110.0	 22.0	 31.0	3.000	 1.0	 0.0
1	2012	3	17436.0	 22.0	 31.0	3.000	 1.0	 1.0
1	2012	4	20088.0	 22.0	 32.0	3.000	 1.0	 0.0
1	2012	5	19579.0	 23.0	 33.0	3.000	 1.0	 0.0
1	2012	6	17697.0	 23.0	 31.0	3.000	 1.0	 4.0
1	2012	7	20217.0	 23.0	 33.0	3.000	 1.0	 0.0
1	2012	8	20737.0	 24.0	 33.0	3.000	 1.0	 0.0
1	2012	9	19922.0	 23.0	 32.0	3.000	 1.0	 0.0
1	2012	10	18050.0	 24.0	 32.0	3.000	 1.0	 0.0
1	2012	11	19065.0	 23.0	 33.0	3.000	 1.0	 0.0
1	2012	12	20044.0	 23.0	 33.0	3.000	 1.0	 0.0
1	2012	13	20227.0	 23.0	 33.0	3.000	 1.0	 0.0
1	2012	14	20507.0	 23.0	 32.0	2.000	 1.0	 0.0
1	2012	15	22609.0	 22.0	 33.0	2.000	 1.0	 0.0
1	2012	16	22974.0	 20.0	 33.0	2.000	 0.0	 0.0
1	2012	17	22384.0	 20.0	 33.0	2.000	 1.0	 0.0
1	2012	18	21838.0	 20.0	 34.0	2.000	 2.0	 0.0
1	2012	19	19160.0	 22.0	 32.0	3.000	 2.0	 1.0
1	2012	20	15676.0	 23.0	 30.0	3.000	 2.0	 1.0
1	2012	21	16920.0	 22.0	 31.0	3.000	 1.0	 8.0
1	2012	22	16407.0	 21.0	 30.0	3.000	 0.0	 6.0
1	2012	23	17800.0	 23.0	 31.0	3.000	 0.0	 0.0
1	2012	24	21091.0	 22.0	 33.0	3.000	 1.0	 0.0
1	2012	25	21133.0	 24.0	 33.0	3.000	 1.0	 0.0
1	2012	26	18395.0	 23.0	 32.0	3.000	 2.0	 0.0
1	2012	27	17189.0	 23.0	 32.0	3.000	 2.0	 3.0
1	2012	28	15433.0	 23.0	 31.0	3.000	 2.0	 7.0
1	2012	29	11942.0	 23.0	 29.0	3.000	 2.0	15.0
1	2012	30	14594.0	 23.0	 30.0	3.000	 2.0	 4.0
1	2012	31	17525.0	 23.0	 32.0	3.000	 2.0	 1.0
1	2012	32	18604.0	 23.0	 31.0	3.000	 2.0	 2.0
1	2012	33	16669.0	 22.0	 31.0	3.000	 1.0	 8.0
1	2012	34	15830.0	 23.0	 30.0	3.000	 2.0	15.0
1	2012	35	16318.0	 24.0	 30.0	3.000	 2.0	 2.0
1	2012	36	14252.0	 23.0	 30.0	3.000	 2.0	16.0
1	2012	37	16903.0	 23.0	 31.0	3.000	 1.0	 1.0
1	2012	38	21750.0	 23.0	 31.0	2.000	 1.0	 0.0
1	2012	39	24001.0	 21.0	 32.0	2.000	 2.0	 0.0
1	2012	40	24228.0	 18.0	 33.0	2.000	 1.0	 0.0
1	2012	41	22962.0	 20.0	 32.0	2.000	 2.0	 0.0
1	2012	42	20830.0	 23.0	 33.0	3.000	 2.0	 0.0
1	2012	43	18498.0	 24.0	 31.0	3.000	 3.0	 8.0
1	2012	44	17380.0	 24.0	 31.0	3.000	 3.0	 1.0
1	2012	45	18904.0	 24.0	 32.0	3.000	 3.0	 1.0
1	2012	46	15524.0	 24.0	 31.0	3.000	 2.0	 0.0
1	2012	47	18709.0	 23.0	 32.0	3.000	 2.0	 2.0
1	2012	48	16971.0	 23.0	 31.0	3.000	 2.0	 6.0
1	2012	49	17235.0	 23.0	 31.0	3.000	 2.0	 9.0
1	2012	50	15497.0	 23.0	 30.0	3.000	 2.0	 7.0
1	2012	51	16534.0	 23.0	 30.0	3.000	 2.0	16.0
1	2012	52	14279.0	 23.0	 29.0	3.000	 1.0	 2.0
1	2012	53	17910.0	 23.0	 31.0	3.000	 1.0	 9.0
1	2012	54	16569.0	 23.0	 30.0	3.000	 1.0	13.0
1	2012	55	23083.0	 22.0	 32.0	3.000	 1.0	 2.0
1	2012	56	17665.0	 22.0	 31.0	3.000	 2.0	 1.0
1	2012	57	17749.0	 22.0	 31.0	3.000	 2.0	 2.0
1	2012	58	15641.0	 23.0	 30.0	3.000	 2.0	 5.0
1	2012	59	16316.0	 23.0	 30.0	3.000	 2.0	15.0
1	2012	60	17136.0	 23.0	 30.0	3.000	 2.0	 2.0
1	2012	61	18619.0	 23.0	 31.0	3.000	 2.0	 1.0
1	2012	62	21791.0	 21.0	 31.0	3.000	 2.0	 1.0
1	2012	63	20813.0	 22.0	 32.0	3.000	 2.0	 0.0
1	2012	64	19817.0	 23.0	 31.0	3.000	 2.0	 4.0
1	2012	65	17220.0	 23.0	 30.0	3.000	 2.0	 6.0
1	2012	66	21350.0	 21.0	 32.0	3.000	 1.0	 1.0
1	2012	67	21497.0	 22.0	 32.0	3.000	 2.0	 1.0
1	2012	68	19821.0	 23.0	 32.0	3.000	 2.0	 5.0
1	2012	69	18678.0	 23.0	 31.0	3.000	 2.0	10.0
1	2012	70	19471.0	 22.0	 32.0	3.000	 1.0	10.0
1	2012	71	20627.0	 22.0	 32.0	3.000	 1.0	 4.0
1	2012	72	20127.0	 23.0	 32.0	3.000	 1.0	 0.0
1	2012	73	23600.0	 23.0	 34.0	3.000	 1.0	 0.0
1	2012	74	22911.0	 23.0	 34.0	3.000	 2.0	 0.0
1	2012	75	21689.0	 24.0	 33.0	3.000	 2.0	 1.0
1	2012	76	19734.0	 24.0	 33.0	3.000	 2.0	 1.0
1	2012	77	18363.0	 24.0	 32.0	3.000	 2.0	 3.0
1	2012	78	17712.0	 24.0	 31.0	3.000	 2.0	10.0
1	2012	79	20710.0	 24.0	 32.0	3.000	 1.0	 3.0
1	2012	80	18791.0	 24.0	 32.0	3.000	 1.0	 1.0
1	2012	81	19908.0	 25.0	 32.0	3.000	 2.0	 2.0
1	2012	82	19439.0	 24.0	 32.0	3.000	 2.0	 2.0
1	2012	83	19253.0	 24.0	 32.0	3.000	 2.0	 3.0
1	2012	84	19368.0	 24.0	 32.0	3.000	 2.0	 6.0
1	2012	85	15527.0	 24.0	 31.0	3.000	 2.0	16.0
1	2012	86	17782.0	 24.0	 31.0	3.000	 2.0	 1.0
1	2012	87	20939.0	 24.0	 33.0	3.000	 2.0	 1.0
1	2012	88	18642.0	 24.0	 32.0	3.000	 2.0	 1.0
1	2012	89	20050.0	 24.0	 32.0	3.000	 2.0	 2.0
1	2012	90	18321.0	 24.0	 32.0	3.000	 2.0	 1.0
1	2012	91	22030.0	 24.0	 33.0	3.000	 2.0	 0.0
1	2012	92	21421.0	 24.0	 33.0	3.000	 2.0	 4.0
1	2012	93	20150.0	 24.0	 32.0	3.000	 1.0	 5.0
1	2012	94	16791.0	 24.0	 31.0	3.000	 2.0	 5.0
1	2012	95	15306.0	 23.0	 30.0	3.000	 1.0	11.0
1	2012	96	20849.0	 23.0	 32.0	3.000	 1.0	 5.0
1	2012	97	17772.0	 23.0	 31.0	3.000	 2.0	 4.0
1	2012	98	19640.0	 24.0	 31.0	3.000	 2.0	 5.0
1	2012	99	20417.0	 24.0	 31.0	3.000	 2.0	 2.0
1	2012	100	15148.0	 24.0	 30.0	3.000	 2.0	 4.0
1	2012	101	17857.0	 23.0	 31.0	3.000	 2.0	 5.0
1	2012	102	17668.0	 23.0	 31.0	3.000	 2.0	 4.0
1	2012	103	18226.0	 24.0	 30.0	3.000	 3.0	 7.0
1	2012	104	16422.0	 23.0	 30.0	3.000	 2.0	 3.0
1	2012	105	20450.0	 23.0	 32.0	3.000	 2.0	 1.0
1	2012	106	17845.0	 25.0	 31.0	3.000	 2.0	 3.0
1	2012	107	19396.0	 24.0	 32.0	3.000	 2.0	 4.0
1	2012	108	13172.0	 23.0	 29.0	3.000	 1.0	12.0
1	2012	109	20816.0	 23.0	 32.0	3.000	 1.0	 7.0
1	2012	110	18095.0	 23.0	 30.0	3.000	 1.0	13.0
1	2012	111	16173.0	 22.0	 30.0	3.000	 1.0	 2.0
1	2012	112	19147.0	 23.0	 31.0	3.000	 2.0	 0.0
1	2012	113	18163.0	 23.0	 30.0	3.000	 2.0	 3.0
1	2012	114	20667.0	 24.0	 31.0	3.000	 2.0	 3.0
1	2012	115	19489.0	 23.0	 32.0	3.000	 2.0	 2.0
1	2012	116	19108.0	 24.0	 31.0	3.000	 2.0	 7.0
1	2012	117	18127.0	 23.0	 30.0	3.000	 1.0	12.0
1	2012	118	20495.0	 22.0	 32.0	3.000	 1.0	 0.0
1	2012	119	20545.0	 22.0	 31.0	3.000	 2.0	 2.0
1	2012	120	19193.0	 23.0	 30.0	3.000	 2.0	 3.0
1	2012	121	20162.0	 23.0	 31.0	3.000	 2.0	 4.0
1	2012	122	20178.0	 24.0	 31.0	3.000	 2.0	 8.0
1	2012	123	20163.0	 24.0	 31.0	3.000	 2.0	 5.0
1	2012	124	17753.0	 23.0	 31.0	3.000	 2.0	11.0
1	2012	125	17946.0	 23.0	 30.0	3.000	 2.0	 3.0
1	2012	126	21230.0	 22.0	 31.0	3.000	 1.0	 0.0
1	2012	127	16000.0	 23.0	 30.0	3.000	 2.0	 3.0
1	2012	128	20816.0	 23.0	 31.0	3.000	 2.0	 5.0
1	2012	129	17733.0	 23.0	 30.0	3.000	 2.0	 9.0
1	2012	130	16881.0	 22.0	 30.0	3.000	 2.0	 9.0
1	2012	131	19355.0	 23.0	 31.0	3.000	 1.0	 5.0
1	2012	132	18003.0	 23.0	 30.0	3.000	 1.0	10.0
1	2012	133	15625.0	 23.0	 29.0	3.000	 1.0	11.0
1	2012	134	14415.0	 23.0	 28.0	3.000	 1.0	20.0
1	2012	135	9936.0	 22.0	 26.0	3.000	 1.0	21.0
1	2012	136	14993.0	 22.0	 29.0	3.000	 2.0	 7.0
1	2012	137	16948.0	 22.0	 29.0	3.000	 1.0	11.0
1	2012	138	18272.0	 23.0	 30.0	3.000	 2.0	 4.0
1	2012	139	19050.0	 23.0	 30.0	3.000	 2.0	 3.0
1	2012	140	17202.0	 23.0	 30.0	3.000	 1.0	 9.0
1	2012	141	18164.0	 23.0	 30.0	3.000	 1.0	 8.0
1	2012	142	13574.0	 23.0	 29.0	3.000	 1.0	18.0
1	2012	143	13276.0	 23.0	 29.0	3.000	 1.0	 2.0
1	2012	144	18400.0	 23.0	 30.0	3.000	 1.0	 8.0
1	2012	145	15263.0	 23.0	 29.0	3.000	 2.0	 6.0
1	2012	146	15296.0	 23.0	 28.0	3.000	 2.0	 1.0
1	2012	147	12670.0	 23.0	 28.0	3.000	 2.0	 1.0
1	2012	148	15754.0	 22.0	 29.0	3.000	 1.0	 8.0
1	2012	149	13672.0	 23.0	 28.0	3.000	 2.0	12.0
1	2012	150	13334.0	 22.0	 28.0	3.000	 2.0	15.0
1	2012	151	12212.0	 22.0	 27.0	3.000	 2.0	24.0
1	2012	152	8587.0	 22.0	 26.0	3.000	 1.0	14.0
1	2012	153	14379.0	 21.0	 29.0	3.000	 1.0	 8.0
1	2012	154	12572.0	 22.0	 28.0	3.000	 1.0	10.0
1	2012	155	7967.0	 22.0	 27.0	3.000	 2.0	39.0
1	2012	156	17526.0	 22.0	 29.0	3.000	 2.0	 4.0
1	2012	157	15603.0	 22.0	 30.0	3.000	 2.0	12.0
1	2012	158	9885.0	 23.0	 26.0	3.000	 1.0	 5.0
1	2012	159	18672.0	 21.0	 29.0	3.000	 1.0	 3.0
1	2012	160	14197.0	 22.0	 29.0	3.000	 2.0	19.0
1	2012	161	16564.0	 22.0	 29.0	3.000	 1.0	 2.0
1	2012	162	18210.0	 23.0	 29.0	3.000	 2.0	 2.0
1	2012	163	16264.0	 23.0	 29.0	3.000	 2.0	 6.0
1	2012	164	11965.0	 23.0	 27.0	3.000	 2.0	 9.0
1	2012	165	10027.0	 22.0	 27.0	3.000	 2.0	 3.0
1	2012	166	16213.0	 22.0	 30.0	3.000	 2.0	 1.0
1	2012	167	10291.0	 23.0	 27.0	3.000	 2.0	12.0
1	2012	168	12254.0	 23.0	 27.0	3.000	 2.0	 8.0
1	2012	169	10392.0	 22.0	 27.0	3.000	 2.0	25.0
1	2012	170	8426.0	 22.0	 26.0	3.000	 2.0	20.0
1	2012	171	15142.0	 21.0	 28.0	3.000	 2.0	 5.0
1	2012	172	14366.0	 22.0	 28.0	3.000	 2.0	 6.0
1	2012	173	13867.0	 22.0	 27.0	3.000	 1.0	 9.0
1	2012	174	13982.0	 22.0	 27.0	3.000	 2.0	21.0
1	2012	175	17569.0	 21.0	 28.0	3.000	 2.0	 3.0
1	2012	176	13937.0	 22.0	 28.0	3.000	 2.0	11.0
1	2012	177	10284.0	 22.0	 27.0	3.000	 2.0	12.0
1	2012	178	13472.0	 22.0	 27.0	3.000	 2.0	 6.0
1	2012	179	15931.0	 21.0	 28.0	3.000	 2.0	10.0
1	2012	180	9020.0	 22.0	 25.0	3.000	 2.0	18.0
1	2012	181	15063.0	 22.0	 28.0	3.000	 2.0	 2.0
1	2012	182	15416.0	 22.0	 28.0	3.000	 2.0	 3.0
1	2012	183	14415.0	 22.0	 28.0	3.000	 2.0	 5.0
1	2012	184	10787.0	 22.0	 27.0	3.000	 2.0	 4.0
1	2012	185	14690.0	 21.0	 27.0	3.000	 2.0	 3.0
1	2012	186	14873.0	 21.0	 27.0	3.000	 2.0	 4.0
1	2012	187	16506.0	 22.0	 27.0	3.000	 2.0	 2.0
1	2012	188	19002.0	 20.0	 28.0	3.000	 2.0	 1.0
1	2012	189	14537.0	 21.0	 27.0	3.000	 2.0	 1.0
1	2012	190	7762.0	 22.0	 26.0	3.000	 2.0	 5.0
1	2012	191	12768.0	 22.0	 27.0	3.000	 2.0	 2.0
1	2012	192	18475.0	 22.0	 28.0	3.000	 2.0	 1.0
1	2012	193	16246.0	 21.0	 28.0	3.000	 2.0	 1.0
1	2012	194	16984.0	 22.0	 28.0	3.000	 2.0	 2.0
1	2012	195	14939.0	 22.0	 28.0	3.000	 2.0	 2.0
1	2012	196	17245.0	 23.0	 29.0	3.000	 3.0	 2.0
1	2012	197	12472.0	 22.0	 26.0	3.000	 3.0	24.0
1	2012	198	14521.0	 21.0	 27.0	3.000	 3.0	 3.0
1	2012	199	14643.0	 21.0	 28.0	3.000	 2.0	 1.0
1	2012	200	15652.0	 20.0	 28.0	3.000	 2.0	 2.0
1	2012	201	15493.0	 21.0	 27.0	3.000	 2.0	 1.0
1	2012	202	18708.0	 22.0	 28.0	3.000	 2.0	 3.0
1	2012	203	17238.0	 22.0	 28.0	3.000	 2.0	 4.0
1	2012	204	12154.0	 22.0	 27.0	3.000	 2.0	17.0
1	2012	205	14615.0	 21.0	 27.0	3.000	 3.0	 5.0
1	2012	206	11416.0	 22.0	 26.0	3.000	 3.0	 6.0
1	2012	207	6506.0	 22.0	 24.0	3.000	 3.0	 2.0
1	2012	208	9130.0	 22.0	 25.0	3.000	 2.0	 3.0
1	2012	209	11537.0	 22.0	 27.0	3.000	 2.0	 1.0
1	2012	210	15111.0	 22.0	 28.0	3.000	 3.0	 2.0
1	2012	211	11545.0	 22.0	 26.0	3.000	 2.0	 5.0
1	2012	212	14950.0	 21.0	 28.0	2.000	 2.0	 1.0
1	2012	213	7569.0	 22.0	 25.0	3.000	 3.0	 6.0
1	2012	214	11508.0	 22.0	 26.0	3.000	 3.0	 5.0
1	2012	215	14245.0	 21.0	 27.0	3.000	 2.0	 2.0
1	2012	216	9690.0	 22.0	 26.0	3.000	 2.0	 2.0
1	2012	217	13498.0	 21.0	 27.0	3.000	 3.0	 3.0
1	2012	218	16093.0	 22.0	 27.0	3.000	 2.0	 2.0
1	2012	219	12651.0	 22.0	 28.0	2.000	 2.0	 1.0
1	2012	220	16207.0	 21.0	 28.0	3.000	 3.0	 3.0
1	2012	221	9305.0	 22.0	 26.0	3.000	 3.0	 1.0
1	2012	222	15229.0	 22.0	 27.0	2.000	 3.0	 1.0
1	2012	223	6492.0	 21.0	 24.0	3.000	 2.0	 4.0
1	2012	224	14206.0	 22.0	 27.0	3.000	 3.0	 4.0
1	2012	225	15867.0	 21.0	 26.0	3.000	 3.0	 2.0
1	2012	226	13076.0	 21.0	 26.0	2.000	 2.0	 1.0
1	2012	227	8937.0	 21.0	 26.0	2.000	 3.0	 1.0
1	2012	228	10481.0	 21.0	 25.0	2.000	 3.0	 1.0
1	2012	229	15552.0	 21.0	 27.0	3.000	 2.0	 2.0
1	2012	230	16732.0	 20.0	 27.0	3.000	 2.0	 2.0
1	2012	231	9366.0	 21.0	 26.0	3.000	 3.0	 2.0
1	2012	232	4556.0	 22.0	 23.0	3.000	 3.0	32.0
1	2012	233	18319.0	 22.0	 28.0	3.000	 2.0	 3.0
1	2012	234	13179.0	 22.0	 28.0	3.000	 2.0	 2.0
1	2012	235	7161.0	 22.0	 25.0	3.000	 3.0	 8.0
1	2012	236	15673.0	 22.0	 28.0	3.000	 2.0	 5.0
1	2012	237	18384.0	 22.0	 29.0	3.000	 2.0	 2.0
1	2012	238	16984.0	 21.0	 28.0	3.000	 2.0	 2.0
1	2012	239	17614.0	 21.0	 27.0	3.000	 2.0	 2.0
1	2012	240	16503.0	 21.0	 29.0	3.000	 2.0	 2.0
1	2012	241	12141.0	 22.0	 27.0	3.000	 2.0	 5.0
1	2012	242	17277.0	 21.0	 28.0	3.000	 2.0	 2.0
1	2012	243	18110.0	 22.0	 28.0	3.000	 2.0	 2.0
1	2012	244	18464.0	 21.0	 28.0	3.000	 2.0	 2.0
1	2012	245	12719.0	 22.0	 27.0	3.000	 3.0	 1.0
1	2012	246	13667.0	 22.0	 28.0	3.000	 2.0	 8.0
1	2012	247	14344.0	 22.0	 27.0	3.000	 3.0	 5.0
1	2012	248	17259.0	 22.0	 28.0	3.000	 3.0	 1.0
1	2012	249	14690.0	 22.0	 29.0	3.000	 2.0	 8.0
1	2012	250	14309.0	 22.0	 28.0	3.000	 2.0	 9.0
1	2012	251	19016.0	 22.0	 30.0	3.000	 2.0	 6.0
1	2012	252	14372.0	 22.0	 28.0	3.000	 2.0	16.0
1	2012	253	19188.0	 22.0	 29.0	3.000	 2.0	 2.0
1	2012	254	18977.0	 22.0	 30.0	3.000	 2.0	 1.0
1	2012	255	9412.0	 22.0	 26.0	3.000	 2.0	20.0
1	2012	256	15009.0	 22.0	 27.0	3.000	 2.0	 3.0
1	2012	257	16832.0	 22.0	 28.0	3.000	 2.0	 1.0
1	2012	258	16369.0	 21.0	 28.0	3.000	 2.0	 2.0
1	2012	259	13553.0	 22.0	 27.0	3.000	 2.0	 1.0
1	2012	260	18825.0	 22.0	 29.0	3.000	 2.0	 3.0
1	2012	261	14598.0	 22.0	 27.0	3.000	 2.0	 1.0
1	2012	262	17474.0	 21.0	 29.0	3.000	 2.0	 1.0
1	2012	263	18164.0	 22.0	 29.0	3.000	 2.0	 5.0
1	2012	264	12141.0	 23.0	 28.0	3.000	 1.0	15.0
1	2012	265	15123.0	 22.0	 27.0	3.000	 1.0	16.0
1	2012	266	17103.0	 22.0	 29.0	3.000	 1.0	12.0
1	2012	267	15895.0	 22.0	 29.0	3.000	 1.0	15.0
1	2012	268	18892.0	 22.0	 30.0	3.000	 1.0	 1.0
1	2012	269	18585.0	 23.0	 30.0	3.000	 2.0	 3.0
1	2012	270	16572.0	 23.0	 29.0	3.000	 2.0	 4.0
1	2012	271	11631.0	 22.0	 27.0	3.000	 2.0	18.0
1	2012	272	7596.0	 22.0	 26.0	3.000	 1.0	 2.0
1	2012	273	15857.0	 22.0	 30.0	3.000	 1.0	 5.0
1	2012	274	17239.0	 22.0	 30.0	3.000	 2.0	20.0
1	2012	275	12487.0	 22.0	 27.0	3.000	 2.0	 7.0
1	2012	276	18229.0	 22.0	 30.0	3.000	 1.0	 8.0
1	2012	277	12429.0	 22.0	 27.0	3.000	 2.0	23.0
1	2012	278	16648.0	 22.0	 29.0	3.000	 2.0	 4.0
1	2012	279	16487.0	 22.0	 29.0	3.000	 1.0	 7.0
1	2012	280	17607.0	 22.0	 29.0	3.000	 1.0	10.0
1	2012	281	5046.0	 22.0	 25.0	3.000	 1.0	99.0
1	2012	282	14464.0	 22.0	 28.0	3.000	 1.0	 5.0
1	2012	283	18991.0	 21.0	 30.0	3.000	 1.0	 6.0
1	2012	284	16033.0	 23.0	 29.0	3.000	 2.0	 5.0
1	2012	285	13375.0	 22.0	 27.0	3.000	 2.0	10.0
1	2012	286	16857.0	 23.0	 29.0	3.000	 2.0	 4.0
1	2012	287	17808.0	 22.0	 29.0	3.000	 1.0	 3.0
1	2012	288	18115.0	 22.0	 29.0	3.000	 1.0	 2.0
1	2012	289	20253.0	 22.0	 30.0	3.000	 1.0	 7.0
1	2012	290	17491.0	 22.0	 30.0	3.000	 1.0	10.0
1	2012	291	14134.0	 22.0	 28.0	3.000	 1.0	11.0
1	2012	292	16066.0	 23.0	 29.0	3.000	 1.0	12.0
1	2012	293	7853.0	 22.0	 26.0	3.000	 1.0	15.0
1	2012	294	16279.0	 22.0	 29.0	3.000	 0.0	 1.0
1	2012	295	17232.0	 22.0	 29.0	3.000	 1.0	 8.0
1	2012	296	16761.0	 22.0	 29.0	3.000	 1.0	12.0
1	2012	297	16972.0	 22.0	 30.0	3.000	 1.0	13.0
1	2012	298	10394.0	 23.0	 27.0	3.000	 1.0	 7.0
1	2012	299	14914.0	 22.0	 27.0	3.000	 1.0	12.0
1	2012	300	16057.0	 22.0	 28.0	3.000	 1.0	 5.0
1	2012	301	17775.0	 22.0	 30.0	3.000	 1.0	 5.0
1	2012	302	17838.0	 22.0	 30.0	3.000	 1.0	 8.0
1	2012	303	17714.0	 22.0	 30.0	3.000	 1.0	 0.0
1	2012	304	15825.0	 23.0	 30.0	3.000	 2.0	 6.0
1	2012	305	18193.0	 22.0	 30.0	3.000	 1.0	 4.0
1	2012	306	19822.0	 22.0	 31.0	3.000	 1.0	 1.0
1	2012	307	18598.0	 23.0	 30.0	3.000	 2.0	 1.0
1	2012	308	19780.0	 22.0	 30.0	3.000	 2.0	 1.0
1	2012	309	18149.0	 22.0	 30.0	3.000	 1.0	 7.0
1	2012	310	19700.0	 21.0	 30.0	3.000	 1.0	 3.0
1	2012	311	18676.0	 22.0	 30.0	3.000	 1.0	 2.0
1	2012	312	16041.0	 21.0	 29.0	3.000	 1.0	 2.0
1	2012	313	16943.0	 23.0	 29.0	3.000	 2.0	10.0
1	2012	314	15800.0	 22.0	 29.0	3.000	 0.0	14.0
1	2012	315	15820.0	 22.0	 29.0	3.000	 1.0	 5.0
1	2012	316	16233.0	 22.0	 30.0	3.000	 1.0	 8.0
1	2012	317	13205.0	 23.0	 29.0	3.000	 1.0	 5.0
1	2012	318	17894.0	 22.0	 30.0	3.000	 1.0	 5.0
1	2012	319	16815.0	 22.0	 30.0	3.000	 1.0	 2.0
1	2012	320	17729.0	 22.0	 30.0	3.000	 1.0	 1.0
1	2012	321	18921.0	 23.0	 30.0	3.000	 1.0	 1.0
1	2012	322	18395.0	 24.0	 30.0	3.000	 1.0	 1.0
1	2012	323	17761.0	 23.0	 30.0	3.000	 2.0	 1.0
1	2012	324	13277.0	 24.0	 29.0	3.000	 1.0	 3.0
1	2012	325	14768.0	 23.0	 30.0	3.000	 1.0	 8.0
1	2012	326	15060.0	 23.0	 29.0	3.000	 2.0	 6.0
1	2012	327	15446.0	 23.0	 30.0	3.000	 1.0	 8.0
1	2012	328	15278.0	 23.0	 29.0	3.000	 1.0	 5.0
1	2012	329	15810.0	 22.0	 30.0	3.000	 1.0	 5.0
1	2012	330	13679.0	 22.0	 29.0	3.000	 1.0	 6.0
1	2012	331	14766.0	 23.0	 29.0	3.000	 1.0	 4.0
1	2012	332	15831.0	 21.0	 30.0	3.000	 1.0	 3.0
1	2012	333	16441.0	 23.0	 30.0	3.000	 1.0	 8.0
1	2012	334	17212.0	 22.0	 30.0	3.000	 1.0	 1.0
1	2012	335	17845.0	 23.0	 30.0	3.000	 1.0	 1.0
1	2012	336	17814.0	 23.0	 30.0	3.000	 1.0	 1.0
1	2012	337	13196.0	 23.0	 29.0	3.000	 2.0	10.0
1	2012	338	15222.0	 23.0	 29.0	3.000	 1.0	11.0
1	2012	339	18092.0	 22.0	 30.0	3.000	 1.0	 1.0
1	2012	340	16863.0	 24.0	 30.0	3.000	 2.0	 1.0
1	2012	341	15735.0	 22.0	 30.0	3.000	 1.0	 6.0
1	2012	342	13245.0	 23.0	 29.0	3.000	 1.0	11.0
1	2012	343	16359.0	 22.0	 30.0	3.000	 0.0	 2.0
1	2012	344	18297.0	 22.0	 31.0	3.000	 2.0	 2.0
1	2012	345	15984.0	 22.0	 30.0	3.000	 1.0	 6.0
1	2012	346	13940.0	 22.0	 29.0	3.000	 1.0	12.0
1	2012	347	14450.0	 22.0	 29.0	3.000	 1.0	10.0
1	2012	348	16549.0	 22.0	 30.0	3.000	 1.0	 2.0
1	2012	349	15513.0	 23.0	 29.0	3.000	 1.0	 1.0
1	2012	350	15853.0	 22.0	 30.0	3.000	 1.0	 5.0
1	2012	351	15717.0	 23.0	 30.0	3.000	 1.0	 5.0
1	2012	352	15832.0	 22.0	 30.0	3.000	 1.0	 1.0
1	2012	353	18896.0	 21.0	 30.0	3.000	 1.0	 1.0
1	2012	354	16367.0	 23.0	 30.0	3.000	 1.0	 1.0
1	2012	355	16318.0	 22.0	 30.0	3.000	 1.0	 0.0
1	2012	356	16584.0	 23.0	 30.0	3.000	 1.0	 2.0
1	2012	357	17906.0	 22.0	 30.0	3.000	 1.0	 1.0
1	2012	358	18465.0	 22.0	 31.0	3.000	 1.0	 0.0
1	2012	359	16895.0	 23.0	 30.0	3.000	 1.0	 1.0
1	2012	360	18419.0	 23.0	 31.0	3.000	 1.0	 0.0
1	2012	361	16526.0	 23.0	 30.0	3.000	 1.0	 3.0
1	2012	362	16794.0	 23.0	 30.0	3.000	 1.0	 2.0
1	2012	363	19566.0	 22.0	 32.0	3.000	 1.0	 0.0
1	2012	364	19205.0	 22.0	 31.0	3.000	 1.0	 0.0
1	2012	365	17337.0	 24.0	 31.0	3.000	 1.0	 0.0
1	2012	366	20863.0	 22.0	 32.0	3.000	 0.0	 0.0
