*---------------------------------------------------
* Station: Central
* Year: 2011
* Origin: ERA5-Reanalysis
* Columns & units
* ===================
* 1. station number
* 2. year
* 3. Day of Year
* 4. Irradiance   (kJ路m-2路d-1)
* 5. Daily minimum temperature (degC)
* 6. Daily maximum temperature (degC)
* 7. Vapour pressure (kPa)
* 8. Mean wind speed (m路s-1)
* 9. Precipitation (mm路d-1)
** WCCDESCRIPTION=Central
** WCCFORMAT=2
** WCCYEARNR=2011
*------------------------------------------------------------*
-1.22  5.57  116.00 -0.18  -0.55
1	2011	1	21622.0	 22.0	 32.0	2.000	 0.0	 0.0
1	2011	2	20220.0	 20.0	 31.0	2.000	 1.0	 0.0
1	2011	3	21426.0	 21.0	 32.0	3.000	 1.0	 0.0
1	2011	4	19529.0	 23.0	 32.0	3.000	 1.0	 0.0
1	2011	5	16954.0	 23.0	 31.0	3.000	 2.0	 3.0
1	2011	6	15797.0	 23.0	 31.0	3.000	 2.0	 1.0
1	2011	7	12737.0	 23.0	 30.0	3.000	 1.0	 1.0
1	2011	8	17294.0	 23.0	 31.0	3.000	 1.0	 0.0
1	2011	9	20191.0	 22.0	 32.0	2.000	 1.0	 0.0
1	2011	10	20899.0	 21.0	 32.0	2.000	 1.0	 0.0
1	2011	11	22073.0	 19.0	 32.0	2.000	 0.0	 0.0
1	2011	12	22676.0	 20.0	 33.0	2.000	 0.0	 0.0
1	2011	13	22874.0	 20.0	 33.0	2.000	 1.0	 0.0
1	2011	14	22652.0	 20.0	 33.0	2.000	 1.0	 0.0
1	2011	15	20133.0	 21.0	 33.0	2.000	 1.0	 0.0
1	2011	16	18042.0	 22.0	 31.0	3.000	 1.0	 4.0
1	2011	17	17574.0	 23.0	 30.0	2.000	 0.0	 1.0
1	2011	18	22549.0	 22.0	 33.0	2.000	 0.0	 0.0
1	2011	19	20927.0	 23.0	 33.0	2.000	 1.0	 0.0
1	2011	20	19097.0	 22.0	 31.0	3.000	 1.0	 0.0
1	2011	21	19733.0	 23.0	 32.0	3.000	 1.0	 0.0
1	2011	22	19058.0	 22.0	 32.0	3.000	 1.0	 0.0
1	2011	23	18719.0	 23.0	 32.0	3.000	 2.0	 2.0
1	2011	24	16674.0	 24.0	 31.0	3.000	 2.0	 1.0
1	2011	25	17297.0	 23.0	 32.0	3.000	 2.0	 1.0
1	2011	26	15374.0	 23.0	 30.0	3.000	 2.0	 4.0
1	2011	27	16128.0	 23.0	 31.0	3.000	 2.0	 0.0
1	2011	28	18013.0	 23.0	 32.0	3.000	 2.0	 1.0
1	2011	29	18075.0	 23.0	 31.0	3.000	 2.0	 2.0
1	2011	30	18250.0	 24.0	 32.0	3.000	 2.0	 2.0
1	2011	31	17874.0	 23.0	 32.0	3.000	 2.0	 1.0
1	2011	32	16325.0	 23.0	 32.0	3.000	 2.0	 5.0
1	2011	33	17346.0	 23.0	 32.0	3.000	 2.0	 1.0
1	2011	34	15503.0	 24.0	 31.0	3.000	 1.0	 7.0
1	2011	35	16040.0	 22.0	 31.0	3.000	 0.0	25.0
1	2011	36	17418.0	 22.0	 31.0	3.000	 0.0	 0.0
1	2011	37	20649.0	 23.0	 32.0	3.000	 1.0	 0.0
1	2011	38	22507.0	 22.0	 33.0	3.000	 0.0	 0.0
1	2011	39	19468.0	 22.0	 32.0	3.000	 1.0	 0.0
1	2011	40	19637.0	 23.0	 32.0	3.000	 2.0	 1.0
1	2011	41	13272.0	 24.0	 30.0	3.000	 2.0	12.0
1	2011	42	14869.0	 22.0	 31.0	3.000	 1.0	 0.0
1	2011	43	17571.0	 23.0	 32.0	3.000	 2.0	 3.0
1	2011	44	16419.0	 23.0	 31.0	3.000	 2.0	 2.0
1	2011	45	20280.0	 22.0	 32.0	3.000	 1.0	 1.0
1	2011	46	17452.0	 23.0	 32.0	3.000	 1.0	10.0
1	2011	47	17330.0	 24.0	 32.0	3.000	 2.0	 2.0
1	2011	48	16707.0	 24.0	 31.0	3.000	 2.0	 2.0
1	2011	49	14673.0	 23.0	 30.0	3.000	 2.0	 9.0
1	2011	50	12230.0	 23.0	 30.0	3.000	 1.0	 0.0
1	2011	51	19421.0	 24.0	 33.0	3.000	 2.0	 0.0
1	2011	52	18611.0	 24.0	 32.0	3.000	 2.0	 2.0
1	2011	53	17576.0	 24.0	 31.0	3.000	 2.0	 5.0
1	2011	54	12085.0	 23.0	 29.0	3.000	 2.0	 4.0
1	2011	55	17297.0	 22.0	 31.0	3.000	 1.0	 1.0
1	2011	56	22045.0	 22.0	 33.0	3.000	 2.0	 3.0
1	2011	57	17289.0	 22.0	 30.0	3.000	 1.0	 8.0
1	2011	58	16030.0	 23.0	 30.0	3.000	 1.0	 9.0
1	2011	59	18959.0	 22.0	 32.0	3.000	 1.0	 6.0
1	2011	60	18101.0	 23.0	 32.0	3.000	 2.0	 2.0
1	2011	61	15220.0	 24.0	 31.0	3.000	 2.0	 4.0
1	2011	62	19279.0	 22.0	 31.0	3.000	 2.0	 1.0
1	2011	63	15947.0	 23.0	 31.0	3.000	 1.0	 1.0
1	2011	64	20664.0	 23.0	 32.0	3.000	 2.0	 1.0
1	2011	65	19346.0	 23.0	 32.0	3.000	 2.0	 2.0
1	2011	66	20853.0	 24.0	 33.0	3.000	 2.0	 1.0
1	2011	67	19569.0	 24.0	 33.0	3.000	 2.0	 3.0
1	2011	68	19402.0	 24.0	 32.0	3.000	 2.0	 5.0
1	2011	69	20573.0	 24.0	 32.0	3.000	 2.0	 1.0
1	2011	70	21149.0	 23.0	 33.0	3.000	 2.0	 1.0
1	2011	71	21557.0	 24.0	 33.0	3.000	 2.0	 3.0
1	2011	72	20306.0	 24.0	 33.0	3.000	 2.0	 1.0
1	2011	73	17596.0	 24.0	 31.0	3.000	 2.0	 2.0
1	2011	74	21068.0	 24.0	 33.0	3.000	 2.0	 2.0
1	2011	75	20428.0	 23.0	 33.0	3.000	 2.0	 1.0
1	2011	76	20157.0	 24.0	 33.0	3.000	 2.0	 3.0
1	2011	77	17983.0	 24.0	 31.0	3.000	 2.0	 6.0
1	2011	78	21560.0	 23.0	 32.0	3.000	 2.0	 3.0
1	2011	79	23255.0	 23.0	 33.0	3.000	 2.0	 0.0
1	2011	80	21791.0	 23.0	 33.0	3.000	 2.0	 3.0
1	2011	81	19456.0	 23.0	 32.0	3.000	 1.0	 1.0
1	2011	82	19629.0	 22.0	 31.0	3.000	 2.0	 1.0
1	2011	83	20518.0	 22.0	 33.0	3.000	 1.0	 4.0
1	2011	84	18266.0	 24.0	 32.0	3.000	 2.0	 4.0
1	2011	85	20523.0	 23.0	 32.0	3.000	 2.0	 1.0
1	2011	86	21877.0	 22.0	 33.0	3.000	 2.0	 1.0
1	2011	87	19840.0	 23.0	 32.0	3.000	 2.0	 1.0
1	2011	88	20191.0	 24.0	 33.0	3.000	 2.0	 0.0
1	2011	89	19566.0	 24.0	 32.0	3.000	 2.0	 2.0
1	2011	90	19824.0	 23.0	 33.0	3.000	 2.0	 2.0
1	2011	91	18733.0	 24.0	 32.0	3.000	 2.0	 5.0
1	2011	92	18951.0	 23.0	 31.0	3.000	 2.0	 2.0
1	2011	93	21319.0	 23.0	 32.0	3.000	 2.0	 3.0
1	2011	94	17780.0	 23.0	 30.0	3.000	 1.0	10.0
1	2011	95	22739.0	 23.0	 32.0	3.000	 1.0	 0.0
1	2011	96	23158.0	 22.0	 33.0	3.000	 1.0	 6.0
1	2011	97	20963.0	 24.0	 32.0	3.000	 2.0	 1.0
1	2011	98	20743.0	 24.0	 32.0	3.000	 2.0	 2.0
1	2011	99	22434.0	 22.0	 32.0	3.000	 2.0	 5.0
1	2011	100	20033.0	 23.0	 31.0	3.000	 1.0	 5.0
1	2011	101	21156.0	 23.0	 32.0	3.000	 2.0	 3.0
1	2011	102	19673.0	 24.0	 32.0	3.000	 2.0	 6.0
1	2011	103	20428.0	 23.0	 32.0	3.000	 2.0	 1.0
1	2011	104	21830.0	 23.0	 32.0	3.000	 1.0	 9.0
1	2011	105	19272.0	 24.0	 32.0	3.000	 2.0	 4.0
1	2011	106	20750.0	 24.0	 31.0	3.000	 2.0	 3.0
1	2011	107	20429.0	 22.0	 32.0	3.000	 1.0	17.0
1	2011	108	13972.0	 23.0	 29.0	3.000	 1.0	 5.0
1	2011	109	23913.0	 23.0	 32.0	3.000	 2.0	 0.0
1	2011	110	19344.0	 24.0	 32.0	3.000	 2.0	 3.0
1	2011	111	18939.0	 24.0	 30.0	3.000	 2.0	 3.0
1	2011	112	17549.0	 24.0	 31.0	3.000	 2.0	 0.0
1	2011	113	18956.0	 24.0	 31.0	3.000	 3.0	 2.0
1	2011	114	13683.0	 22.0	 29.0	3.000	 1.0	11.0
1	2011	115	23418.0	 22.0	 32.0	3.000	 0.0	 0.0
1	2011	116	18936.0	 23.0	 32.0	3.000	 1.0	 8.0
1	2011	117	19526.0	 23.0	 31.0	3.000	 2.0	 2.0
1	2011	118	19028.0	 22.0	 30.0	3.000	 2.0	 8.0
1	2011	119	9078.0	 23.0	 28.0	3.000	 1.0	 1.0
1	2011	120	7321.0	 23.0	 27.0	3.000	 1.0	 3.0
1	2011	121	17960.0	 23.0	 31.0	3.000	 1.0	 5.0
1	2011	122	18391.0	 23.0	 31.0	3.000	 1.0	 6.0
1	2011	123	15970.0	 23.0	 30.0	3.000	 1.0	14.0
1	2011	124	19789.0	 23.0	 32.0	3.000	 1.0	 0.0
1	2011	125	21195.0	 24.0	 31.0	3.000	 2.0	 1.0
1	2011	126	19411.0	 24.0	 31.0	3.000	 2.0	 3.0
1	2011	127	19989.0	 24.0	 31.0	3.000	 1.0	 2.0
1	2011	128	16534.0	 23.0	 30.0	3.000	 1.0	 3.0
1	2011	129	8641.0	 23.0	 27.0	3.000	 1.0	 2.0
1	2011	130	14936.0	 23.0	 29.0	3.000	 1.0	 4.0
1	2011	131	15848.0	 23.0	 29.0	3.000	 1.0	 5.0
1	2011	132	16544.0	 23.0	 30.0	3.000	 1.0	 8.0
1	2011	133	17482.0	 22.0	 30.0	3.000	 1.0	 3.0
1	2011	134	20490.0	 23.0	 31.0	3.000	 1.0	 2.0
1	2011	135	17796.0	 24.0	 31.0	3.000	 1.0	 7.0
1	2011	136	16661.0	 23.0	 30.0	3.000	 2.0	 1.0
1	2011	137	17512.0	 23.0	 30.0	3.000	 1.0	14.0
1	2011	138	18716.0	 24.0	 30.0	3.000	 1.0	 6.0
1	2011	139	12392.0	 23.0	 28.0	3.000	 1.0	11.0
1	2011	140	19040.0	 23.0	 30.0	3.000	 1.0	 6.0
1	2011	141	14705.0	 23.0	 28.0	3.000	 2.0	14.0
1	2011	142	10804.0	 22.0	 27.0	3.000	 2.0	12.0
1	2011	143	14719.0	 23.0	 28.0	3.000	 1.0	 2.0
1	2011	144	16752.0	 22.0	 29.0	3.000	 1.0	 4.0
1	2011	145	17914.0	 22.0	 29.0	3.000	 2.0	 5.0
1	2011	146	14460.0	 23.0	 28.0	3.000	 2.0	 8.0
1	2011	147	15637.0	 23.0	 28.0	3.000	 2.0	 1.0
1	2011	148	12313.0	 23.0	 28.0	3.000	 1.0	 8.0
1	2011	149	17942.0	 22.0	 29.0	3.000	 1.0	 5.0
1	2011	150	15535.0	 22.0	 29.0	3.000	 1.0	 9.0
1	2011	151	11770.0	 23.0	 27.0	3.000	 1.0	 2.0
1	2011	152	17025.0	 22.0	 30.0	3.000	 1.0	 9.0
1	2011	153	14266.0	 22.0	 28.0	3.000	 1.0	 3.0
1	2011	154	14235.0	 23.0	 28.0	3.000	 1.0	14.0
1	2011	155	15877.0	 23.0	 29.0	3.000	 2.0	 8.0
1	2011	156	5480.0	 23.0	 26.0	3.000	 1.0	94.0
1	2011	157	17218.0	 22.0	 30.0	3.000	 1.0	 2.0
1	2011	158	18367.0	 23.0	 30.0	3.000	 1.0	 3.0
1	2011	159	12402.0	 23.0	 27.0	3.000	 1.0	10.0
1	2011	160	14774.0	 22.0	 29.0	3.000	 1.0	 7.0
1	2011	161	16555.0	 22.0	 29.0	3.000	 1.0	 5.0
1	2011	162	14926.0	 22.0	 29.0	3.000	 2.0	12.0
1	2011	163	12051.0	 22.0	 28.0	3.000	 1.0	 9.0
1	2011	164	16953.0	 22.0	 28.0	3.000	 1.0	 2.0
1	2011	165	17807.0	 21.0	 29.0	3.000	 2.0	 1.0
1	2011	166	18010.0	 22.0	 29.0	3.000	 2.0	 2.0
1	2011	167	14740.0	 23.0	 28.0	3.000	 2.0	 7.0
1	2011	168	13269.0	 23.0	 28.0	3.000	 2.0	 6.0
1	2011	169	12795.0	 22.0	 28.0	3.000	 2.0	12.0
1	2011	170	11881.0	 22.0	 28.0	3.000	 2.0	 5.0
1	2011	171	17103.0	 22.0	 29.0	3.000	 1.0	 2.0
1	2011	172	14014.0	 23.0	 28.0	3.000	 2.0	 4.0
1	2011	173	14067.0	 22.0	 28.0	3.000	 2.0	 8.0
1	2011	174	13436.0	 22.0	 28.0	3.000	 2.0	 7.0
1	2011	175	9245.0	 22.0	 26.0	3.000	 2.0	16.0
1	2011	176	15017.0	 22.0	 28.0	3.000	 1.0	 7.0
1	2011	177	16865.0	 23.0	 30.0	3.000	 2.0	10.0
1	2011	178	14659.0	 22.0	 28.0	3.000	 2.0	 2.0
1	2011	179	16722.0	 22.0	 28.0	3.000	 2.0	 2.0
1	2011	180	15679.0	 22.0	 28.0	3.000	 2.0	 2.0
1	2011	181	11789.0	 23.0	 26.0	3.000	 2.0	19.0
1	2011	182	14007.0	 22.0	 27.0	3.000	 1.0	 8.0
1	2011	183	16260.0	 22.0	 29.0	3.000	 1.0	 3.0
1	2011	184	14430.0	 23.0	 28.0	3.000	 2.0	 7.0
1	2011	185	9753.0	 22.0	 26.0	3.000	 2.0	13.0
1	2011	186	15091.0	 21.0	 28.0	3.000	 1.0	 1.0
1	2011	187	11700.0	 22.0	 28.0	3.000	 2.0	14.0
1	2011	188	12765.0	 22.0	 27.0	3.000	 2.0	 4.0
1	2011	189	16512.0	 23.0	 29.0	3.000	 2.0	11.0
1	2011	190	13127.0	 23.0	 27.0	3.000	 2.0	10.0
1	2011	191	9508.0	 22.0	 26.0	3.000	 3.0	 6.0
1	2011	192	9311.0	 22.0	 26.0	3.000	 2.0	11.0
1	2011	193	17540.0	 21.0	 28.0	3.000	 2.0	 1.0
1	2011	194	14827.0	 22.0	 28.0	3.000	 2.0	 8.0
1	2011	195	14744.0	 22.0	 27.0	3.000	 2.0	14.0
1	2011	196	16313.0	 21.0	 29.0	3.000	 1.0	 4.0
1	2011	197	14629.0	 22.0	 28.0	3.000	 2.0	13.0
1	2011	198	15312.0	 21.0	 27.0	3.000	 2.0	 3.0
1	2011	199	13322.0	 22.0	 27.0	3.000	 2.0	14.0
1	2011	200	17649.0	 22.0	 29.0	3.000	 2.0	 1.0
1	2011	201	16311.0	 23.0	 29.0	3.000	 2.0	 3.0
1	2011	202	10473.0	 22.0	 27.0	3.000	 3.0	 5.0
1	2011	203	11228.0	 22.0	 27.0	3.000	 2.0	 1.0
1	2011	204	18083.0	 22.0	 28.0	3.000	 2.0	 1.0
1	2011	205	16999.0	 22.0	 27.0	3.000	 3.0	 2.0
1	2011	206	6906.0	 21.0	 25.0	3.000	 3.0	 4.0
1	2011	207	13509.0	 20.0	 27.0	2.000	 2.0	 1.0
1	2011	208	11470.0	 21.0	 26.0	3.000	 2.0	 1.0
1	2011	209	12150.0	 22.0	 27.0	3.000	 2.0	 1.0
1	2011	210	4805.0	 22.0	 23.0	3.000	 2.0	 5.0
1	2011	211	14203.0	 21.0	 27.0	3.000	 2.0	 2.0
1	2011	212	15767.0	 22.0	 27.0	3.000	 2.0	 2.0
1	2011	213	11701.0	 22.0	 28.0	3.000	 2.0	 1.0
1	2011	214	10827.0	 22.0	 27.0	3.000	 2.0	 2.0
1	2011	215	11049.0	 22.0	 27.0	3.000	 2.0	 2.0
1	2011	216	3948.0	 22.0	 24.0	3.000	 3.0	 5.0
1	2011	217	12155.0	 22.0	 27.0	3.000	 3.0	 1.0
1	2011	218	7400.0	 22.0	 26.0	3.000	 3.0	 1.0
1	2011	219	10877.0	 22.0	 27.0	3.000	 3.0	 6.0
1	2011	220	14328.0	 22.0	 28.0	3.000	 2.0	 1.0
1	2011	221	12160.0	 22.0	 27.0	3.000	 2.0	 1.0
1	2011	222	14222.0	 22.0	 28.0	3.000	 2.0	 1.0
1	2011	223	17341.0	 22.0	 29.0	3.000	 2.0	 1.0
1	2011	224	14793.0	 22.0	 28.0	3.000	 2.0	 7.0
1	2011	225	9645.0	 22.0	 26.0	3.000	 3.0	 5.0
1	2011	226	13560.0	 21.0	 27.0	3.000	 3.0	 1.0
1	2011	227	12976.0	 22.0	 28.0	3.000	 2.0	 1.0
1	2011	228	11433.0	 22.0	 27.0	3.000	 3.0	 4.0
1	2011	229	14320.0	 22.0	 27.0	3.000	 3.0	 2.0
1	2011	230	18677.0	 21.0	 27.0	3.000	 3.0	 2.0
1	2011	231	17826.0	 21.0	 27.0	3.000	 2.0	 1.0
1	2011	232	14774.0	 20.0	 28.0	2.000	 2.0	 1.0
1	2011	233	17407.0	 20.0	 29.0	2.000	 2.0	 0.0
1	2011	234	17310.0	 21.0	 28.0	3.000	 3.0	 2.0
1	2011	235	14338.0	 22.0	 27.0	3.000	 2.0	 6.0
1	2011	236	16208.0	 22.0	 28.0	3.000	 2.0	 4.0
1	2011	237	15009.0	 22.0	 28.0	3.000	 2.0	11.0
1	2011	238	11816.0	 22.0	 28.0	3.000	 2.0	 7.0
1	2011	239	10374.0	 22.0	 26.0	3.000	 2.0	 9.0
1	2011	240	8072.0	 22.0	 25.0	3.000	 2.0	 3.0
1	2011	241	17414.0	 22.0	 29.0	3.000	 2.0	 1.0
1	2011	242	16542.0	 22.0	 29.0	3.000	 2.0	 7.0
1	2011	243	16164.0	 22.0	 29.0	3.000	 2.0	 4.0
1	2011	244	18276.0	 22.0	 29.0	3.000	 2.0	 2.0
1	2011	245	14973.0	 22.0	 29.0	3.000	 2.0	 2.0
1	2011	246	13012.0	 22.0	 27.0	3.000	 2.0	12.0
1	2011	247	17299.0	 22.0	 28.0	3.000	 2.0	 1.0
1	2011	248	15649.0	 22.0	 29.0	3.000	 2.0	 0.0
1	2011	249	13501.0	 23.0	 28.0	3.000	 2.0	 6.0
1	2011	250	19364.0	 22.0	 29.0	3.000	 2.0	 2.0
1	2011	251	13492.0	 23.0	 28.0	3.000	 2.0	 5.0
1	2011	252	12707.0	 22.0	 27.0	3.000	 2.0	21.0
1	2011	253	17263.0	 22.0	 28.0	3.000	 1.0	10.0
1	2011	254	15780.0	 22.0	 28.0	3.000	 2.0	 1.0
1	2011	255	14842.0	 22.0	 29.0	3.000	 2.0	15.0
1	2011	256	15296.0	 22.0	 28.0	3.000	 2.0	 4.0
1	2011	257	15345.0	 22.0	 28.0	3.000	 2.0	 3.0
1	2011	258	16058.0	 22.0	 29.0	3.000	 2.0	 2.0
1	2011	259	18242.0	 22.0	 30.0	3.000	 2.0	 6.0
1	2011	260	16299.0	 22.0	 28.0	3.000	 2.0	 9.0
1	2011	261	17022.0	 22.0	 29.0	3.000	 2.0	 2.0
1	2011	262	19191.0	 22.0	 30.0	3.000	 1.0	 5.0
1	2011	263	12894.0	 22.0	 28.0	3.000	 1.0	10.0
1	2011	264	13493.0	 22.0	 27.0	3.000	 2.0	 9.0
1	2011	265	20246.0	 21.0	 29.0	3.000	 1.0	 2.0
1	2011	266	15148.0	 22.0	 29.0	3.000	 1.0	 4.0
1	2011	267	15843.0	 22.0	 29.0	3.000	 1.0	10.0
1	2011	268	19191.0	 22.0	 29.0	3.000	 2.0	 6.0
1	2011	269	17470.0	 22.0	 30.0	3.000	 1.0	10.0
1	2011	270	13780.0	 22.0	 29.0	3.000	 2.0	24.0
1	2011	271	15969.0	 22.0	 28.0	3.000	 2.0	10.0
1	2011	272	16560.0	 22.0	 29.0	3.000	 2.0	11.0
1	2011	273	15854.0	 22.0	 29.0	3.000	 2.0	 9.0
1	2011	274	6525.0	 22.0	 25.0	3.000	 1.0	18.0
1	2011	275	11502.0	 22.0	 27.0	3.000	 1.0	 6.0
1	2011	276	19734.0	 21.0	 30.0	3.000	 1.0	 3.0
1	2011	277	19639.0	 23.0	 29.0	3.000	 1.0	 4.0
1	2011	278	19380.0	 23.0	 30.0	3.000	 2.0	10.0
1	2011	279	17546.0	 23.0	 29.0	3.000	 2.0	 5.0
1	2011	280	17440.0	 22.0	 29.0	3.000	 2.0	 7.0
1	2011	281	14136.0	 22.0	 29.0	3.000	 2.0	 8.0
1	2011	282	15932.0	 22.0	 29.0	3.000	 2.0	15.0
1	2011	283	14628.0	 22.0	 28.0	3.000	 2.0	16.0
1	2011	284	15537.0	 22.0	 29.0	3.000	 1.0	 9.0
1	2011	285	17444.0	 22.0	 30.0	3.000	 1.0	 3.0
1	2011	286	15354.0	 22.0	 29.0	3.000	 1.0	13.0
1	2011	287	19730.0	 22.0	 29.0	3.000	 1.0	 5.0
1	2011	288	17721.0	 22.0	 29.0	3.000	 1.0	 9.0
1	2011	289	12266.0	 22.0	 28.0	3.000	 1.0	 2.0
1	2011	290	18647.0	 22.0	 30.0	3.000	 1.0	 2.0
1	2011	291	16976.0	 22.0	 29.0	3.000	 1.0	 9.0
1	2011	292	17968.0	 23.0	 30.0	3.000	 1.0	10.0
1	2011	293	18431.0	 23.0	 29.0	3.000	 1.0	 2.0
1	2011	294	16869.0	 23.0	 29.0	3.000	 2.0	11.0
1	2011	295	9589.0	 22.0	 27.0	3.000	 2.0	 9.0
1	2011	296	13394.0	 22.0	 28.0	3.000	 2.0	 8.0
1	2011	297	18690.0	 21.0	 30.0	3.000	 1.0	 7.0
1	2011	298	8688.0	 22.0	 27.0	3.000	 1.0	22.0
1	2011	299	13564.0	 21.0	 27.0	3.000	 0.0	19.0
1	2011	300	19138.0	 21.0	 30.0	3.000	 1.0	 4.0
1	2011	301	17796.0	 22.0	 29.0	3.000	 1.0	 2.0
1	2011	302	21096.0	 21.0	 30.0	3.000	 1.0	 1.0
1	2011	303	19649.0	 22.0	 29.0	3.000	 1.0	 5.0
1	2011	304	18306.0	 22.0	 29.0	3.000	 1.0	 1.0
1	2011	305	18694.0	 22.0	 29.0	3.000	 1.0	 2.0
1	2011	306	17550.0	 22.0	 30.0	3.000	 1.0	 5.0
1	2011	307	15820.0	 23.0	 30.0	3.000	 2.0	 5.0
1	2011	308	16168.0	 23.0	 29.0	3.000	 2.0	 1.0
1	2011	309	17620.0	 22.0	 30.0	3.000	 2.0	 1.0
1	2011	310	18271.0	 22.0	 29.0	3.000	 1.0	 3.0
1	2011	311	18754.0	 22.0	 30.0	3.000	 1.0	 4.0
1	2011	312	17082.0	 23.0	 29.0	3.000	 1.0	 1.0
1	2011	313	17704.0	 22.0	 30.0	3.000	 1.0	 1.0
1	2011	314	18142.0	 22.0	 31.0	3.000	 1.0	 1.0
1	2011	315	15625.0	 23.0	 30.0	3.000	 2.0	 5.0
1	2011	316	18710.0	 22.0	 30.0	3.000	 1.0	 5.0
1	2011	317	16314.0	 23.0	 30.0	3.000	 1.0	 5.0
1	2011	318	17424.0	 23.0	 30.0	3.000	 1.0	 3.0
1	2011	319	17263.0	 22.0	 30.0	3.000	 1.0	 3.0
1	2011	320	18143.0	 23.0	 30.0	3.000	 1.0	 7.0
1	2011	321	15351.0	 22.0	 29.0	3.000	 1.0	 8.0
1	2011	322	15328.0	 22.0	 29.0	3.000	 1.0	 2.0
1	2011	323	15728.0	 22.0	 30.0	3.000	 1.0	 3.0
1	2011	324	17136.0	 22.0	 30.0	3.000	 1.0	 4.0
1	2011	325	17392.0	 23.0	 30.0	3.000	 1.0	 2.0
1	2011	326	17211.0	 23.0	 30.0	3.000	 2.0	 1.0
1	2011	327	16950.0	 23.0	 29.0	3.000	 2.0	 1.0
1	2011	328	16875.0	 22.0	 30.0	3.000	 1.0	 5.0
1	2011	329	17486.0	 22.0	 30.0	3.000	 1.0	 3.0
1	2011	330	16550.0	 22.0	 29.0	3.000	 1.0	 2.0
1	2011	331	16668.0	 22.0	 30.0	3.000	 1.0	 2.0
1	2011	332	16059.0	 22.0	 29.0	3.000	 1.0	 1.0
1	2011	333	16948.0	 22.0	 30.0	3.000	 1.0	 1.0
1	2011	334	17707.0	 22.0	 29.0	3.000	 1.0	 2.0
1	2011	335	18659.0	 22.0	 30.0	3.000	 1.0	 1.0
1	2011	336	20581.0	 22.0	 32.0	3.000	 1.0	 0.0
1	2011	337	20152.0	 22.0	 31.0	3.000	 1.0	 0.0
1	2011	338	19569.0	 22.0	 31.0	3.000	 1.0	 0.0
1	2011	339	18674.0	 23.0	 30.0	3.000	 1.0	 5.0
1	2011	340	17303.0	 22.0	 30.0	3.000	 1.0	 2.0
1	2011	341	16112.0	 22.0	 30.0	3.000	 1.0	 1.0
1	2011	342	17039.0	 22.0	 30.0	3.000	 1.0	 1.0
1	2011	343	17401.0	 22.0	 30.0	3.000	 1.0	 1.0
1	2011	344	17766.0	 22.0	 30.0	3.000	 1.0	 2.0
1	2011	345	18411.0	 22.0	 31.0	3.000	 1.0	 0.0
1	2011	346	18756.0	 22.0	 31.0	3.000	 0.0	 0.0
1	2011	347	20742.0	 22.0	 32.0	2.000	 0.0	 0.0
1	2011	348	20103.0	 21.0	 31.0	2.000	 1.0	 0.0
1	2011	349	20085.0	 21.0	 31.0	2.000	 1.0	 0.0
1	2011	350	21165.0	 20.0	 32.0	2.000	 1.0	 0.0
1	2011	351	18114.0	 21.0	 31.0	3.000	 1.0	 0.0
1	2011	352	17505.0	 22.0	 31.0	3.000	 1.0	 1.0
1	2011	353	17040.0	 23.0	 31.0	3.000	 1.0	 3.0
1	2011	354	15453.0	 23.0	 30.0	3.000	 2.0	 2.0
1	2011	355	16492.0	 23.0	 31.0	3.000	 1.0	 3.0
1	2011	356	17449.0	 23.0	 31.0	3.000	 1.0	 1.0
1	2011	357	17644.0	 23.0	 31.0	3.000	 1.0	 2.0
1	2011	358	16390.0	 23.0	 31.0	3.000	 1.0	 2.0
1	2011	359	15332.0	 22.0	 30.0	3.000	 1.0	 2.0
1	2011	360	14994.0	 23.0	 30.0	3.000	 1.0	13.0
1	2011	361	14719.0	 23.0	 30.0	3.000	 1.0	 2.0
1	2011	362	15165.0	 24.0	 30.0	3.000	 2.0	 5.0
1	2011	363	16342.0	 23.0	 31.0	3.000	 2.0	 0.0
1	2011	364	19823.0	 23.0	 31.0	3.000	 1.0	 0.0
1	2011	365	20758.0	 22.0	 31.0	2.000	 1.0	 0.0
