*---------------------------------------------------
* Station: Central
* Year: 2017
* Origin: ERA5-Reanalysis
* Columns & units
* ===================
* 1. station number
* 2. year
* 3. Day of Year
* 4. Irradiance   (kJ路m-2路d-1)
* 5. Daily minimum temperature (degC)
* 6. Daily maximum temperature (degC)
* 7. Vapour pressure (kPa)
* 8. Mean wind speed (m路s-1)
* 9. Precipitation (mm路d-1)
** WCCDESCRIPTION=Central
** WCCFORMAT=2
** WCCYEARNR=2017
*------------------------------------------------------------*
-1.22  5.57  116.00 -0.18  -0.55
1	2017	1	19775.0	 23.0	 32.0	3.000	 1.0	 0.0
1	2017	2	17955.0	 23.0	 32.0	3.000	 1.0	 0.0
1	2017	3	18933.0	 24.0	 32.0	3.000	 1.0	 0.0
1	2017	4	19314.0	 23.0	 33.0	3.000	 1.0	 0.0
1	2017	5	19327.0	 24.0	 33.0	3.000	 1.0	 0.0
1	2017	6	20129.0	 24.0	 33.0	3.000	 1.0	 0.0
1	2017	7	18649.0	 24.0	 32.0	3.000	 1.0	 1.0
1	2017	8	17247.0	 23.0	 31.0	3.000	 1.0	 3.0
1	2017	9	16279.0	 23.0	 31.0	3.000	 1.0	 1.0
1	2017	10	17933.0	 24.0	 33.0	3.000	 1.0	 0.0
1	2017	11	17934.0	 24.0	 32.0	3.000	 2.0	 1.0
1	2017	12	17424.0	 24.0	 32.0	3.000	 2.0	 1.0
1	2017	13	16688.0	 23.0	 31.0	3.000	 1.0	 1.0
1	2017	14	20706.0	 23.0	 33.0	2.000	 0.0	 0.0
1	2017	15	20175.0	 23.0	 34.0	2.000	 1.0	 0.0
1	2017	16	19411.0	 21.0	 33.0	3.000	 1.0	 0.0
1	2017	17	21195.0	 21.0	 33.0	3.000	 2.0	 0.0
1	2017	18	18146.0	 24.0	 32.0	3.000	 2.0	 3.0
1	2017	19	16931.0	 23.0	 32.0	3.000	 1.0	 0.0
1	2017	20	15518.0	 23.0	 32.0	3.000	 2.0	 1.0
1	2017	21	13294.0	 24.0	 31.0	3.000	 2.0	 2.0
1	2017	22	14490.0	 24.0	 31.0	3.000	 2.0	20.0
1	2017	23	15671.0	 24.0	 31.0	3.000	 2.0	 4.0
1	2017	24	20777.0	 23.0	 32.0	3.000	 1.0	 0.0
1	2017	25	21705.0	 21.0	 33.0	3.000	 1.0	 0.0
1	2017	26	20317.0	 22.0	 33.0	3.000	 1.0	 0.0
1	2017	27	20465.0	 24.0	 33.0	3.000	 1.0	 0.0
1	2017	28	20715.0	 24.0	 33.0	3.000	 2.0	 0.0
1	2017	29	18101.0	 24.0	 33.0	3.000	 2.0	 0.0
1	2017	30	17627.0	 25.0	 32.0	3.000	 2.0	 1.0
1	2017	31	14950.0	 24.0	 31.0	3.000	 2.0	11.0
1	2017	32	9309.0	 24.0	 29.0	3.000	 1.0	 3.0
1	2017	33	22110.0	 22.0	 33.0	3.000	 1.0	 1.0
1	2017	34	15310.0	 22.0	 31.0	3.000	 1.0	 6.0
1	2017	35	19291.0	 24.0	 32.0	3.000	 1.0	 1.0
1	2017	36	18313.0	 24.0	 32.0	3.000	 1.0	 3.0
1	2017	37	18407.0	 24.0	 32.0	3.000	 1.0	 2.0
1	2017	38	17943.0	 24.0	 32.0	3.000	 2.0	 2.0
1	2017	39	17889.0	 24.0	 32.0	3.000	 2.0	 6.0
1	2017	40	18576.0	 24.0	 31.0	3.000	 2.0	 4.0
1	2017	41	14885.0	 24.0	 31.0	3.000	 2.0	12.0
1	2017	42	14268.0	 24.0	 31.0	3.000	 2.0	 2.0
1	2017	43	17703.0	 23.0	 31.0	3.000	 1.0	 1.0
1	2017	44	12645.0	 24.0	 30.0	3.000	 1.0	 6.0
1	2017	45	18131.0	 23.0	 32.0	3.000	 1.0	 1.0
1	2017	46	19495.0	 24.0	 33.0	3.000	 2.0	 0.0
1	2017	47	17838.0	 24.0	 32.0	3.000	 1.0	 5.0
1	2017	48	16746.0	 24.0	 31.0	3.000	 1.0	 5.0
1	2017	49	19107.0	 23.0	 31.0	3.000	 1.0	 1.0
1	2017	50	22565.0	 23.0	 33.0	3.000	 1.0	 0.0
1	2017	51	20881.0	 24.0	 32.0	3.000	 1.0	 1.0
1	2017	52	22248.0	 24.0	 33.0	3.000	 1.0	 0.0
1	2017	53	22286.0	 24.0	 33.0	3.000	 2.0	 1.0
1	2017	54	17723.0	 25.0	 31.0	3.000	 2.0	 2.0
1	2017	55	18930.0	 25.0	 32.0	3.000	 2.0	 1.0
1	2017	56	17947.0	 25.0	 32.0	3.000	 2.0	 2.0
1	2017	57	15408.0	 23.0	 30.0	3.000	 2.0	14.0
1	2017	58	16075.0	 23.0	 30.0	3.000	 2.0	 2.0
1	2017	59	20993.0	 23.0	 33.0	3.000	 2.0	 1.0
1	2017	60	16298.0	 24.0	 31.0	3.000	 2.0	 7.0
1	2017	61	18481.0	 24.0	 32.0	3.000	 2.0	 3.0
1	2017	62	18394.0	 25.0	 32.0	3.000	 2.0	 3.0
1	2017	63	15745.0	 25.0	 31.0	3.000	 2.0	 7.0
1	2017	64	16022.0	 23.0	 31.0	3.000	 2.0	11.0
1	2017	65	16022.0	 24.0	 31.0	3.000	 2.0	 6.0
1	2017	66	13878.0	 24.0	 31.0	3.000	 2.0	 1.0
1	2017	67	19955.0	 24.0	 33.0	3.000	 2.0	 1.0
1	2017	68	19152.0	 25.0	 32.0	3.000	 2.0	 2.0
1	2017	69	17367.0	 25.0	 31.0	3.000	 2.0	 6.0
1	2017	70	17645.0	 24.0	 31.0	3.000	 2.0	12.0
1	2017	71	17542.0	 24.0	 31.0	3.000	 2.0	 8.0
1	2017	72	19801.0	 24.0	 32.0	3.000	 2.0	 0.0
1	2017	73	17816.0	 23.0	 30.0	3.000	 2.0	13.0
1	2017	74	21237.0	 23.0	 32.0	3.000	 1.0	 4.0
1	2017	75	19841.0	 24.0	 32.0	3.000	 2.0	 2.0
1	2017	76	18729.0	 25.0	 31.0	3.000	 2.0	 2.0
1	2017	77	22327.0	 24.0	 32.0	3.000	 2.0	 1.0
1	2017	78	20581.0	 24.0	 32.0	3.000	 3.0	 1.0
1	2017	79	12538.0	 24.0	 28.0	3.000	 2.0	22.0
1	2017	80	15098.0	 24.0	 31.0	3.000	 3.0	 1.0
1	2017	81	18958.0	 25.0	 32.0	3.000	 3.0	 4.0
1	2017	82	17121.0	 24.0	 30.0	3.000	 2.0	 6.0
1	2017	83	18254.0	 23.0	 31.0	3.000	 1.0	 1.0
1	2017	84	17088.0	 24.0	 31.0	3.000	 1.0	 2.0
1	2017	85	20599.0	 24.0	 32.0	3.000	 2.0	 1.0
1	2017	86	18803.0	 24.0	 31.0	3.000	 2.0	 3.0
1	2017	87	24212.0	 24.0	 33.0	3.000	 2.0	 0.0
1	2017	88	19845.0	 25.0	 33.0	3.000	 2.0	 1.0
1	2017	89	18251.0	 25.0	 31.0	3.000	 2.0	 6.0
1	2017	90	12627.0	 24.0	 30.0	3.000	 2.0	 1.0
1	2017	91	23572.0	 23.0	 33.0	3.000	 2.0	 3.0
1	2017	92	19763.0	 24.0	 32.0	3.000	 2.0	 3.0
1	2017	93	18427.0	 24.0	 32.0	3.000	 1.0	28.0
1	2017	94	20474.0	 23.0	 32.0	3.000	 1.0	 2.0
1	2017	95	21065.0	 23.0	 31.0	3.000	 2.0	 3.0
1	2017	96	19836.0	 24.0	 32.0	3.000	 1.0	 8.0
1	2017	97	16956.0	 24.0	 31.0	3.000	 1.0	 5.0
1	2017	98	18824.0	 24.0	 32.0	3.000	 1.0	11.0
1	2017	99	15663.0	 23.0	 30.0	3.000	 1.0	12.0
1	2017	100	17914.0	 23.0	 30.0	3.000	 1.0	13.0
1	2017	101	19938.0	 23.0	 32.0	3.000	 2.0	 7.0
1	2017	102	16960.0	 25.0	 31.0	3.000	 2.0	13.0
1	2017	103	16844.0	 25.0	 31.0	3.000	 2.0	16.0
1	2017	104	12399.0	 24.0	 30.0	3.000	 2.0	10.0
1	2017	105	16263.0	 23.0	 31.0	3.000	 1.0	 1.0
1	2017	106	17952.0	 23.0	 31.0	3.000	 1.0	 3.0
1	2017	107	22813.0	 23.0	 32.0	3.000	 1.0	 0.0
1	2017	108	18566.0	 23.0	 31.0	3.000	 1.0	 8.0
1	2017	109	18614.0	 24.0	 31.0	3.000	 2.0	 2.0
1	2017	110	19117.0	 24.0	 31.0	3.000	 2.0	 8.0
1	2017	111	8575.0	 23.0	 28.0	3.000	 1.0	 6.0
1	2017	112	19823.0	 22.0	 31.0	3.000	 1.0	 0.0
1	2017	113	22894.0	 22.0	 32.0	3.000	 1.0	 0.0
1	2017	114	21498.0	 24.0	 32.0	3.000	 2.0	 3.0
1	2017	115	15490.0	 24.0	 30.0	3.000	 2.0	 8.0
1	2017	116	19454.0	 24.0	 31.0	3.000	 1.0	 4.0
1	2017	117	21233.0	 23.0	 31.0	3.000	 1.0	 4.0
1	2017	118	19062.0	 23.0	 31.0	3.000	 1.0	13.0
1	2017	119	18695.0	 24.0	 30.0	3.000	 1.0	 4.0
1	2017	120	20203.0	 23.0	 31.0	3.000	 1.0	 5.0
1	2017	121	20962.0	 24.0	 32.0	3.000	 2.0	 7.0
1	2017	122	18182.0	 23.0	 30.0	3.000	 1.0	 6.0
1	2017	123	15556.0	 24.0	 30.0	3.000	 1.0	 9.0
1	2017	124	13836.0	 23.0	 29.0	3.000	 1.0	 9.0
1	2017	125	18257.0	 23.0	 31.0	3.000	 1.0	 3.0
1	2017	126	22196.0	 23.0	 32.0	3.000	 1.0	 0.0
1	2017	127	17339.0	 24.0	 30.0	3.000	 2.0	 3.0
1	2017	128	14997.0	 24.0	 29.0	3.000	 1.0	 4.0
1	2017	129	18920.0	 22.0	 30.0	3.000	 1.0	 7.0
1	2017	130	19267.0	 24.0	 31.0	3.000	 2.0	 8.0
1	2017	131	15249.0	 24.0	 29.0	3.000	 1.0	12.0
1	2017	132	19640.0	 22.0	 31.0	3.000	 1.0	10.0
1	2017	133	22120.0	 23.0	 32.0	3.000	 1.0	 2.0
1	2017	134	15619.0	 25.0	 31.0	3.000	 2.0	 9.0
1	2017	135	18775.0	 23.0	 30.0	3.000	 2.0	 2.0
1	2017	136	15247.0	 24.0	 30.0	3.000	 2.0	12.0
1	2017	137	17947.0	 24.0	 30.0	3.000	 2.0	 5.0
1	2017	138	11220.0	 23.0	 29.0	3.000	 1.0	 6.0
1	2017	139	20111.0	 22.0	 31.0	3.000	 1.0	 5.0
1	2017	140	21189.0	 23.0	 31.0	3.000	 1.0	 4.0
1	2017	141	14974.0	 24.0	 30.0	3.000	 1.0	 2.0
1	2017	142	18586.0	 23.0	 31.0	3.000	 2.0	 4.0
1	2017	143	18042.0	 24.0	 31.0	3.000	 2.0	 2.0
1	2017	144	18444.0	 24.0	 30.0	3.000	 2.0	 5.0
1	2017	145	16525.0	 24.0	 30.0	3.000	 2.0	17.0
1	2017	146	8655.0	 23.0	 27.0	3.000	 1.0	 7.0
1	2017	147	11915.0	 22.0	 29.0	3.000	 1.0	13.0
1	2017	148	18588.0	 23.0	 30.0	3.000	 1.0	10.0
1	2017	149	20543.0	 24.0	 31.0	3.000	 1.0	 3.0
1	2017	150	16462.0	 23.0	 29.0	3.000	 2.0	 5.0
1	2017	151	15367.0	 23.0	 29.0	3.000	 1.0	10.0
1	2017	152	18798.0	 23.0	 31.0	3.000	 1.0	 2.0
1	2017	153	17608.0	 23.0	 30.0	3.000	 2.0	 2.0
1	2017	154	11309.0	 23.0	 27.0	3.000	 1.0	19.0
1	2017	155	11526.0	 23.0	 27.0	3.000	 1.0	20.0
1	2017	156	10099.0	 23.0	 27.0	3.000	 1.0	17.0
1	2017	157	14466.0	 23.0	 28.0	3.000	 1.0	10.0
1	2017	158	15912.0	 22.0	 29.0	3.000	 1.0	11.0
1	2017	159	18857.0	 22.0	 30.0	3.000	 1.0	 2.0
1	2017	160	19117.0	 22.0	 30.0	3.000	 1.0	 9.0
1	2017	161	10049.0	 24.0	 28.0	3.000	 2.0	10.0
1	2017	162	11939.0	 23.0	 28.0	3.000	 1.0	 9.0
1	2017	163	11398.0	 23.0	 28.0	3.000	 2.0	17.0
1	2017	164	12278.0	 22.0	 28.0	3.000	 2.0	 7.0
1	2017	165	16632.0	 23.0	 29.0	3.000	 2.0	 4.0
1	2017	166	14510.0	 23.0	 28.0	3.000	 2.0	 6.0
1	2017	167	5833.0	 22.0	 26.0	3.000	 2.0	98.0
1	2017	168	13177.0	 22.0	 28.0	3.000	 1.0	 1.0
1	2017	169	16680.0	 22.0	 29.0	3.000	 1.0	16.0
1	2017	170	15939.0	 22.0	 29.0	3.000	 2.0	 4.0
1	2017	171	4435.0	 23.0	 24.0	3.000	 2.0	16.0
1	2017	172	13992.0	 22.0	 28.0	3.000	 1.0	 1.0
1	2017	173	14656.0	 22.0	 29.0	3.000	 1.0	 1.0
1	2017	174	15191.0	 23.0	 29.0	3.000	 2.0	 2.0
1	2017	175	11333.0	 22.0	 28.0	3.000	 2.0	14.0
1	2017	176	17940.0	 22.0	 29.0	3.000	 1.0	 2.0
1	2017	177	8037.0	 22.0	 27.0	3.000	 1.0	 4.0
1	2017	178	12829.0	 23.0	 28.0	3.000	 1.0	15.0
1	2017	179	15305.0	 23.0	 28.0	3.000	 1.0	 4.0
1	2017	180	6294.0	 22.0	 24.0	3.000	 1.0	14.0
1	2017	181	16642.0	 22.0	 29.0	3.000	 1.0	12.0
1	2017	182	14625.0	 22.0	 27.0	3.000	 2.0	14.0
1	2017	183	10035.0	 22.0	 26.0	3.000	 2.0	11.0
1	2017	184	10437.0	 22.0	 26.0	3.000	 2.0	 7.0
1	2017	185	12144.0	 22.0	 27.0	3.000	 2.0	 8.0
1	2017	186	14000.0	 22.0	 28.0	3.000	 2.0	16.0
1	2017	187	7999.0	 22.0	 25.0	3.000	 2.0	18.0
1	2017	188	12823.0	 22.0	 27.0	3.000	 2.0	10.0
1	2017	189	11036.0	 23.0	 27.0	3.000	 2.0	 2.0
1	2017	190	16569.0	 22.0	 28.0	3.000	 3.0	 1.0
1	2017	191	19252.0	 21.0	 28.0	3.000	 3.0	 1.0
1	2017	192	23260.0	 19.0	 29.0	2.000	 2.0	 0.0
1	2017	193	16823.0	 19.0	 28.0	2.000	 2.0	 0.0
1	2017	194	14984.0	 19.0	 27.0	3.000	 2.0	 1.0
1	2017	195	16960.0	 21.0	 28.0	3.000	 2.0	 1.0
1	2017	196	18138.0	 21.0	 28.0	3.000	 2.0	 2.0
1	2017	197	17493.0	 22.0	 28.0	3.000	 2.0	 2.0
1	2017	198	14601.0	 23.0	 28.0	3.000	 2.0	 1.0
1	2017	199	10511.0	 23.0	 28.0	3.000	 2.0	 2.0
1	2017	200	15764.0	 22.0	 28.0	3.000	 2.0	 2.0
1	2017	201	15182.0	 23.0	 28.0	3.000	 2.0	 4.0
1	2017	202	14961.0	 23.0	 29.0	3.000	 2.0	 2.0
1	2017	203	13962.0	 23.0	 28.0	3.000	 2.0	 4.0
1	2017	204	10246.0	 22.0	 27.0	3.000	 3.0	13.0
1	2017	205	9793.0	 22.0	 26.0	3.000	 2.0	19.0
1	2017	206	12682.0	 22.0	 27.0	3.000	 3.0	 4.0
1	2017	207	10255.0	 22.0	 27.0	3.000	 2.0	 4.0
1	2017	208	18366.0	 22.0	 28.0	3.000	 2.0	 2.0
1	2017	209	11597.0	 23.0	 27.0	3.000	 2.0	 2.0
1	2017	210	15562.0	 22.0	 28.0	3.000	 2.0	 2.0
1	2017	211	10042.0	 22.0	 27.0	3.000	 2.0	 2.0
1	2017	212	13833.0	 23.0	 28.0	3.000	 2.0	 2.0
1	2017	213	8909.0	 23.0	 27.0	3.000	 2.0	 2.0
1	2017	214	10166.0	 23.0	 26.0	3.000	 2.0	17.0
1	2017	215	15042.0	 22.0	 28.0	3.000	 3.0	 1.0
1	2017	216	12271.0	 23.0	 27.0	3.000	 2.0	 3.0
1	2017	217	7224.0	 22.0	 25.0	3.000	 3.0	 5.0
1	2017	218	11445.0	 22.0	 27.0	3.000	 2.0	 1.0
1	2017	219	16621.0	 21.0	 29.0	3.000	 2.0	 1.0
1	2017	220	13235.0	 22.0	 28.0	3.000	 2.0	 3.0
1	2017	221	17961.0	 22.0	 29.0	3.000	 2.0	 2.0
1	2017	222	15144.0	 22.0	 28.0	3.000	 2.0	 2.0
1	2017	223	17723.0	 22.0	 29.0	3.000	 2.0	 2.0
1	2017	224	15922.0	 22.0	 29.0	3.000	 2.0	 4.0
1	2017	225	11432.0	 23.0	 28.0	3.000	 2.0	 5.0
1	2017	226	16163.0	 23.0	 28.0	3.000	 3.0	 3.0
1	2017	227	6785.0	 22.0	 26.0	3.000	 3.0	 1.0
1	2017	228	15272.0	 22.0	 28.0	3.000	 2.0	 0.0
1	2017	229	9432.0	 22.0	 27.0	3.000	 3.0	 1.0
1	2017	230	8083.0	 22.0	 26.0	3.000	 3.0	 1.0
1	2017	231	17009.0	 21.0	 28.0	3.000	 2.0	 1.0
1	2017	232	14894.0	 20.0	 28.0	3.000	 2.0	 1.0
1	2017	233	13391.0	 21.0	 27.0	3.000	 2.0	 2.0
1	2017	234	13113.0	 22.0	 27.0	3.000	 3.0	 1.0
1	2017	235	14717.0	 22.0	 28.0	3.000	 2.0	 2.0
1	2017	236	15812.0	 22.0	 29.0	3.000	 2.0	 1.0
1	2017	237	6131.0	 22.0	 25.0	3.000	 2.0	14.0
1	2017	238	5862.0	 22.0	 25.0	3.000	 2.0	19.0
1	2017	239	7226.0	 21.0	 25.0	3.000	 2.0	 2.0
1	2017	240	12210.0	 21.0	 28.0	3.000	 2.0	 0.0
1	2017	241	7683.0	 22.0	 26.0	3.000	 2.0	 2.0
1	2017	242	11420.0	 22.0	 27.0	3.000	 2.0	 9.0
1	2017	243	12637.0	 22.0	 27.0	3.000	 2.0	 3.0
1	2017	244	15115.0	 22.0	 27.0	3.000	 2.0	 4.0
1	2017	245	13131.0	 22.0	 28.0	3.000	 2.0	 4.0
1	2017	246	16683.0	 22.0	 29.0	3.000	 2.0	 9.0
1	2017	247	13549.0	 21.0	 28.0	3.000	 2.0	 8.0
1	2017	248	12530.0	 22.0	 28.0	3.000	 2.0	 1.0
1	2017	249	8094.0	 22.0	 26.0	3.000	 2.0	 4.0
1	2017	250	4925.0	 22.0	 24.0	3.000	 3.0	 8.0
1	2017	251	13929.0	 21.0	 27.0	3.000	 2.0	 1.0
1	2017	252	13004.0	 22.0	 28.0	3.000	 2.0	 1.0
1	2017	253	13596.0	 22.0	 29.0	3.000	 2.0	 4.0
1	2017	254	12709.0	 22.0	 28.0	3.000	 2.0	 4.0
1	2017	255	6410.0	 22.0	 25.0	3.000	 2.0	14.0
1	2017	256	17044.0	 22.0	 28.0	3.000	 2.0	 2.0
1	2017	257	13853.0	 21.0	 28.0	3.000	 2.0	 1.0
1	2017	258	10524.0	 23.0	 27.0	3.000	 2.0	 3.0
1	2017	259	16979.0	 22.0	 28.0	3.000	 3.0	 3.0
1	2017	260	18078.0	 22.0	 28.0	3.000	 2.0	 2.0
1	2017	261	13859.0	 22.0	 28.0	3.000	 2.0	 1.0
1	2017	262	12203.0	 22.0	 28.0	3.000	 2.0	 1.0
1	2017	263	11742.0	 22.0	 27.0	3.000	 2.0	 1.0
1	2017	264	17869.0	 23.0	 28.0	3.000	 2.0	 3.0
1	2017	265	15643.0	 22.0	 28.0	3.000	 3.0	 2.0
1	2017	266	20002.0	 22.0	 29.0	3.000	 2.0	 2.0
1	2017	267	17716.0	 22.0	 30.0	3.000	 1.0	 3.0
1	2017	268	18864.0	 22.0	 30.0	3.000	 1.0	 8.0
1	2017	269	19202.0	 23.0	 31.0	3.000	 1.0	12.0
1	2017	270	9148.0	 23.0	 26.0	3.000	 1.0	15.0
1	2017	271	19097.0	 22.0	 30.0	3.000	 1.0	 9.0
1	2017	272	5995.0	 22.0	 25.0	3.000	 2.0	17.0
1	2017	273	14708.0	 22.0	 29.0	3.000	 1.0	 4.0
1	2017	274	18233.0	 23.0	 30.0	3.000	 1.0	 8.0
1	2017	275	18760.0	 22.0	 30.0	3.000	 1.0	 6.0
1	2017	276	17725.0	 22.0	 30.0	3.000	 1.0	 8.0
1	2017	277	16732.0	 23.0	 30.0	3.000	 2.0	 8.0
1	2017	278	17954.0	 23.0	 30.0	3.000	 1.0	 7.0
1	2017	279	9031.0	 23.0	 27.0	3.000	 1.0	10.0
1	2017	280	13837.0	 22.0	 28.0	3.000	 2.0	20.0
1	2017	281	7860.0	 22.0	 26.0	3.000	 1.0	13.0
1	2017	282	17359.0	 22.0	 29.0	3.000	 1.0	 2.0
1	2017	283	18351.0	 23.0	 30.0	3.000	 1.0	 5.0
1	2017	284	14037.0	 23.0	 28.0	3.000	 2.0	 9.0
1	2017	285	19472.0	 22.0	 30.0	3.000	 1.0	 9.0
1	2017	286	18068.0	 22.0	 30.0	3.000	 2.0	 7.0
1	2017	287	18011.0	 23.0	 29.0	3.000	 1.0	 5.0
1	2017	288	18097.0	 22.0	 30.0	3.000	 2.0	 5.0
1	2017	289	18020.0	 23.0	 30.0	3.000	 1.0	 6.0
1	2017	290	16103.0	 23.0	 30.0	3.000	 1.0	13.0
1	2017	291	17589.0	 23.0	 30.0	3.000	 1.0	13.0
1	2017	292	15380.0	 23.0	 30.0	3.000	 1.0	 5.0
1	2017	293	17910.0	 22.0	 30.0	3.000	 1.0	 7.0
1	2017	294	19333.0	 23.0	 31.0	3.000	 1.0	 1.0
1	2017	295	17085.0	 23.0	 29.0	3.000	 2.0	 1.0
1	2017	296	13921.0	 23.0	 29.0	3.000	 1.0	 9.0
1	2017	297	18893.0	 22.0	 30.0	3.000	 1.0	 2.0
1	2017	298	16059.0	 23.0	 29.0	3.000	 1.0	 3.0
1	2017	299	18345.0	 22.0	 30.0	3.000	 1.0	 4.0
1	2017	300	17085.0	 23.0	 30.0	3.000	 1.0	 6.0
1	2017	301	14639.0	 23.0	 29.0	3.000	 1.0	11.0
1	2017	302	14604.0	 22.0	 29.0	3.000	 1.0	 7.0
1	2017	303	19418.0	 22.0	 31.0	3.000	 1.0	 1.0
1	2017	304	14997.0	 23.0	 29.0	3.000	 1.0	12.0
1	2017	305	17577.0	 22.0	 30.0	3.000	 1.0	 4.0
1	2017	306	15108.0	 23.0	 30.0	3.000	 1.0	 8.0
1	2017	307	17791.0	 22.0	 30.0	3.000	 2.0	 9.0
1	2017	308	17289.0	 23.0	 30.0	3.000	 2.0	 9.0
1	2017	309	16622.0	 22.0	 30.0	3.000	 1.0	10.0
1	2017	310	13578.0	 22.0	 29.0	3.000	 1.0	14.0
1	2017	311	20239.0	 21.0	 30.0	3.000	 1.0	 4.0
1	2017	312	19484.0	 22.0	 31.0	3.000	 1.0	 4.0
1	2017	313	18478.0	 23.0	 30.0	3.000	 1.0	 7.0
1	2017	314	19001.0	 22.0	 30.0	3.000	 1.0	 1.0
1	2017	315	16296.0	 23.0	 30.0	3.000	 1.0	12.0
1	2017	316	18116.0	 22.0	 30.0	3.000	 1.0	 2.0
1	2017	317	17389.0	 23.0	 30.0	3.000	 1.0	 4.0
1	2017	318	15515.0	 23.0	 30.0	3.000	 1.0	17.0
1	2017	319	14415.0	 23.0	 29.0	3.000	 1.0	18.0
1	2017	320	11953.0	 23.0	 29.0	3.000	 1.0	 2.0
1	2017	321	15494.0	 23.0	 30.0	3.000	 2.0	 3.0
1	2017	322	14268.0	 23.0	 29.0	3.000	 2.0	 1.0
1	2017	323	16451.0	 23.0	 30.0	3.000	 2.0	 1.0
1	2017	324	15813.0	 23.0	 29.0	3.000	 1.0	 9.0
1	2017	325	17276.0	 22.0	 30.0	3.000	 1.0	 7.0
1	2017	326	11903.0	 23.0	 29.0	3.000	 1.0	12.0
1	2017	327	12432.0	 22.0	 29.0	3.000	 1.0	19.0
1	2017	328	16431.0	 21.0	 30.0	3.000	 1.0	 2.0
1	2017	329	15202.0	 22.0	 29.0	3.000	 1.0	12.0
1	2017	330	17352.0	 22.0	 31.0	3.000	 1.0	 4.0
1	2017	331	17821.0	 22.0	 30.0	3.000	 1.0	 2.0
1	2017	332	20848.0	 21.0	 31.0	3.000	 1.0	 0.0
1	2017	333	18294.0	 22.0	 30.0	3.000	 1.0	 3.0
1	2017	334	19483.0	 22.0	 31.0	3.000	 0.0	 1.0
1	2017	335	17647.0	 22.0	 31.0	3.000	 1.0	 0.0
1	2017	336	16665.0	 23.0	 30.0	3.000	 1.0	 1.0
1	2017	337	16777.0	 23.0	 30.0	3.000	 1.0	 1.0
1	2017	338	14698.0	 23.0	 30.0	3.000	 1.0	 1.0
1	2017	339	14646.0	 23.0	 30.0	3.000	 1.0	 3.0
1	2017	340	15256.0	 24.0	 30.0	3.000	 2.0	 1.0
1	2017	341	16512.0	 23.0	 31.0	3.000	 1.0	 4.0
1	2017	342	12444.0	 23.0	 28.0	3.000	 1.0	 9.0
1	2017	343	15759.0	 23.0	 30.0	3.000	 1.0	12.0
1	2017	344	17893.0	 22.0	 30.0	3.000	 0.0	 0.0
1	2017	345	19366.0	 22.0	 31.0	3.000	 0.0	 0.0
1	2017	346	14028.0	 23.0	 30.0	3.000	 1.0	 0.0
1	2017	347	20023.0	 22.0	 31.0	3.000	 1.0	 0.0
1	2017	348	17707.0	 23.0	 31.0	3.000	 1.0	 2.0
1	2017	349	17409.0	 24.0	 30.0	3.000	 2.0	 2.0
1	2017	350	15219.0	 23.0	 30.0	3.000	 2.0	 2.0
1	2017	351	15438.0	 23.0	 30.0	3.000	 2.0	 1.0
1	2017	352	15979.0	 23.0	 30.0	3.000	 2.0	 1.0
1	2017	353	13302.0	 22.0	 29.0	3.000	 1.0	 5.0
1	2017	354	12547.0	 22.0	 29.0	3.000	 1.0	 5.0
1	2017	355	14445.0	 22.0	 29.0	3.000	 1.0	 7.0
1	2017	356	16344.0	 22.0	 29.0	3.000	 1.0	 1.0
1	2017	357	21038.0	 21.0	 31.0	2.000	 1.0	 0.0
1	2017	358	21668.0	 20.0	 31.0	2.000	 1.0	 0.0
1	2017	359	21137.0	 22.0	 31.0	2.000	 1.0	 0.0
1	2017	360	20626.0	 21.0	 31.0	3.000	 0.0	 0.0
1	2017	361	19940.0	 21.0	 32.0	3.000	 1.0	 0.0
1	2017	362	18601.0	 23.0	 32.0	3.000	 1.0	 0.0
1	2017	363	17719.0	 22.0	 32.0	3.000	 1.0	 0.0
1	2017	364	18518.0	 23.0	 32.0	3.000	 1.0	 0.0
1	2017	365	18736.0	 23.0	 32.0	3.000	 1.0	 0.0
