*---------------------------------------------------
* Station: Central
* Year: 2014
* Origin: ERA5-Reanalysis
* Columns & units
* ===================
* 1. station number
* 2. year
* 3. Day of Year
* 4. Irradiance   (kJ路m-2路d-1)
* 5. Daily minimum temperature (degC)
* 6. Daily maximum temperature (degC)
* 7. Vapour pressure (kPa)
* 8. Mean wind speed (m路s-1)
* 9. Precipitation (mm路d-1)
** WCCDESCRIPTION=Central
** WCCFORMAT=2
** WCCYEARNR=2014
*------------------------------------------------------------*
-1.22  5.57  116.00 -0.18  -0.55
1	2014	1	15345.0	 23.0	 30.0	3.000	 1.0	 1.0
1	2014	2	14416.0	 23.0	 29.0	3.000	 1.0	12.0
1	2014	3	15974.0	 22.0	 30.0	3.000	 1.0	 4.0
1	2014	4	18605.0	 23.0	 31.0	3.000	 1.0	 0.0
1	2014	5	16660.0	 23.0	 30.0	3.000	 1.0	 6.0
1	2014	6	18317.0	 22.0	 31.0	3.000	 1.0	 0.0
1	2014	7	17839.0	 23.0	 30.0	3.000	 1.0	 1.0
1	2014	8	17828.0	 23.0	 31.0	3.000	 1.0	 0.0
1	2014	9	15196.0	 23.0	 29.0	3.000	 2.0	 1.0
1	2014	10	14077.0	 23.0	 29.0	3.000	 1.0	 3.0
1	2014	11	16164.0	 23.0	 30.0	3.000	 1.0	 1.0
1	2014	12	15410.0	 23.0	 30.0	3.000	 1.0	 1.0
1	2014	13	16375.0	 23.0	 30.0	3.000	 1.0	 1.0
1	2014	14	15160.0	 23.0	 30.0	3.000	 1.0	 2.0
1	2014	15	17456.0	 23.0	 31.0	3.000	 2.0	 1.0
1	2014	16	18356.0	 24.0	 31.0	3.000	 2.0	 1.0
1	2014	17	15480.0	 23.0	 30.0	3.000	 2.0	 2.0
1	2014	18	15605.0	 23.0	 30.0	3.000	 2.0	 2.0
1	2014	19	19040.0	 22.0	 32.0	3.000	 1.0	14.0
1	2014	20	17642.0	 23.0	 32.0	3.000	 1.0	 0.0
1	2014	21	18016.0	 24.0	 32.0	3.000	 2.0	 0.0
1	2014	22	17576.0	 24.0	 31.0	3.000	 2.0	 3.0
1	2014	23	16878.0	 24.0	 31.0	3.000	 2.0	 2.0
1	2014	24	16246.0	 23.0	 31.0	3.000	 2.0	 5.0
1	2014	25	17385.0	 24.0	 31.0	3.000	 2.0	 2.0
1	2014	26	17111.0	 24.0	 31.0	3.000	 2.0	 6.0
1	2014	27	16805.0	 23.0	 31.0	3.000	 2.0	 1.0
1	2014	28	17572.0	 23.0	 31.0	3.000	 2.0	 2.0
1	2014	29	17285.0	 24.0	 30.0	3.000	 2.0	 2.0
1	2014	30	16070.0	 24.0	 31.0	3.000	 2.0	 8.0
1	2014	31	14237.0	 23.0	 30.0	3.000	 1.0	21.0
1	2014	32	12520.0	 22.0	 29.0	3.000	 1.0	14.0
1	2014	33	21368.0	 22.0	 32.0	2.000	 0.0	 0.0
1	2014	34	22047.0	 21.0	 32.0	2.000	 1.0	 0.0
1	2014	35	21693.0	 21.0	 31.0	3.000	 1.0	 0.0
1	2014	36	21148.0	 23.0	 32.0	3.000	 1.0	 0.0
1	2014	37	19254.0	 22.0	 32.0	3.000	 1.0	 0.0
1	2014	38	16269.0	 23.0	 31.0	3.000	 2.0	 3.0
1	2014	39	17374.0	 23.0	 31.0	3.000	 1.0	 1.0
1	2014	40	17402.0	 24.0	 31.0	3.000	 2.0	 2.0
1	2014	41	16869.0	 24.0	 31.0	3.000	 2.0	 2.0
1	2014	42	16636.0	 23.0	 31.0	3.000	 2.0	 6.0
1	2014	43	16147.0	 24.0	 31.0	3.000	 1.0	10.0
1	2014	44	15787.0	 23.0	 31.0	3.000	 1.0	 4.0
1	2014	45	13707.0	 23.0	 28.0	3.000	 1.0	16.0
1	2014	46	18031.0	 23.0	 31.0	3.000	 2.0	 3.0
1	2014	47	13186.0	 23.0	 29.0	3.000	 1.0	18.0
1	2014	48	18854.0	 22.0	 31.0	3.000	 1.0	 4.0
1	2014	49	18981.0	 22.0	 31.0	3.000	 1.0	 1.0
1	2014	50	17894.0	 24.0	 31.0	3.000	 2.0	 3.0
1	2014	51	15012.0	 23.0	 30.0	3.000	 2.0	 6.0
1	2014	52	17968.0	 23.0	 31.0	3.000	 1.0	 2.0
1	2014	53	18630.0	 24.0	 32.0	3.000	 2.0	 1.0
1	2014	54	19539.0	 24.0	 32.0	3.000	 2.0	 1.0
1	2014	55	15740.0	 24.0	 30.0	3.000	 3.0	 2.0
1	2014	56	15551.0	 24.0	 31.0	3.000	 2.0	13.0
1	2014	57	14101.0	 24.0	 29.0	3.000	 2.0	 3.0
1	2014	58	21031.0	 23.0	 32.0	3.000	 2.0	 1.0
1	2014	59	13057.0	 23.0	 29.0	3.000	 1.0	13.0
1	2014	60	16893.0	 23.0	 31.0	3.000	 2.0	 2.0
1	2014	61	22960.0	 22.0	 33.0	3.000	 1.0	 0.0
1	2014	62	20868.0	 23.0	 32.0	3.000	 2.0	 1.0
1	2014	63	19405.0	 23.0	 32.0	3.000	 2.0	 2.0
1	2014	64	20098.0	 24.0	 32.0	3.000	 2.0	 1.0
1	2014	65	18378.0	 24.0	 31.0	3.000	 2.0	 3.0
1	2014	66	15707.0	 24.0	 30.0	3.000	 1.0	13.0
1	2014	67	17732.0	 23.0	 31.0	3.000	 2.0	 7.0
1	2014	68	15218.0	 24.0	 30.0	3.000	 3.0	 1.0
1	2014	69	18278.0	 24.0	 31.0	3.000	 3.0	 2.0
1	2014	70	17112.0	 24.0	 30.0	3.000	 2.0	 6.0
1	2014	71	21586.0	 23.0	 32.0	3.000	 2.0	 0.0
1	2014	72	22410.0	 24.0	 33.0	3.000	 1.0	 0.0
1	2014	73	21809.0	 23.0	 32.0	3.000	 2.0	 2.0
1	2014	74	18215.0	 23.0	 32.0	3.000	 2.0	 2.0
1	2014	75	16908.0	 24.0	 30.0	3.000	 2.0	 8.0
1	2014	76	12349.0	 23.0	 30.0	3.000	 2.0	15.0
1	2014	77	17045.0	 22.0	 30.0	3.000	 2.0	 5.0
1	2014	78	18567.0	 23.0	 32.0	3.000	 1.0	 2.0
1	2014	79	19010.0	 24.0	 31.0	3.000	 2.0	 9.0
1	2014	80	19624.0	 23.0	 32.0	3.000	 2.0	 9.0
1	2014	81	20527.0	 24.0	 31.0	3.000	 2.0	 2.0
1	2014	82	18421.0	 23.0	 30.0	3.000	 2.0	10.0
1	2014	83	16807.0	 23.0	 31.0	3.000	 1.0	 6.0
1	2014	84	22298.0	 22.0	 32.0	3.000	 1.0	 4.0
1	2014	85	20314.0	 23.0	 31.0	3.000	 2.0	 5.0
1	2014	86	13073.0	 24.0	 30.0	3.000	 2.0	 7.0
1	2014	87	10112.0	 24.0	 29.0	3.000	 2.0	 0.0
1	2014	88	18888.0	 23.0	 30.0	3.000	 2.0	 1.0
1	2014	89	22524.0	 23.0	 31.0	3.000	 2.0	 1.0
1	2014	90	17066.0	 23.0	 30.0	3.000	 1.0	 1.0
1	2014	91	23400.0	 23.0	 32.0	3.000	 1.0	 1.0
1	2014	92	19541.0	 24.0	 31.0	3.000	 2.0	 1.0
1	2014	93	17806.0	 24.0	 31.0	3.000	 2.0	 4.0
1	2014	94	18162.0	 24.0	 31.0	3.000	 2.0	 1.0
1	2014	95	21060.0	 23.0	 31.0	3.000	 2.0	 2.0
1	2014	96	21767.0	 23.0	 31.0	3.000	 2.0	 1.0
1	2014	97	20602.0	 23.0	 31.0	3.000	 2.0	 3.0
1	2014	98	21024.0	 24.0	 30.0	3.000	 2.0	 7.0
1	2014	99	18064.0	 24.0	 31.0	3.000	 2.0	11.0
1	2014	100	20751.0	 23.0	 32.0	3.000	 1.0	 5.0
1	2014	101	18196.0	 23.0	 31.0	3.000	 1.0	 4.0
1	2014	102	20893.0	 24.0	 31.0	3.000	 2.0	 1.0
1	2014	103	18367.0	 24.0	 31.0	3.000	 1.0	12.0
1	2014	104	18566.0	 23.0	 31.0	3.000	 1.0	 1.0
1	2014	105	22619.0	 22.0	 32.0	3.000	 1.0	 0.0
1	2014	106	25205.0	 22.0	 33.0	3.000	 2.0	 0.0
1	2014	107	18835.0	 24.0	 31.0	3.000	 1.0	 1.0
1	2014	108	23002.0	 23.0	 32.0	3.000	 2.0	 0.0
1	2014	109	17313.0	 24.0	 31.0	3.000	 1.0	 8.0
1	2014	110	17250.0	 23.0	 31.0	3.000	 2.0	12.0
1	2014	111	13478.0	 23.0	 29.0	3.000	 1.0	12.0
1	2014	112	17603.0	 24.0	 30.0	3.000	 1.0	 7.0
1	2014	113	19234.0	 24.0	 31.0	3.000	 2.0	11.0
1	2014	114	18116.0	 23.0	 30.0	3.000	 2.0	 7.0
1	2014	115	15459.0	 24.0	 30.0	3.000	 1.0	15.0
1	2014	116	16934.0	 23.0	 30.0	3.000	 1.0	12.0
1	2014	117	15237.0	 23.0	 30.0	3.000	 1.0	 8.0
1	2014	118	21580.0	 23.0	 31.0	3.000	 1.0	 0.0
1	2014	119	14371.0	 23.0	 30.0	3.000	 1.0	13.0
1	2014	120	15286.0	 23.0	 30.0	3.000	 2.0	10.0
1	2014	121	14077.0	 23.0	 29.0	3.000	 1.0	 8.0
1	2014	122	20650.0	 23.0	 32.0	3.000	 0.0	 1.0
1	2014	123	18737.0	 24.0	 31.0	3.000	 1.0	 3.0
1	2014	124	21084.0	 23.0	 32.0	3.000	 1.0	 6.0
1	2014	125	17912.0	 24.0	 30.0	3.000	 2.0	 7.0
1	2014	126	9976.0	 24.0	 28.0	3.000	 2.0	 4.0
1	2014	127	12119.0	 23.0	 28.0	3.000	 1.0	23.0
1	2014	128	4364.0	 23.0	 25.0	3.000	 1.0	24.0
1	2014	129	14162.0	 23.0	 28.0	3.000	 1.0	15.0
1	2014	130	21087.0	 22.0	 31.0	3.000	 1.0	 1.0
1	2014	131	19738.0	 23.0	 31.0	3.000	 0.0	 4.0
1	2014	132	19188.0	 24.0	 31.0	3.000	 1.0	 7.0
1	2014	133	17520.0	 24.0	 30.0	3.000	 2.0	11.0
1	2014	134	12447.0	 23.0	 28.0	3.000	 1.0	10.0
1	2014	135	11096.0	 23.0	 28.0	3.000	 0.0	 9.0
1	2014	136	16930.0	 22.0	 30.0	3.000	 1.0	12.0
1	2014	137	19798.0	 22.0	 30.0	3.000	 1.0	 3.0
1	2014	138	20321.0	 23.0	 30.0	3.000	 1.0	 2.0
1	2014	139	22335.0	 23.0	 32.0	3.000	 1.0	 2.0
1	2014	140	15326.0	 23.0	 30.0	3.000	 0.0	 6.0
1	2014	141	17052.0	 24.0	 30.0	3.000	 1.0	13.0
1	2014	142	17685.0	 24.0	 30.0	3.000	 2.0	 6.0
1	2014	143	16674.0	 23.0	 30.0	3.000	 1.0	10.0
1	2014	144	18415.0	 22.0	 31.0	3.000	 1.0	 3.0
1	2014	145	19041.0	 23.0	 30.0	3.000	 1.0	 5.0
1	2014	146	21027.0	 23.0	 31.0	3.000	 1.0	 7.0
1	2014	147	13983.0	 24.0	 29.0	3.000	 2.0	11.0
1	2014	148	17555.0	 23.0	 30.0	3.000	 2.0	 4.0
1	2014	149	13678.0	 23.0	 28.0	3.000	 2.0	 8.0
1	2014	150	10025.0	 23.0	 27.0	3.000	 1.0	28.0
1	2014	151	14322.0	 22.0	 29.0	3.000	 1.0	 8.0
1	2014	152	17510.0	 23.0	 29.0	3.000	 1.0	 4.0
1	2014	153	5082.0	 23.0	 25.0	3.000	 1.0	32.0
1	2014	154	17613.0	 22.0	 30.0	3.000	 1.0	 2.0
1	2014	155	13490.0	 24.0	 29.0	3.000	 2.0	 9.0
1	2014	156	1253.0	 23.0	 24.0	3.000	 1.0	121.0
1	2014	157	10837.0	 22.0	 27.0	3.000	 1.0	16.0
1	2014	158	12654.0	 22.0	 28.0	3.000	 1.0	11.0
1	2014	159	19879.0	 22.0	 30.0	3.000	 1.0	 2.0
1	2014	160	14365.0	 23.0	 29.0	3.000	 2.0	 2.0
1	2014	161	10081.0	 23.0	 25.0	3.000	 2.0	14.0
1	2014	162	15569.0	 23.0	 29.0	3.000	 2.0	 3.0
1	2014	163	12771.0	 22.0	 28.0	3.000	 2.0	16.0
1	2014	164	3955.0	 23.0	 24.0	3.000	 2.0	34.0
1	2014	165	15707.0	 22.0	 28.0	3.000	 1.0	 5.0
1	2014	166	16911.0	 23.0	 29.0	3.000	 2.0	 1.0
1	2014	167	17619.0	 23.0	 29.0	3.000	 2.0	 1.0
1	2014	168	15298.0	 23.0	 29.0	3.000	 2.0	10.0
1	2014	169	10369.0	 23.0	 28.0	3.000	 1.0	21.0
1	2014	170	11361.0	 22.0	 27.0	3.000	 2.0	 3.0
1	2014	171	17777.0	 23.0	 29.0	3.000	 2.0	 3.0
1	2014	172	15618.0	 23.0	 28.0	3.000	 2.0	 8.0
1	2014	173	13138.0	 23.0	 28.0	3.000	 2.0	 2.0
1	2014	174	8125.0	 22.0	 25.0	3.000	 1.0	 8.0
1	2014	175	17261.0	 22.0	 29.0	3.000	 2.0	 9.0
1	2014	176	14275.0	 22.0	 29.0	3.000	 2.0	 4.0
1	2014	177	10321.0	 23.0	 26.0	3.000	 2.0	 8.0
1	2014	178	13179.0	 22.0	 27.0	3.000	 2.0	13.0
1	2014	179	14255.0	 22.0	 28.0	3.000	 2.0	12.0
1	2014	180	10821.0	 22.0	 27.0	3.000	 2.0	 3.0
1	2014	181	14118.0	 22.0	 28.0	3.000	 1.0	10.0
1	2014	182	15742.0	 22.0	 28.0	3.000	 1.0	 6.0
1	2014	183	5486.0	 22.0	 24.0	3.000	 2.0	14.0
1	2014	184	7328.0	 22.0	 25.0	3.000	 2.0	23.0
1	2014	185	9806.0	 22.0	 26.0	3.000	 1.0	14.0
1	2014	186	9605.0	 22.0	 25.0	3.000	 2.0	23.0
1	2014	187	14065.0	 22.0	 27.0	3.000	 2.0	 2.0
1	2014	188	15485.0	 22.0	 28.0	3.000	 3.0	 3.0
1	2014	189	12745.0	 21.0	 27.0	3.000	 2.0	 1.0
1	2014	190	18934.0	 22.0	 29.0	3.000	 1.0	 0.0
1	2014	191	14490.0	 20.0	 28.0	3.000	 2.0	 1.0
1	2014	192	9589.0	 21.0	 26.0	3.000	 2.0	 1.0
1	2014	193	17554.0	 22.0	 28.0	3.000	 2.0	 2.0
1	2014	194	17656.0	 22.0	 28.0	3.000	 2.0	 2.0
1	2014	195	13830.0	 22.0	 27.0	3.000	 2.0	 1.0
1	2014	196	14140.0	 22.0	 28.0	3.000	 2.0	 5.0
1	2014	197	4998.0	 22.0	 24.0	3.000	 2.0	36.0
1	2014	198	2611.0	 22.0	 23.0	3.000	 2.0	54.0
1	2014	199	10339.0	 21.0	 26.0	3.000	 2.0	 2.0
1	2014	200	16841.0	 22.0	 28.0	3.000	 2.0	 2.0
1	2014	201	13535.0	 22.0	 27.0	3.000	 2.0	 2.0
1	2014	202	10135.0	 23.0	 26.0	3.000	 3.0	 1.0
1	2014	203	15494.0	 22.0	 27.0	3.000	 3.0	 1.0
1	2014	204	10740.0	 21.0	 26.0	3.000	 2.0	 1.0
1	2014	205	15960.0	 22.0	 28.0	3.000	 3.0	 3.0
1	2014	206	7625.0	 22.0	 25.0	3.000	 3.0	 1.0
1	2014	207	12968.0	 22.0	 27.0	3.000	 2.0	 2.0
1	2014	208	14414.0	 22.0	 27.0	3.000	 2.0	 8.0
1	2014	209	8880.0	 22.0	 25.0	3.000	 2.0	 3.0
1	2014	210	13377.0	 22.0	 27.0	3.000	 2.0	 2.0
1	2014	211	11059.0	 22.0	 27.0	3.000	 2.0	 2.0
1	2014	212	9456.0	 22.0	 26.0	3.000	 2.0	 1.0
1	2014	213	9001.0	 23.0	 26.0	3.000	 3.0	 1.0
1	2014	214	12447.0	 22.0	 27.0	3.000	 2.0	10.0
1	2014	215	11782.0	 22.0	 26.0	3.000	 2.0	 2.0
1	2014	216	15337.0	 22.0	 28.0	3.000	 2.0	 2.0
1	2014	217	12611.0	 22.0	 27.0	3.000	 3.0	18.0
1	2014	218	15344.0	 22.0	 28.0	3.000	 3.0	 6.0
1	2014	219	10917.0	 22.0	 27.0	3.000	 2.0	 3.0
1	2014	220	14306.0	 22.0	 28.0	3.000	 3.0	 5.0
1	2014	221	14046.0	 22.0	 26.0	3.000	 3.0	 2.0
1	2014	222	15152.0	 21.0	 28.0	3.000	 2.0	 1.0
1	2014	223	12164.0	 21.0	 27.0	3.000	 2.0	 1.0
1	2014	224	11464.0	 21.0	 27.0	3.000	 3.0	 3.0
1	2014	225	10761.0	 22.0	 26.0	2.000	 3.0	 1.0
1	2014	226	11690.0	 21.0	 26.0	2.000	 2.0	 1.0
1	2014	227	13746.0	 20.0	 27.0	3.000	 2.0	 1.0
1	2014	228	8197.0	 22.0	 26.0	3.000	 3.0	 3.0
1	2014	229	14992.0	 22.0	 26.0	3.000	 3.0	 1.0
1	2014	230	20061.0	 22.0	 29.0	3.000	 2.0	 1.0
1	2014	231	10313.0	 21.0	 27.0	3.000	 1.0	 8.0
1	2014	232	14371.0	 22.0	 28.0	3.000	 2.0	13.0
1	2014	233	13995.0	 22.0	 27.0	3.000	 2.0	 3.0
1	2014	234	18169.0	 22.0	 28.0	3.000	 2.0	 5.0
1	2014	235	12156.0	 22.0	 28.0	3.000	 2.0	 2.0
1	2014	236	13042.0	 21.0	 27.0	3.000	 2.0	 2.0
1	2014	237	12133.0	 22.0	 27.0	3.000	 2.0	 4.0
1	2014	238	8016.0	 22.0	 26.0	3.000	 2.0	14.0
1	2014	239	14678.0	 22.0	 27.0	3.000	 2.0	 4.0
1	2014	240	13603.0	 22.0	 29.0	3.000	 1.0	 1.0
1	2014	241	6049.0	 23.0	 26.0	3.000	 2.0	 3.0
1	2014	242	9922.0	 23.0	 27.0	3.000	 3.0	 2.0
1	2014	243	16707.0	 23.0	 28.0	3.000	 3.0	 3.0
1	2014	244	13814.0	 22.0	 28.0	3.000	 3.0	 4.0
1	2014	245	12744.0	 22.0	 27.0	3.000	 3.0	 5.0
1	2014	246	18575.0	 22.0	 28.0	3.000	 2.0	 2.0
1	2014	247	13099.0	 22.0	 28.0	3.000	 2.0	 3.0
1	2014	248	12511.0	 22.0	 27.0	3.000	 2.0	26.0
1	2014	249	14323.0	 22.0	 27.0	3.000	 2.0	 3.0
1	2014	250	17789.0	 22.0	 28.0	3.000	 2.0	 1.0
1	2014	251	10122.0	 22.0	 26.0	3.000	 2.0	 8.0
1	2014	252	15582.0	 21.0	 29.0	3.000	 2.0	 5.0
1	2014	253	17683.0	 22.0	 28.0	3.000	 2.0	 2.0
1	2014	254	16552.0	 22.0	 28.0	3.000	 1.0	 1.0
1	2014	255	12241.0	 22.0	 28.0	3.000	 1.0	 9.0
1	2014	256	19175.0	 22.0	 29.0	3.000	 2.0	 2.0
1	2014	257	18756.0	 22.0	 29.0	3.000	 2.0	 4.0
1	2014	258	18304.0	 22.0	 29.0	3.000	 2.0	 4.0
1	2014	259	8972.0	 22.0	 26.0	3.000	 2.0	24.0
1	2014	260	13149.0	 22.0	 26.0	3.000	 2.0	 9.0
1	2014	261	12684.0	 22.0	 27.0	3.000	 2.0	 7.0
1	2014	262	17106.0	 22.0	 28.0	3.000	 2.0	 2.0
1	2014	263	18418.0	 22.0	 29.0	3.000	 1.0	 7.0
1	2014	264	8635.0	 22.0	 26.0	3.000	 1.0	10.0
1	2014	265	18029.0	 22.0	 29.0	3.000	 1.0	11.0
1	2014	266	17326.0	 22.0	 29.0	3.000	 2.0	 3.0
1	2014	267	13518.0	 22.0	 29.0	3.000	 2.0	 2.0
1	2014	268	15966.0	 22.0	 29.0	3.000	 1.0	11.0
1	2014	269	17332.0	 22.0	 28.0	3.000	 2.0	 5.0
1	2014	270	10664.0	 22.0	 28.0	3.000	 2.0	10.0
1	2014	271	16394.0	 22.0	 29.0	3.000	 2.0	 6.0
1	2014	272	15693.0	 22.0	 29.0	3.000	 2.0	 6.0
1	2014	273	16459.0	 22.0	 30.0	3.000	 2.0	 5.0
1	2014	274	13591.0	 22.0	 26.0	3.000	 2.0	 3.0
1	2014	275	19202.0	 22.0	 29.0	3.000	 2.0	 1.0
1	2014	276	18077.0	 22.0	 30.0	3.000	 1.0	 5.0
1	2014	277	16614.0	 22.0	 29.0	3.000	 1.0	17.0
1	2014	278	18764.0	 22.0	 28.0	3.000	 2.0	 2.0
1	2014	279	19060.0	 21.0	 29.0	3.000	 2.0	 3.0
1	2014	280	14227.0	 22.0	 29.0	3.000	 1.0	 7.0
1	2014	281	18303.0	 22.0	 29.0	3.000	 1.0	 2.0
1	2014	282	20314.0	 22.0	 30.0	3.000	 2.0	 1.0
1	2014	283	18190.0	 23.0	 30.0	3.000	 2.0	 2.0
1	2014	284	14861.0	 23.0	 29.0	3.000	 2.0	18.0
1	2014	285	7255.0	 22.0	 25.0	3.000	 2.0	15.0
1	2014	286	18294.0	 22.0	 29.0	3.000	 2.0	 9.0
1	2014	287	17399.0	 22.0	 29.0	3.000	 1.0	 8.0
1	2014	288	11446.0	 22.0	 28.0	3.000	 2.0	 1.0
1	2014	289	17960.0	 22.0	 30.0	3.000	 2.0	 1.0
1	2014	290	15484.0	 23.0	 29.0	3.000	 2.0	 2.0
1	2014	291	17916.0	 23.0	 30.0	3.000	 2.0	 4.0
1	2014	292	12659.0	 22.0	 27.0	3.000	 1.0	14.0
1	2014	293	10686.0	 22.0	 26.0	3.000	 1.0	 8.0
1	2014	294	14535.0	 22.0	 28.0	3.000	 1.0	 1.0
1	2014	295	17527.0	 22.0	 29.0	3.000	 2.0	 2.0
1	2014	296	20533.0	 22.0	 30.0	3.000	 2.0	 1.0
1	2014	297	16890.0	 23.0	 29.0	3.000	 1.0	 7.0
1	2014	298	16388.0	 22.0	 29.0	3.000	 1.0	15.0
1	2014	299	11056.0	 22.0	 27.0	3.000	 1.0	10.0
1	2014	300	14243.0	 22.0	 29.0	3.000	 2.0	 2.0
1	2014	301	18600.0	 22.0	 30.0	3.000	 1.0	 1.0
1	2014	302	14881.0	 23.0	 29.0	3.000	 1.0	 4.0
1	2014	303	14950.0	 23.0	 29.0	3.000	 2.0	 5.0
1	2014	304	14646.0	 23.0	 29.0	3.000	 2.0	 1.0
1	2014	305	19945.0	 22.0	 30.0	3.000	 2.0	 1.0
1	2014	306	18598.0	 23.0	 30.0	3.000	 1.0	 2.0
1	2014	307	18705.0	 23.0	 30.0	3.000	 1.0	 3.0
1	2014	308	15648.0	 22.0	 29.0	3.000	 1.0	 6.0
1	2014	309	12631.0	 22.0	 29.0	3.000	 1.0	11.0
1	2014	310	18688.0	 22.0	 30.0	3.000	 1.0	 0.0
1	2014	311	18709.0	 22.0	 30.0	3.000	 1.0	 2.0
1	2014	312	18028.0	 21.0	 30.0	3.000	 1.0	 3.0
1	2014	313	16150.0	 23.0	 30.0	3.000	 1.0	 5.0
1	2014	314	16055.0	 23.0	 30.0	3.000	 2.0	 8.0
1	2014	315	15905.0	 22.0	 30.0	3.000	 1.0	11.0
1	2014	316	18935.0	 22.0	 30.0	3.000	 1.0	 3.0
1	2014	317	18032.0	 22.0	 30.0	3.000	 1.0	 1.0
1	2014	318	18135.0	 23.0	 30.0	3.000	 1.0	 2.0
1	2014	319	16781.0	 22.0	 30.0	3.000	 1.0	 2.0
1	2014	320	16541.0	 23.0	 30.0	3.000	 1.0	 2.0
1	2014	321	17681.0	 23.0	 30.0	3.000	 2.0	 5.0
1	2014	322	15391.0	 23.0	 28.0	3.000	 2.0	 8.0
1	2014	323	16736.0	 22.0	 30.0	3.000	 1.0	11.0
1	2014	324	18830.0	 23.0	 30.0	3.000	 1.0	 3.0
1	2014	325	17127.0	 23.0	 30.0	3.000	 1.0	 1.0
1	2014	326	17804.0	 22.0	 30.0	3.000	 1.0	 2.0
1	2014	327	17195.0	 22.0	 30.0	3.000	 1.0	 1.0
1	2014	328	16406.0	 22.0	 30.0	3.000	 1.0	13.0
1	2014	329	15105.0	 23.0	 30.0	3.000	 2.0	 2.0
1	2014	330	14755.0	 23.0	 29.0	3.000	 1.0	 2.0
1	2014	331	13883.0	 23.0	 29.0	3.000	 1.0	22.0
1	2014	332	11996.0	 22.0	 28.0	3.000	 1.0	 1.0
1	2014	333	18025.0	 22.0	 30.0	3.000	 1.0	 1.0
1	2014	334	18254.0	 22.0	 30.0	3.000	 1.0	 1.0
1	2014	335	17198.0	 23.0	 30.0	3.000	 2.0	 5.0
1	2014	336	14779.0	 23.0	 30.0	3.000	 2.0	 1.0
1	2014	337	15920.0	 23.0	 30.0	3.000	 2.0	 2.0
1	2014	338	15649.0	 23.0	 29.0	3.000	 1.0	 2.0
1	2014	339	15303.0	 22.0	 28.0	3.000	 1.0	 2.0
1	2014	340	13677.0	 22.0	 29.0	3.000	 1.0	 8.0
1	2014	341	15656.0	 22.0	 29.0	3.000	 2.0	 2.0
1	2014	342	15243.0	 22.0	 29.0	3.000	 2.0	 1.0
1	2014	343	15878.0	 23.0	 30.0	3.000	 2.0	 3.0
1	2014	344	13742.0	 23.0	 29.0	3.000	 2.0	 1.0
1	2014	345	16776.0	 23.0	 30.0	3.000	 1.0	 2.0
1	2014	346	13730.0	 22.0	 28.0	3.000	 1.0	14.0
1	2014	347	13540.0	 23.0	 29.0	3.000	 1.0	 3.0
1	2014	348	13338.0	 23.0	 29.0	3.000	 1.0	 9.0
1	2014	349	15857.0	 23.0	 30.0	3.000	 2.0	 3.0
1	2014	350	17395.0	 23.0	 30.0	3.000	 1.0	 1.0
1	2014	351	15436.0	 22.0	 30.0	3.000	 1.0	 1.0
1	2014	352	16709.0	 22.0	 30.0	3.000	 1.0	 1.0
1	2014	353	17588.0	 22.0	 30.0	3.000	 1.0	 1.0
1	2014	354	18147.0	 22.0	 30.0	3.000	 1.0	 1.0
1	2014	355	15558.0	 23.0	 30.0	3.000	 1.0	10.0
1	2014	356	14952.0	 23.0	 29.0	3.000	 1.0	 9.0
1	2014	357	17418.0	 22.0	 30.0	3.000	 1.0	 5.0
1	2014	358	16704.0	 22.0	 29.0	3.000	 1.0	 2.0
1	2014	359	18250.0	 23.0	 31.0	3.000	 1.0	 0.0
1	2014	360	19631.0	 22.0	 30.0	3.000	 1.0	 0.0
1	2014	361	20221.0	 21.0	 31.0	2.000	 1.0	 0.0
1	2014	362	22289.0	 18.0	 31.0	2.000	 0.0	 0.0
1	2014	363	20864.0	 21.0	 31.0	2.000	 1.0	 0.0
1	2014	364	19475.0	 22.0	 31.0	3.000	 1.0	 0.0
1	2014	365	20813.0	 22.0	 32.0	2.000	 1.0	 0.0
