*---------------------------------------------------
* Station: Central
* Year: 2015
* Origin: ERA5-Reanalysis
* Columns & units
* ===================
* 1. station number
* 2. year
* 3. Day of Year
* 4. Irradiance   (kJ路m-2路d-1)
* 5. Daily minimum temperature (degC)
* 6. Daily maximum temperature (degC)
* 7. Vapour pressure (kPa)
* 8. Mean wind speed (m路s-1)
* 9. Precipitation (mm路d-1)
** WCCDESCRIPTION=Central
** WCCFORMAT=2
** WCCYEARNR=2015
*------------------------------------------------------------*
-1.22  5.57  116.00 -0.18  -0.55
1	2015	1	20265.0	 22.0	 31.0	2.000	 1.0	 0.0
1	2015	2	22609.0	 20.0	 32.0	2.000	 1.0	 0.0
1	2015	3	18123.0	 21.0	 30.0	3.000	 1.0	 2.0
1	2015	4	18075.0	 22.0	 31.0	3.000	 1.0	 1.0
1	2015	5	19403.0	 21.0	 31.0	2.000	 0.0	 0.0
1	2015	6	21252.0	 21.0	 31.0	2.000	 1.0	 0.0
1	2015	7	20252.0	 21.0	 32.0	2.000	 1.0	 0.0
1	2015	8	19460.0	 22.0	 31.0	2.000	 1.0	 0.0
1	2015	9	21629.0	 21.0	 32.0	2.000	 1.0	 0.0
1	2015	10	22450.0	 19.0	 32.0	2.000	 1.0	 0.0
1	2015	11	23194.0	 17.0	 32.0	2.000	 1.0	 0.0
1	2015	12	23346.0	 17.0	 33.0	2.000	 1.0	 0.0
1	2015	13	23587.0	 16.0	 32.0	2.000	 1.0	 0.0
1	2015	14	23262.0	 16.0	 32.0	2.000	 2.0	 0.0
1	2015	15	20687.0	 19.0	 32.0	2.000	 1.0	 0.0
1	2015	16	20728.0	 20.0	 33.0	2.000	 1.0	 0.0
1	2015	17	19685.0	 22.0	 33.0	3.000	 1.0	 0.0
1	2015	18	18708.0	 22.0	 33.0	3.000	 2.0	 0.0
1	2015	19	18021.0	 24.0	 32.0	3.000	 2.0	 1.0
1	2015	20	18313.0	 23.0	 32.0	3.000	 2.0	 2.0
1	2015	21	18860.0	 23.0	 32.0	3.000	 2.0	 1.0
1	2015	22	19616.0	 23.0	 33.0	3.000	 1.0	 1.0
1	2015	23	19127.0	 24.0	 33.0	3.000	 2.0	 3.0
1	2015	24	17407.0	 24.0	 31.0	3.000	 2.0	 5.0
1	2015	25	16376.0	 24.0	 30.0	3.000	 2.0	 4.0
1	2015	26	15950.0	 23.0	 31.0	3.000	 2.0	15.0
1	2015	27	15101.0	 23.0	 30.0	3.000	 2.0	 2.0
1	2015	28	19873.0	 24.0	 33.0	3.000	 2.0	 1.0
1	2015	29	19574.0	 24.0	 32.0	3.000	 2.0	 0.0
1	2015	30	18193.0	 23.0	 32.0	3.000	 2.0	 4.0
1	2015	31	15533.0	 23.0	 31.0	3.000	 2.0	 7.0
1	2015	32	14821.0	 23.0	 31.0	3.000	 1.0	 4.0
1	2015	33	16373.0	 23.0	 31.0	3.000	 2.0	 1.0
1	2015	34	15006.0	 24.0	 31.0	3.000	 2.0	 1.0
1	2015	35	15497.0	 24.0	 31.0	3.000	 2.0	 5.0
1	2015	36	16616.0	 24.0	 31.0	3.000	 2.0	 2.0
1	2015	37	16248.0	 24.0	 31.0	3.000	 2.0	 1.0
1	2015	38	14853.0	 24.0	 30.0	3.000	 2.0	10.0
1	2015	39	15486.0	 23.0	 30.0	3.000	 2.0	 2.0
1	2015	40	17758.0	 24.0	 31.0	3.000	 2.0	 1.0
1	2015	41	19137.0	 24.0	 32.0	3.000	 2.0	 1.0
1	2015	42	16174.0	 24.0	 31.0	3.000	 1.0	 6.0
1	2015	43	11267.0	 23.0	 28.0	3.000	 2.0	 5.0
1	2015	44	16378.0	 23.0	 31.0	3.000	 2.0	 1.0
1	2015	45	17076.0	 24.0	 31.0	3.000	 2.0	 6.0
1	2015	46	18141.0	 23.0	 31.0	3.000	 2.0	 2.0
1	2015	47	17349.0	 24.0	 31.0	3.000	 2.0	 6.0
1	2015	48	15720.0	 23.0	 30.0	3.000	 2.0	 4.0
1	2015	49	15189.0	 24.0	 29.0	3.000	 2.0	 9.0
1	2015	50	12618.0	 23.0	 29.0	3.000	 2.0	 8.0
1	2015	51	17980.0	 23.0	 31.0	3.000	 1.0	 1.0
1	2015	52	19930.0	 23.0	 31.0	3.000	 2.0	 5.0
1	2015	53	17656.0	 24.0	 31.0	3.000	 2.0	 4.0
1	2015	54	14398.0	 23.0	 30.0	3.000	 1.0	 2.0
1	2015	55	21620.0	 24.0	 33.0	3.000	 1.0	 0.0
1	2015	56	20252.0	 24.0	 32.0	3.000	 2.0	 0.0
1	2015	57	17632.0	 24.0	 31.0	3.000	 2.0	 2.0
1	2015	58	17959.0	 24.0	 31.0	3.000	 1.0	 4.0
1	2015	59	19504.0	 23.0	 31.0	3.000	 1.0	 7.0
1	2015	60	19297.0	 23.0	 33.0	3.000	 1.0	 0.0
1	2015	61	22289.0	 24.0	 33.0	3.000	 2.0	 0.0
1	2015	62	19060.0	 25.0	 32.0	3.000	 2.0	 3.0
1	2015	63	17691.0	 24.0	 31.0	3.000	 2.0	 4.0
1	2015	64	19231.0	 23.0	 32.0	3.000	 1.0	 2.0
1	2015	65	18661.0	 23.0	 32.0	3.000	 1.0	 8.0
1	2015	66	19723.0	 24.0	 31.0	3.000	 2.0	 3.0
1	2015	67	19840.0	 24.0	 32.0	3.000	 2.0	 2.0
1	2015	68	18846.0	 24.0	 32.0	3.000	 2.0	 2.0
1	2015	69	18956.0	 24.0	 32.0	3.000	 2.0	 2.0
1	2015	70	19006.0	 24.0	 32.0	3.000	 2.0	 3.0
1	2015	71	17780.0	 24.0	 32.0	3.000	 2.0	 9.0
1	2015	72	18737.0	 24.0	 31.0	3.000	 1.0	 5.0
1	2015	73	18705.0	 24.0	 32.0	3.000	 1.0	 4.0
1	2015	74	16183.0	 24.0	 30.0	3.000	 2.0	 3.0
1	2015	75	15977.0	 25.0	 31.0	3.000	 2.0	10.0
1	2015	76	17042.0	 24.0	 31.0	3.000	 2.0	15.0
1	2015	77	20685.0	 23.0	 32.0	3.000	 1.0	 4.0
1	2015	78	21063.0	 24.0	 32.0	3.000	 2.0	 6.0
1	2015	79	16062.0	 24.0	 30.0	3.000	 2.0	 9.0
1	2015	80	18756.0	 23.0	 31.0	3.000	 2.0	 7.0
1	2015	81	13246.0	 23.0	 30.0	3.000	 1.0	 0.0
1	2015	82	22326.0	 23.0	 32.0	3.000	 2.0	 1.0
1	2015	83	19340.0	 24.0	 31.0	3.000	 2.0	 3.0
1	2015	84	14353.0	 24.0	 30.0	3.000	 2.0	14.0
1	2015	85	15884.0	 24.0	 30.0	3.000	 1.0	 3.0
1	2015	86	16870.0	 23.0	 31.0	3.000	 2.0	 1.0
1	2015	87	14563.0	 24.0	 30.0	3.000	 2.0	 0.0
1	2015	88	19832.0	 24.0	 32.0	3.000	 2.0	 2.0
1	2015	89	18868.0	 24.0	 30.0	3.000	 2.0	13.0
1	2015	90	18298.0	 22.0	 31.0	3.000	 1.0	26.0
1	2015	91	10677.0	 22.0	 28.0	3.000	 1.0	 8.0
1	2015	92	11466.0	 23.0	 29.0	3.000	 1.0	 0.0
1	2015	93	16097.0	 23.0	 31.0	3.000	 2.0	 1.0
1	2015	94	17494.0	 24.0	 30.0	3.000	 2.0	 4.0
1	2015	95	18346.0	 24.0	 30.0	3.000	 2.0	 4.0
1	2015	96	22062.0	 23.0	 31.0	3.000	 2.0	 1.0
1	2015	97	21677.0	 23.0	 31.0	3.000	 1.0	 5.0
1	2015	98	17804.0	 24.0	 31.0	3.000	 2.0	15.0
1	2015	99	17200.0	 23.0	 30.0	3.000	 1.0	13.0
1	2015	100	20298.0	 24.0	 32.0	3.000	 2.0	 5.0
1	2015	101	18682.0	 24.0	 31.0	3.000	 2.0	11.0
1	2015	102	6820.0	 23.0	 27.0	3.000	 1.0	 3.0
1	2015	103	22326.0	 22.0	 31.0	3.000	 1.0	 0.0
1	2015	104	20640.0	 23.0	 32.0	3.000	 1.0	 2.0
1	2015	105	20526.0	 24.0	 31.0	3.000	 2.0	 4.0
1	2015	106	21949.0	 23.0	 32.0	3.000	 2.0	 3.0
1	2015	107	22329.0	 23.0	 32.0	3.000	 2.0	 1.0
1	2015	108	19558.0	 23.0	 31.0	3.000	 1.0	 2.0
1	2015	109	21384.0	 24.0	 32.0	3.000	 2.0	 3.0
1	2015	110	20535.0	 23.0	 31.0	3.000	 2.0	 2.0
1	2015	111	21967.0	 23.0	 32.0	3.000	 2.0	 1.0
1	2015	112	21071.0	 24.0	 31.0	3.000	 2.0	 5.0
1	2015	113	21522.0	 23.0	 32.0	3.000	 2.0	 0.0
1	2015	114	16115.0	 24.0	 30.0	3.000	 2.0	 7.0
1	2015	115	19062.0	 23.0	 31.0	3.000	 2.0	 2.0
1	2015	116	21612.0	 24.0	 31.0	3.000	 2.0	 1.0
1	2015	117	21672.0	 23.0	 32.0	3.000	 1.0	 3.0
1	2015	118	18315.0	 23.0	 31.0	3.000	 2.0	 4.0
1	2015	119	19943.0	 24.0	 32.0	3.000	 2.0	 1.0
1	2015	120	21105.0	 23.0	 32.0	3.000	 2.0	 2.0
1	2015	121	17345.0	 23.0	 31.0	3.000	 2.0	10.0
1	2015	122	19025.0	 23.0	 31.0	3.000	 2.0	 3.0
1	2015	123	19188.0	 24.0	 30.0	3.000	 2.0	 7.0
1	2015	124	14398.0	 23.0	 30.0	3.000	 1.0	 8.0
1	2015	125	14667.0	 23.0	 29.0	3.000	 1.0	 6.0
1	2015	126	16582.0	 23.0	 30.0	3.000	 1.0	10.0
1	2015	127	20945.0	 22.0	 31.0	3.000	 2.0	 1.0
1	2015	128	20743.0	 24.0	 31.0	3.000	 2.0	 2.0
1	2015	129	20312.0	 23.0	 31.0	3.000	 2.0	 3.0
1	2015	130	20836.0	 23.0	 32.0	3.000	 2.0	 5.0
1	2015	131	19208.0	 24.0	 31.0	3.000	 2.0	 5.0
1	2015	132	17934.0	 23.0	 30.0	3.000	 1.0	 5.0
1	2015	133	19301.0	 23.0	 31.0	3.000	 1.0	 2.0
1	2015	134	17052.0	 24.0	 31.0	3.000	 1.0	12.0
1	2015	135	13404.0	 23.0	 29.0	3.000	 1.0	14.0
1	2015	136	19810.0	 23.0	 31.0	3.000	 1.0	 9.0
1	2015	137	17434.0	 24.0	 31.0	3.000	 2.0	 3.0
1	2015	138	16810.0	 24.0	 30.0	3.000	 2.0	 3.0
1	2015	139	15542.0	 23.0	 30.0	3.000	 2.0	 3.0
1	2015	140	17070.0	 23.0	 30.0	3.000	 1.0	 4.0
1	2015	141	20581.0	 23.0	 31.0	3.000	 1.0	 2.0
1	2015	142	15291.0	 24.0	 29.0	3.000	 2.0	10.0
1	2015	143	10354.0	 23.0	 28.0	3.000	 1.0	 8.0
1	2015	144	12655.0	 22.0	 28.0	3.000	 1.0	 3.0
1	2015	145	15256.0	 22.0	 29.0	3.000	 2.0	 1.0
1	2015	146	17620.0	 23.0	 30.0	3.000	 2.0	 2.0
1	2015	147	12929.0	 23.0	 28.0	3.000	 1.0	 4.0
1	2015	148	9001.0	 23.0	 28.0	3.000	 1.0	13.0
1	2015	149	14136.0	 23.0	 29.0	3.000	 1.0	11.0
1	2015	150	18673.0	 23.0	 29.0	3.000	 2.0	 5.0
1	2015	151	10229.0	 23.0	 27.0	3.000	 2.0	16.0
1	2015	152	12975.0	 23.0	 27.0	3.000	 2.0	13.0
1	2015	153	11518.0	 23.0	 27.0	3.000	 1.0	 5.0
1	2015	154	11089.0	 23.0	 27.0	3.000	 1.0	 8.0
1	2015	155	7762.0	 23.0	 26.0	3.000	 2.0	 9.0
1	2015	156	11177.0	 22.0	 27.0	3.000	 2.0	14.0
1	2015	157	13475.0	 22.0	 27.0	3.000	 1.0	15.0
1	2015	158	13889.0	 22.0	 28.0	3.000	 2.0	 6.0
1	2015	159	8099.0	 23.0	 26.0	3.000	 2.0	 9.0
1	2015	160	9352.0	 22.0	 26.0	3.000	 2.0	 5.0
1	2015	161	14058.0	 22.0	 27.0	3.000	 2.0	10.0
1	2015	162	17072.0	 22.0	 29.0	3.000	 1.0	 1.0
1	2015	163	17495.0	 22.0	 29.0	3.000	 2.0	 3.0
1	2015	164	14170.0	 23.0	 27.0	3.000	 2.0	 2.0
1	2015	165	15117.0	 23.0	 28.0	3.000	 2.0	20.0
1	2015	166	12851.0	 22.0	 27.0	3.000	 2.0	11.0
1	2015	167	10464.0	 23.0	 27.0	3.000	 2.0	 1.0
1	2015	168	14184.0	 23.0	 28.0	3.000	 2.0	 1.0
1	2015	169	12648.0	 23.0	 27.0	3.000	 3.0	 2.0
1	2015	170	16730.0	 23.0	 29.0	3.000	 2.0	 6.0
1	2015	171	15472.0	 23.0	 28.0	3.000	 2.0	 4.0
1	2015	172	10033.0	 22.0	 27.0	3.000	 2.0	 4.0
1	2015	173	6471.0	 22.0	 25.0	3.000	 2.0	 1.0
1	2015	174	15383.0	 22.0	 27.0	3.000	 2.0	 2.0
1	2015	175	16228.0	 22.0	 27.0	3.000	 2.0	 2.0
1	2015	176	15425.0	 22.0	 28.0	3.000	 2.0	 9.0
1	2015	177	12159.0	 23.0	 27.0	3.000	 2.0	 7.0
1	2015	178	17363.0	 22.0	 28.0	3.000	 2.0	 4.0
1	2015	179	8441.0	 22.0	 25.0	3.000	 2.0	12.0
1	2015	180	10601.0	 22.0	 26.0	3.000	 2.0	12.0
1	2015	181	14227.0	 22.0	 28.0	3.000	 2.0	 9.0
1	2015	182	15654.0	 22.0	 29.0	3.000	 2.0	 4.0
1	2015	183	15831.0	 23.0	 28.0	3.000	 2.0	 4.0
1	2015	184	10190.0	 23.0	 27.0	3.000	 2.0	17.0
1	2015	185	13994.0	 23.0	 28.0	3.000	 2.0	 1.0
1	2015	186	17208.0	 22.0	 29.0	3.000	 2.0	 2.0
1	2015	187	15519.0	 22.0	 28.0	3.000	 2.0	 2.0
1	2015	188	17890.0	 21.0	 29.0	3.000	 1.0	 1.0
1	2015	189	18110.0	 22.0	 29.0	3.000	 2.0	 5.0
1	2015	190	16979.0	 23.0	 28.0	3.000	 2.0	 6.0
1	2015	191	14166.0	 23.0	 29.0	3.000	 1.0	 8.0
1	2015	192	15786.0	 22.0	 29.0	3.000	 1.0	 6.0
1	2015	193	14632.0	 22.0	 28.0	3.000	 2.0	15.0
1	2015	194	17541.0	 22.0	 28.0	3.000	 2.0	 8.0
1	2015	195	17157.0	 22.0	 29.0	3.000	 2.0	 5.0
1	2015	196	15640.0	 23.0	 28.0	3.000	 2.0	 7.0
1	2015	197	4925.0	 22.0	 24.0	3.000	 2.0	 6.0
1	2015	198	17113.0	 21.0	 28.0	3.000	 1.0	 2.0
1	2015	199	12873.0	 23.0	 28.0	3.000	 2.0	 3.0
1	2015	200	14996.0	 23.0	 28.0	3.000	 3.0	 2.0
1	2015	201	16587.0	 22.0	 28.0	3.000	 3.0	 3.0
1	2015	202	14203.0	 22.0	 27.0	3.000	 3.0	 1.0
1	2015	203	17907.0	 22.0	 28.0	3.000	 2.0	 1.0
1	2015	204	14488.0	 22.0	 27.0	3.000	 2.0	 1.0
1	2015	205	14480.0	 21.0	 27.0	3.000	 2.0	 2.0
1	2015	206	16407.0	 22.0	 27.0	3.000	 2.0	 3.0
1	2015	207	13770.0	 21.0	 27.0	3.000	 2.0	 1.0
1	2015	208	13871.0	 21.0	 27.0	2.000	 3.0	 1.0
1	2015	209	12000.0	 21.0	 26.0	2.000	 3.0	 1.0
1	2015	210	15731.0	 22.0	 27.0	2.000	 2.0	 1.0
1	2015	211	8716.0	 20.0	 26.0	2.000	 2.0	 1.0
1	2015	212	14455.0	 22.0	 27.0	3.000	 2.0	 2.0
1	2015	213	14242.0	 21.0	 27.0	3.000	 2.0	 2.0
1	2015	214	14837.0	 22.0	 28.0	3.000	 2.0	 2.0
1	2015	215	17246.0	 22.0	 28.0	3.000	 3.0	 3.0
1	2015	216	9626.0	 22.0	 26.0	3.000	 3.0	 1.0
1	2015	217	11014.0	 22.0	 27.0	3.000	 2.0	 1.0
1	2015	218	15417.0	 21.0	 28.0	3.000	 2.0	 2.0
1	2015	219	14705.0	 22.0	 28.0	3.000	 2.0	 7.0
1	2015	220	15931.0	 23.0	 28.0	3.000	 3.0	 1.0
1	2015	221	13489.0	 21.0	 28.0	3.000	 2.0	 2.0
1	2015	222	10338.0	 23.0	 27.0	3.000	 3.0	 7.0
1	2015	223	17426.0	 22.0	 27.0	3.000	 3.0	 2.0
1	2015	224	18014.0	 22.0	 30.0	3.000	 2.0	 2.0
1	2015	225	16756.0	 22.0	 29.0	3.000	 2.0	 4.0
1	2015	226	7289.0	 23.0	 26.0	3.000	 2.0	 2.0
1	2015	227	8625.0	 23.0	 25.0	3.000	 2.0	 2.0
1	2015	228	12066.0	 22.0	 28.0	3.000	 2.0	 2.0
1	2015	229	13506.0	 22.0	 28.0	3.000	 2.0	 2.0
1	2015	230	10751.0	 23.0	 27.0	3.000	 2.0	 4.0
1	2015	231	9853.0	 22.0	 27.0	3.000	 2.0	 5.0
1	2015	232	12447.0	 22.0	 27.0	3.000	 2.0	 2.0
1	2015	233	10096.0	 23.0	 27.0	3.000	 2.0	13.0
1	2015	234	8875.0	 22.0	 27.0	3.000	 2.0	 1.0
1	2015	235	12646.0	 21.0	 28.0	3.000	 2.0	 1.0
1	2015	236	12589.0	 22.0	 28.0	3.000	 2.0	 3.0
1	2015	237	15347.0	 22.0	 29.0	3.000	 3.0	 1.0
1	2015	238	17374.0	 22.0	 29.0	3.000	 2.0	 1.0
1	2015	239	10637.0	 22.0	 27.0	3.000	 2.0	 4.0
1	2015	240	16509.0	 23.0	 28.0	3.000	 2.0	 3.0
1	2015	241	19326.0	 22.0	 28.0	3.000	 3.0	 3.0
1	2015	242	18592.0	 22.0	 28.0	3.000	 2.0	 2.0
1	2015	243	16640.0	 22.0	 28.0	3.000	 3.0	 2.0
1	2015	244	4296.0	 22.0	 24.0	3.000	 2.0	 1.0
1	2015	245	13385.0	 22.0	 27.0	3.000	 3.0	 2.0
1	2015	246	15022.0	 22.0	 29.0	3.000	 2.0	 1.0
1	2015	247	14717.0	 22.0	 28.0	3.000	 2.0	 1.0
1	2015	248	13938.0	 23.0	 28.0	3.000	 2.0	 2.0
1	2015	249	6457.0	 22.0	 25.0	3.000	 2.0	 3.0
1	2015	250	13166.0	 22.0	 28.0	3.000	 2.0	 2.0
1	2015	251	11817.0	 22.0	 27.0	3.000	 2.0	 2.0
1	2015	252	17130.0	 23.0	 29.0	3.000	 2.0	 1.0
1	2015	253	13525.0	 22.0	 28.0	3.000	 2.0	 1.0
1	2015	254	16794.0	 22.0	 30.0	3.000	 1.0	 5.0
1	2015	255	18937.0	 22.0	 29.0	3.000	 2.0	 2.0
1	2015	256	14941.0	 22.0	 27.0	3.000	 3.0	 3.0
1	2015	257	16523.0	 22.0	 28.0	3.000	 2.0	 1.0
1	2015	258	10472.0	 22.0	 26.0	3.000	 2.0	 6.0
1	2015	259	13765.0	 22.0	 28.0	3.000	 3.0	 4.0
1	2015	260	8859.0	 23.0	 27.0	3.000	 2.0	 0.0
1	2015	261	15941.0	 22.0	 29.0	3.000	 3.0	 2.0
1	2015	262	13726.0	 23.0	 28.0	3.000	 2.0	 1.0
1	2015	263	15159.0	 22.0	 29.0	3.000	 2.0	 7.0
1	2015	264	14115.0	 22.0	 28.0	3.000	 2.0	 2.0
1	2015	265	18656.0	 22.0	 29.0	3.000	 2.0	 9.0
1	2015	266	16940.0	 22.0	 29.0	3.000	 2.0	 5.0
1	2015	267	16041.0	 23.0	 29.0	3.000	 1.0	 6.0
1	2015	268	11271.0	 23.0	 28.0	3.000	 2.0	10.0
1	2015	269	18728.0	 22.0	 29.0	3.000	 2.0	 2.0
1	2015	270	19835.0	 23.0	 30.0	3.000	 2.0	 2.0
1	2015	271	16919.0	 23.0	 29.0	3.000	 2.0	19.0
1	2015	272	17392.0	 23.0	 29.0	3.000	 2.0	 2.0
1	2015	273	14676.0	 23.0	 29.0	3.000	 2.0	 5.0
1	2015	274	11080.0	 23.0	 27.0	3.000	 2.0	 1.0
1	2015	275	16979.0	 22.0	 29.0	3.000	 2.0	 3.0
1	2015	276	16559.0	 23.0	 29.0	3.000	 2.0	 8.0
1	2015	277	18081.0	 23.0	 30.0	3.000	 1.0	 4.0
1	2015	278	16672.0	 23.0	 29.0	3.000	 2.0	 3.0
1	2015	279	15638.0	 23.0	 29.0	3.000	 1.0	13.0
1	2015	280	13929.0	 23.0	 28.0	3.000	 2.0	23.0
1	2015	281	16879.0	 22.0	 30.0	3.000	 1.0	 9.0
1	2015	282	15392.0	 23.0	 29.0	3.000	 2.0	16.0
1	2015	283	18296.0	 22.0	 29.0	3.000	 1.0	 7.0
1	2015	284	19441.0	 23.0	 30.0	3.000	 1.0	 3.0
1	2015	285	20292.0	 22.0	 30.0	3.000	 1.0	 2.0
1	2015	286	20956.0	 23.0	 30.0	3.000	 1.0	 5.0
1	2015	287	14097.0	 23.0	 28.0	3.000	 1.0	10.0
1	2015	288	18770.0	 23.0	 30.0	3.000	 1.0	 2.0
1	2015	289	18438.0	 23.0	 30.0	3.000	 1.0	 6.0
1	2015	290	16437.0	 24.0	 30.0	3.000	 2.0	 3.0
1	2015	291	17978.0	 23.0	 30.0	3.000	 1.0	 4.0
1	2015	292	18848.0	 23.0	 30.0	3.000	 1.0	 6.0
1	2015	293	17908.0	 23.0	 30.0	3.000	 2.0	 6.0
1	2015	294	14864.0	 23.0	 29.0	3.000	 1.0	10.0
1	2015	295	12216.0	 23.0	 29.0	3.000	 1.0	11.0
1	2015	296	18473.0	 23.0	 30.0	3.000	 1.0	 4.0
1	2015	297	17692.0	 23.0	 30.0	3.000	 2.0	 2.0
1	2015	298	16470.0	 23.0	 30.0	3.000	 1.0	13.0
1	2015	299	19802.0	 22.0	 30.0	3.000	 1.0	 4.0
1	2015	300	18018.0	 23.0	 31.0	3.000	 1.0	10.0
1	2015	301	16303.0	 23.0	 30.0	3.000	 1.0	 4.0
1	2015	302	18611.0	 23.0	 30.0	3.000	 2.0	 1.0
1	2015	303	16409.0	 23.0	 30.0	3.000	 1.0	 5.0
1	2015	304	13305.0	 22.0	 29.0	3.000	 1.0	24.0
1	2015	305	10402.0	 22.0	 27.0	3.000	 1.0	10.0
1	2015	306	13160.0	 22.0	 29.0	3.000	 1.0	12.0
1	2015	307	17932.0	 22.0	 30.0	3.000	 1.0	 6.0
1	2015	308	17781.0	 22.0	 30.0	3.000	 1.0	 1.0
1	2015	309	17757.0	 23.0	 30.0	3.000	 1.0	 5.0
1	2015	310	18309.0	 22.0	 30.0	3.000	 1.0	 3.0
1	2015	311	16028.0	 22.0	 29.0	3.000	 1.0	12.0
1	2015	312	16512.0	 22.0	 30.0	3.000	 1.0	13.0
1	2015	313	15325.0	 22.0	 29.0	3.000	 1.0	11.0
1	2015	314	18425.0	 22.0	 30.0	3.000	 1.0	 2.0
1	2015	315	17873.0	 22.0	 30.0	3.000	 1.0	 3.0
1	2015	316	17934.0	 22.0	 30.0	3.000	 1.0	 5.0
1	2015	317	17489.0	 23.0	 30.0	3.000	 1.0	 3.0
1	2015	318	16079.0	 23.0	 30.0	3.000	 2.0	 2.0
1	2015	319	17246.0	 23.0	 30.0	3.000	 2.0	 1.0
1	2015	320	18398.0	 23.0	 31.0	3.000	 1.0	 2.0
1	2015	321	14417.0	 22.0	 29.0	3.000	 1.0	23.0
1	2015	322	16978.0	 22.0	 29.0	3.000	 1.0	 2.0
1	2015	323	17902.0	 22.0	 30.0	3.000	 1.0	 3.0
1	2015	324	16734.0	 23.0	 30.0	3.000	 1.0	 1.0
1	2015	325	16618.0	 23.0	 30.0	3.000	 1.0	 1.0
1	2015	326	16233.0	 22.0	 30.0	3.000	 1.0	 1.0
1	2015	327	15266.0	 23.0	 30.0	3.000	 1.0	14.0
1	2015	328	15584.0	 23.0	 29.0	3.000	 1.0	 6.0
1	2015	329	15784.0	 23.0	 30.0	3.000	 1.0	 7.0
1	2015	330	15216.0	 24.0	 29.0	3.000	 1.0	12.0
1	2015	331	15760.0	 23.0	 30.0	3.000	 1.0	 6.0
1	2015	332	16470.0	 23.0	 30.0	3.000	 1.0	 3.0
1	2015	333	17886.0	 22.0	 31.0	3.000	 1.0	 1.0
1	2015	334	17394.0	 23.0	 31.0	3.000	 1.0	 2.0
1	2015	335	17358.0	 23.0	 31.0	3.000	 1.0	 1.0
1	2015	336	16075.0	 24.0	 30.0	3.000	 1.0	 2.0
1	2015	337	14951.0	 23.0	 28.0	3.000	 0.0	22.0
1	2015	338	13055.0	 23.0	 29.0	3.000	 1.0	 0.0
1	2015	339	20900.0	 22.0	 31.0	3.000	 1.0	 0.0
1	2015	340	20615.0	 22.0	 31.0	3.000	 0.0	 0.0
1	2015	341	19055.0	 22.0	 31.0	3.000	 0.0	 0.0
1	2015	342	20619.0	 22.0	 31.0	3.000	 0.0	 0.0
1	2015	343	19724.0	 21.0	 30.0	3.000	 1.0	 0.0
1	2015	344	20907.0	 21.0	 31.0	3.000	 0.0	 0.0
1	2015	345	21290.0	 21.0	 32.0	3.000	 1.0	 0.0
1	2015	346	19279.0	 23.0	 31.0	3.000	 1.0	 0.0
1	2015	347	18555.0	 24.0	 31.0	3.000	 1.0	 0.0
1	2015	348	18356.0	 23.0	 30.0	3.000	 1.0	 1.0
1	2015	349	21662.0	 22.0	 32.0	3.000	 0.0	 0.0
1	2015	350	21591.0	 21.0	 31.0	2.000	 0.0	 0.0
1	2015	351	21252.0	 19.0	 31.0	2.000	 0.0	 0.0
1	2015	352	21359.0	 21.0	 31.0	2.000	 0.0	 0.0
1	2015	353	20889.0	 22.0	 31.0	2.000	 0.0	 0.0
1	2015	354	18118.0	 22.0	 31.0	3.000	 0.0	 0.0
1	2015	355	20177.0	 22.0	 31.0	3.000	 0.0	 0.0
1	2015	356	20524.0	 21.0	 32.0	3.000	 0.0	 0.0
1	2015	357	20918.0	 22.0	 32.0	2.000	 1.0	 0.0
1	2015	358	21500.0	 21.0	 32.0	2.000	 1.0	 0.0
1	2015	359	18123.0	 21.0	 32.0	2.000	 1.0	 0.0
1	2015	360	22252.0	 18.0	 32.0	2.000	 1.0	 0.0
1	2015	361	22365.0	 19.0	 33.0	2.000	 0.0	 0.0
1	2015	362	22192.0	 20.0	 33.0	2.000	 1.0	 0.0
1	2015	363	22363.0	 19.0	 33.0	2.000	 0.0	 0.0
1	2015	364	19423.0	 22.0	 32.0	3.000	 1.0	 0.0
1	2015	365	17985.0	 23.0	 32.0	3.000	 1.0	 0.0
