*---------------------------------------------------
* Station: Central
* Year: 2013
* Origin: ERA5-Reanalysis
* Columns & units
* ===================
* 1. station number
* 2. year
* 3. Day of Year
* 4. Irradiance   (kJ路m-2路d-1)
* 5. Daily minimum temperature (degC)
* 6. Daily maximum temperature (degC)
* 7. Vapour pressure (kPa)
* 8. Mean wind speed (m路s-1)
* 9. Precipitation (mm路d-1)
** WCCDESCRIPTION=Central
** WCCFORMAT=2
** WCCYEARNR=2013
*------------------------------------------------------------*
-1.22  5.57  116.00 -0.18  -0.55
1	2013	1	21261.0	 23.0	 32.0	2.000	 0.0	 0.0
1	2013	2	21874.0	 21.0	 32.0	2.000	 0.0	 0.0
1	2013	3	21017.0	 21.0	 32.0	2.000	 0.0	 0.0
1	2013	4	21383.0	 22.0	 33.0	2.000	 1.0	 0.0
1	2013	5	21476.0	 23.0	 32.0	2.000	 1.0	 0.0
1	2013	6	22480.0	 20.0	 32.0	2.000	 1.0	 0.0
1	2013	7	21900.0	 21.0	 32.0	2.000	 1.0	 0.0
1	2013	8	22003.0	 20.0	 33.0	2.000	 1.0	 0.0
1	2013	9	17767.0	 23.0	 31.0	3.000	 1.0	 3.0
1	2013	10	17398.0	 23.0	 32.0	3.000	 1.0	 0.0
1	2013	11	18046.0	 24.0	 32.0	3.000	 1.0	 0.0
1	2013	12	19460.0	 24.0	 33.0	3.000	 1.0	 0.0
1	2013	13	19693.0	 23.0	 33.0	3.000	 1.0	 0.0
1	2013	14	17642.0	 23.0	 32.0	3.000	 1.0	 0.0
1	2013	15	19749.0	 23.0	 33.0	3.000	 1.0	 0.0
1	2013	16	20874.0	 25.0	 34.0	3.000	 1.0	 0.0
1	2013	17	20162.0	 25.0	 33.0	3.000	 1.0	 0.0
1	2013	18	19313.0	 24.0	 33.0	3.000	 2.0	 0.0
1	2013	19	18607.0	 24.0	 32.0	3.000	 2.0	 2.0
1	2013	20	18176.0	 24.0	 33.0	3.000	 2.0	 1.0
1	2013	21	18461.0	 25.0	 33.0	3.000	 2.0	 1.0
1	2013	22	16210.0	 25.0	 31.0	3.000	 2.0	 3.0
1	2013	23	12446.0	 24.0	 30.0	3.000	 2.0	 3.0
1	2013	24	16774.0	 24.0	 32.0	3.000	 2.0	 2.0
1	2013	25	15676.0	 23.0	 32.0	3.000	 1.0	 1.0
1	2013	26	12350.0	 24.0	 31.0	3.000	 2.0	 6.0
1	2013	27	17089.0	 24.0	 31.0	3.000	 2.0	 1.0
1	2013	28	21311.0	 23.0	 34.0	2.000	 1.0	 0.0
1	2013	29	18522.0	 22.0	 32.0	3.000	 1.0	 0.0
1	2013	30	21234.0	 22.0	 33.0	3.000	 1.0	 0.0
1	2013	31	19790.0	 22.0	 33.0	3.000	 1.0	 0.0
1	2013	32	20677.0	 22.0	 33.0	3.000	 1.0	 0.0
1	2013	33	23807.0	 21.0	 34.0	2.000	 0.0	 0.0
1	2013	34	22783.0	 21.0	 33.0	2.000	 1.0	 0.0
1	2013	35	19191.0	 22.0	 33.0	3.000	 1.0	 0.0
1	2013	36	21928.0	 23.0	 35.0	3.000	 1.0	 0.0
1	2013	37	19276.0	 24.0	 32.0	3.000	 2.0	 2.0
1	2013	38	17034.0	 24.0	 33.0	3.000	 1.0	 4.0
1	2013	39	20651.0	 24.0	 35.0	3.000	 1.0	 0.0
1	2013	40	20977.0	 24.0	 35.0	3.000	 2.0	 0.0
1	2013	41	19740.0	 25.0	 35.0	3.000	 2.0	 0.0
1	2013	42	14184.0	 25.0	 32.0	3.000	 2.0	 0.0
1	2013	43	18981.0	 25.0	 34.0	3.000	 2.0	 0.0
1	2013	44	19174.0	 25.0	 34.0	3.000	 2.0	 1.0
1	2013	45	18753.0	 24.0	 33.0	3.000	 2.0	 5.0
1	2013	46	19920.0	 24.0	 33.0	3.000	 2.0	 5.0
1	2013	47	19015.0	 24.0	 32.0	3.000	 2.0	 6.0
1	2013	48	18233.0	 25.0	 32.0	3.000	 3.0	 2.0
1	2013	49	18798.0	 24.0	 33.0	3.000	 2.0	 2.0
1	2013	50	16102.0	 24.0	 30.0	3.000	 2.0	10.0
1	2013	51	19432.0	 24.0	 32.0	3.000	 2.0	 5.0
1	2013	52	20180.0	 23.0	 33.0	3.000	 1.0	 2.0
1	2013	53	13592.0	 23.0	 30.0	3.000	 1.0	 6.0
1	2013	54	21041.0	 24.0	 34.0	3.000	 2.0	 0.0
1	2013	55	16367.0	 25.0	 32.0	3.000	 3.0	 1.0
1	2013	56	15334.0	 24.0	 31.0	3.000	 2.0	 4.0
1	2013	57	18005.0	 23.0	 32.0	3.000	 2.0	 1.0
1	2013	58	20075.0	 24.0	 33.0	3.000	 2.0	 1.0
1	2013	59	18143.0	 24.0	 33.0	3.000	 2.0	 1.0
1	2013	60	20456.0	 25.0	 33.0	3.000	 2.0	 3.0
1	2013	61	19020.0	 24.0	 33.0	3.000	 2.0	 1.0
1	2013	62	17187.0	 25.0	 33.0	3.000	 2.0	 2.0
1	2013	63	20463.0	 24.0	 33.0	3.000	 2.0	 3.0
1	2013	64	18018.0	 23.0	 34.0	3.000	 1.0	 0.0
1	2013	65	18015.0	 25.0	 33.0	3.000	 2.0	 1.0
1	2013	66	19391.0	 25.0	 34.0	3.000	 3.0	 0.0
1	2013	67	19655.0	 24.0	 34.0	3.000	 2.0	 3.0
1	2013	68	15757.0	 25.0	 32.0	3.000	 2.0	 8.0
1	2013	69	13626.0	 24.0	 31.0	3.000	 2.0	 1.0
1	2013	70	20412.0	 23.0	 34.0	3.000	 2.0	 1.0
1	2013	71	21054.0	 25.0	 33.0	3.000	 2.0	 1.0
1	2013	72	20464.0	 24.0	 33.0	3.000	 1.0	 4.0
1	2013	73	23250.0	 24.0	 34.0	3.000	 2.0	 2.0
1	2013	74	19358.0	 24.0	 33.0	3.000	 2.0	 8.0
1	2013	75	15836.0	 24.0	 31.0	3.000	 2.0	10.0
1	2013	76	19116.0	 23.0	 31.0	3.000	 2.0	 4.0
1	2013	77	23881.0	 23.0	 33.0	3.000	 1.0	 1.0
1	2013	78	23092.0	 24.0	 34.0	3.000	 1.0	 2.0
1	2013	79	16735.0	 24.0	 31.0	3.000	 2.0	 9.0
1	2013	80	17954.0	 25.0	 31.0	3.000	 3.0	 8.0
1	2013	81	15430.0	 24.0	 30.0	3.000	 2.0	 8.0
1	2013	82	22691.0	 23.0	 32.0	3.000	 2.0	 1.0
1	2013	83	15389.0	 24.0	 30.0	3.000	 2.0	 2.0
1	2013	84	22677.0	 24.0	 33.0	3.000	 2.0	 1.0
1	2013	85	21129.0	 24.0	 32.0	3.000	 2.0	 4.0
1	2013	86	18213.0	 23.0	 32.0	3.000	 2.0	 4.0
1	2013	87	19458.0	 23.0	 32.0	3.000	 1.0	10.0
1	2013	88	18027.0	 23.0	 31.0	3.000	 2.0	 2.0
1	2013	89	22374.0	 23.0	 32.0	3.000	 1.0	 0.0
1	2013	90	21327.0	 23.0	 32.0	3.000	 2.0	 1.0
1	2013	91	23380.0	 23.0	 33.0	3.000	 2.0	 4.0
1	2013	92	20695.0	 23.0	 32.0	3.000	 1.0	 7.0
1	2013	93	20877.0	 24.0	 32.0	3.000	 2.0	 1.0
1	2013	94	17866.0	 23.0	 31.0	3.000	 1.0	12.0
1	2013	95	21331.0	 23.0	 32.0	3.000	 1.0	 6.0
1	2013	96	20384.0	 24.0	 33.0	3.000	 2.0	 1.0
1	2013	97	17068.0	 24.0	 31.0	3.000	 2.0	 4.0
1	2013	98	18153.0	 24.0	 31.0	3.000	 2.0	 6.0
1	2013	99	17632.0	 24.0	 31.0	3.000	 2.0	 7.0
1	2013	100	14095.0	 23.0	 30.0	3.000	 1.0	 0.0
1	2013	101	21446.0	 22.0	 32.0	3.000	 1.0	 0.0
1	2013	102	22464.0	 23.0	 33.0	3.000	 2.0	 2.0
1	2013	103	21051.0	 24.0	 32.0	3.000	 2.0	 2.0
1	2013	104	19716.0	 24.0	 32.0	3.000	 2.0	 2.0
1	2013	105	17582.0	 23.0	 31.0	3.000	 1.0	14.0
1	2013	106	20649.0	 23.0	 32.0	3.000	 2.0	 8.0
1	2013	107	20317.0	 23.0	 31.0	3.000	 2.0	 2.0
1	2013	108	17160.0	 24.0	 30.0	3.000	 2.0	 9.0
1	2013	109	16592.0	 24.0	 30.0	3.000	 2.0	12.0
1	2013	110	19802.0	 23.0	 31.0	3.000	 1.0	 2.0
1	2013	111	20507.0	 23.0	 32.0	3.000	 1.0	 3.0
1	2013	112	21115.0	 23.0	 32.0	3.000	 1.0	 8.0
1	2013	113	17428.0	 23.0	 31.0	3.000	 2.0	 2.0
1	2013	114	21677.0	 24.0	 32.0	3.000	 1.0	 0.0
1	2013	115	19525.0	 24.0	 32.0	3.000	 1.0	 6.0
1	2013	116	15455.0	 24.0	 30.0	3.000	 1.0	17.0
1	2013	117	19678.0	 23.0	 31.0	3.000	 2.0	 0.0
1	2013	118	22408.0	 23.0	 32.0	3.000	 1.0	 2.0
1	2013	119	18067.0	 24.0	 31.0	3.000	 2.0	 8.0
1	2013	120	18698.0	 24.0	 31.0	3.000	 1.0	 9.0
1	2013	121	12698.0	 24.0	 28.0	3.000	 1.0	 9.0
1	2013	122	23284.0	 23.0	 32.0	3.000	 0.0	 2.0
1	2013	123	20447.0	 23.0	 32.0	3.000	 1.0	 5.0
1	2013	124	18431.0	 24.0	 31.0	3.000	 2.0	 2.0
1	2013	125	16186.0	 23.0	 30.0	3.000	 2.0	 3.0
1	2013	126	19778.0	 24.0	 31.0	3.000	 1.0	 6.0
1	2013	127	17708.0	 23.0	 31.0	3.000	 1.0	12.0
1	2013	128	18744.0	 24.0	 30.0	3.000	 1.0	 3.0
1	2013	129	16071.0	 23.0	 31.0	3.000	 2.0	11.0
1	2013	130	16664.0	 23.0	 31.0	3.000	 2.0	10.0
1	2013	131	15182.0	 23.0	 29.0	3.000	 1.0	 7.0
1	2013	132	16742.0	 23.0	 29.0	3.000	 1.0	12.0
1	2013	133	16645.0	 22.0	 29.0	3.000	 0.0	 6.0
1	2013	134	15239.0	 22.0	 29.0	3.000	 1.0	14.0
1	2013	135	13247.0	 23.0	 28.0	3.000	 1.0	15.0
1	2013	136	12815.0	 23.0	 28.0	3.000	 1.0	12.0
1	2013	137	17592.0	 23.0	 30.0	3.000	 2.0	 7.0
1	2013	138	18092.0	 23.0	 30.0	3.000	 1.0	13.0
1	2013	139	9800.0	 23.0	 28.0	3.000	 1.0	 1.0
1	2013	140	17153.0	 23.0	 29.0	3.000	 2.0	 6.0
1	2013	141	16145.0	 22.0	 30.0	3.000	 1.0	10.0
1	2013	142	17818.0	 23.0	 30.0	3.000	 1.0	11.0
1	2013	143	14963.0	 22.0	 30.0	3.000	 0.0	 1.0
1	2013	144	19373.0	 23.0	 30.0	3.000	 1.0	 2.0
1	2013	145	18664.0	 23.0	 30.0	3.000	 2.0	 4.0
1	2013	146	15930.0	 24.0	 29.0	3.000	 2.0	10.0
1	2013	147	13555.0	 22.0	 29.0	3.000	 1.0	15.0
1	2013	148	18539.0	 22.0	 30.0	3.000	 1.0	 5.0
1	2013	149	16316.0	 22.0	 29.0	3.000	 1.0	16.0
1	2013	150	13313.0	 23.0	 28.0	3.000	 1.0	 6.0
1	2013	151	11507.0	 23.0	 27.0	3.000	 1.0	 5.0
1	2013	152	16902.0	 23.0	 29.0	3.000	 2.0	 4.0
1	2013	153	13282.0	 23.0	 28.0	3.000	 2.0	 5.0
1	2013	154	6865.0	 22.0	 26.0	3.000	 2.0	23.0
1	2013	155	14048.0	 22.0	 27.0	3.000	 2.0	14.0
1	2013	156	17115.0	 22.0	 29.0	3.000	 2.0	 6.0
1	2013	157	8033.0	 22.0	 26.0	3.000	 1.0	12.0
1	2013	158	14776.0	 22.0	 27.0	3.000	 1.0	 9.0
1	2013	159	15680.0	 22.0	 28.0	3.000	 1.0	 2.0
1	2013	160	18227.0	 23.0	 30.0	3.000	 1.0	 8.0
1	2013	161	11506.0	 23.0	 27.0	3.000	 1.0	10.0
1	2013	162	14828.0	 22.0	 28.0	3.000	 1.0	 7.0
1	2013	163	14243.0	 23.0	 29.0	3.000	 2.0	 2.0
1	2013	164	15051.0	 23.0	 28.0	3.000	 2.0	 4.0
1	2013	165	12610.0	 23.0	 27.0	3.000	 2.0	 3.0
1	2013	166	16291.0	 22.0	 29.0	3.000	 2.0	 1.0
1	2013	167	15195.0	 22.0	 27.0	3.000	 2.0	 6.0
1	2013	168	15765.0	 22.0	 29.0	3.000	 2.0	11.0
1	2013	169	14970.0	 23.0	 27.0	3.000	 2.0	 8.0
1	2013	170	14146.0	 23.0	 28.0	3.000	 2.0	 6.0
1	2013	171	16520.0	 23.0	 29.0	3.000	 3.0	 1.0
1	2013	172	15865.0	 23.0	 28.0	3.000	 2.0	 3.0
1	2013	173	15977.0	 23.0	 28.0	3.000	 2.0	 1.0
1	2013	174	12760.0	 23.0	 27.0	3.000	 3.0	 1.0
1	2013	175	12294.0	 21.0	 27.0	3.000	 2.0	 1.0
1	2013	176	11570.0	 21.0	 27.0	3.000	 2.0	 1.0
1	2013	177	15855.0	 20.0	 29.0	3.000	 2.0	 0.0
1	2013	178	14589.0	 21.0	 28.0	3.000	 2.0	 1.0
1	2013	179	13515.0	 22.0	 27.0	3.000	 2.0	 3.0
1	2013	180	13334.0	 22.0	 27.0	3.000	 2.0	 9.0
1	2013	181	16163.0	 22.0	 28.0	3.000	 2.0	 3.0
1	2013	182	7858.0	 22.0	 26.0	3.000	 1.0	 1.0
1	2013	183	16587.0	 21.0	 28.0	3.000	 2.0	 0.0
1	2013	184	9511.0	 21.0	 26.0	3.000	 2.0	 1.0
1	2013	185	14314.0	 23.0	 27.0	3.000	 3.0	 3.0
1	2013	186	9405.0	 22.0	 26.0	3.000	 3.0	13.0
1	2013	187	11626.0	 21.0	 26.0	3.000	 2.0	 6.0
1	2013	188	15612.0	 22.0	 27.0	3.000	 2.0	 2.0
1	2013	189	11779.0	 22.0	 26.0	3.000	 3.0	 3.0
1	2013	190	12729.0	 21.0	 27.0	3.000	 2.0	 1.0
1	2013	191	16412.0	 22.0	 28.0	3.000	 2.0	 1.0
1	2013	192	12527.0	 22.0	 28.0	3.000	 2.0	14.0
1	2013	193	12131.0	 22.0	 27.0	3.000	 2.0	17.0
1	2013	194	14789.0	 21.0	 27.0	3.000	 1.0	11.0
1	2013	195	17736.0	 22.0	 29.0	3.000	 2.0	 5.0
1	2013	196	14486.0	 22.0	 27.0	3.000	 2.0	 9.0
1	2013	197	16397.0	 22.0	 28.0	3.000	 2.0	 2.0
1	2013	198	18744.0	 21.0	 29.0	3.000	 2.0	 7.0
1	2013	199	16317.0	 22.0	 28.0	3.000	 2.0	 3.0
1	2013	200	13504.0	 22.0	 26.0	3.000	 3.0	 1.0
1	2013	201	11288.0	 22.0	 26.0	3.000	 3.0	 2.0
1	2013	202	10864.0	 22.0	 26.0	3.000	 2.0	 4.0
1	2013	203	14989.0	 22.0	 27.0	3.000	 2.0	 2.0
1	2013	204	12778.0	 22.0	 28.0	3.000	 3.0	 3.0
1	2013	205	8367.0	 22.0	 26.0	3.000	 3.0	10.0
1	2013	206	5400.0	 21.0	 24.0	3.000	 2.0	13.0
1	2013	207	14064.0	 21.0	 26.0	3.000	 2.0	 2.0
1	2013	208	14629.0	 22.0	 27.0	3.000	 2.0	 2.0
1	2013	209	5017.0	 22.0	 24.0	3.000	 3.0	 3.0
1	2013	210	12312.0	 22.0	 26.0	3.000	 3.0	 1.0
1	2013	211	15500.0	 22.0	 28.0	3.000	 2.0	 0.0
1	2013	212	8883.0	 21.0	 26.0	3.000	 2.0	 0.0
1	2013	213	13550.0	 21.0	 27.0	3.000	 3.0	 1.0
1	2013	214	11061.0	 22.0	 26.0	2.000	 2.0	 1.0
1	2013	215	10765.0	 20.0	 27.0	2.000	 2.0	 1.0
1	2013	216	14552.0	 22.0	 27.0	3.000	 2.0	 2.0
1	2013	217	12526.0	 21.0	 27.0	3.000	 3.0	 2.0
1	2013	218	13115.0	 22.0	 27.0	3.000	 3.0	 1.0
1	2013	219	13492.0	 22.0	 27.0	3.000	 3.0	 7.0
1	2013	220	15728.0	 22.0	 27.0	3.000	 3.0	 2.0
1	2013	221	19138.0	 20.0	 27.0	2.000	 2.0	 1.0
1	2013	222	13281.0	 20.0	 26.0	2.000	 2.0	 0.0
1	2013	223	15391.0	 18.0	 26.0	2.000	 2.0	 1.0
1	2013	224	14030.0	 19.0	 26.0	2.000	 3.0	 1.0
1	2013	225	14477.0	 20.0	 27.0	2.000	 2.0	 1.0
1	2013	226	10628.0	 20.0	 26.0	2.000	 2.0	 1.0
1	2013	227	9486.0	 20.0	 26.0	2.000	 2.0	 1.0
1	2013	228	8236.0	 21.0	 25.0	2.000	 3.0	 1.0
1	2013	229	14194.0	 22.0	 27.0	2.000	 3.0	 1.0
1	2013	230	14122.0	 21.0	 28.0	3.000	 2.0	 1.0
1	2013	231	11874.0	 20.0	 28.0	3.000	 2.0	 1.0
1	2013	232	10500.0	 21.0	 27.0	3.000	 2.0	 2.0
1	2013	233	16406.0	 22.0	 27.0	3.000	 3.0	 2.0
1	2013	234	17366.0	 22.0	 29.0	3.000	 2.0	 1.0
1	2013	235	12132.0	 22.0	 28.0	3.000	 2.0	 1.0
1	2013	236	14080.0	 22.0	 28.0	3.000	 2.0	 2.0
1	2013	237	12207.0	 22.0	 28.0	3.000	 2.0	 2.0
1	2013	238	17155.0	 22.0	 28.0	3.000	 2.0	 2.0
1	2013	239	17553.0	 22.0	 29.0	3.000	 2.0	 1.0
1	2013	240	17456.0	 22.0	 28.0	3.000	 2.0	 1.0
1	2013	241	8338.0	 21.0	 26.0	3.000	 2.0	 6.0
1	2013	242	8433.0	 22.0	 27.0	3.000	 2.0	 4.0
1	2013	243	15009.0	 22.0	 27.0	3.000	 2.0	15.0
1	2013	244	15086.0	 22.0	 27.0	3.000	 2.0	 5.0
1	2013	245	17574.0	 22.0	 28.0	3.000	 3.0	 2.0
1	2013	246	20111.0	 21.0	 29.0	3.000	 2.0	 1.0
1	2013	247	15194.0	 22.0	 28.0	3.000	 2.0	 2.0
1	2013	248	15099.0	 22.0	 27.0	3.000	 2.0	 8.0
1	2013	249	14749.0	 22.0	 28.0	3.000	 2.0	 2.0
1	2013	250	14417.0	 22.0	 28.0	3.000	 2.0	 7.0
1	2013	251	14210.0	 22.0	 29.0	3.000	 2.0	16.0
1	2013	252	11013.0	 22.0	 26.0	3.000	 2.0	21.0
1	2013	253	14606.0	 22.0	 28.0	3.000	 2.0	 2.0
1	2013	254	16976.0	 22.0	 28.0	3.000	 2.0	 7.0
1	2013	255	19371.0	 22.0	 27.0	3.000	 3.0	 3.0
1	2013	256	17302.0	 21.0	 28.0	3.000	 1.0	 1.0
1	2013	257	14606.0	 21.0	 28.0	3.000	 1.0	10.0
1	2013	258	17355.0	 22.0	 29.0	3.000	 2.0	 2.0
1	2013	259	17084.0	 22.0	 28.0	3.000	 2.0	 3.0
1	2013	260	16361.0	 22.0	 28.0	3.000	 1.0	 2.0
1	2013	261	13213.0	 21.0	 29.0	3.000	 2.0	 1.0
1	2013	262	12632.0	 23.0	 28.0	3.000	 2.0	 2.0
1	2013	263	15452.0	 23.0	 28.0	3.000	 2.0	 4.0
1	2013	264	17036.0	 23.0	 28.0	3.000	 2.0	11.0
1	2013	265	15372.0	 23.0	 28.0	3.000	 2.0	 5.0
1	2013	266	12577.0	 22.0	 27.0	3.000	 3.0	11.0
1	2013	267	4633.0	 22.0	 24.0	3.000	 3.0	 5.0
1	2013	268	18281.0	 22.0	 27.0	3.000	 2.0	 3.0
1	2013	269	16852.0	 21.0	 28.0	3.000	 1.0	 2.0
1	2013	270	10913.0	 21.0	 27.0	3.000	 2.0	12.0
1	2013	271	10716.0	 22.0	 27.0	3.000	 2.0	 4.0
1	2013	272	15622.0	 22.0	 29.0	3.000	 2.0	 1.0
1	2013	273	17018.0	 22.0	 29.0	3.000	 2.0	 1.0
1	2013	274	16584.0	 22.0	 28.0	3.000	 2.0	 2.0
1	2013	275	16841.0	 22.0	 29.0	3.000	 2.0	 4.0
1	2013	276	11172.0	 22.0	 28.0	3.000	 2.0	10.0
1	2013	277	14525.0	 23.0	 29.0	3.000	 2.0	14.0
1	2013	278	11443.0	 22.0	 27.0	3.000	 1.0	17.0
1	2013	279	16220.0	 22.0	 29.0	3.000	 1.0	 4.0
1	2013	280	17042.0	 22.0	 29.0	3.000	 1.0	 4.0
1	2013	281	16883.0	 22.0	 29.0	3.000	 2.0	 8.0
1	2013	282	16813.0	 22.0	 29.0	3.000	 2.0	 9.0
1	2013	283	18598.0	 22.0	 29.0	3.000	 2.0	 6.0
1	2013	284	14197.0	 21.0	 28.0	3.000	 1.0	 8.0
1	2013	285	19428.0	 22.0	 30.0	3.000	 1.0	 9.0
1	2013	286	17918.0	 23.0	 29.0	3.000	 2.0	 1.0
1	2013	287	17317.0	 22.0	 30.0	3.000	 2.0	 1.0
1	2013	288	15496.0	 22.0	 28.0	3.000	 1.0	 2.0
1	2013	289	18259.0	 22.0	 29.0	3.000	 1.0	 1.0
1	2013	290	16691.0	 22.0	 29.0	3.000	 1.0	 3.0
1	2013	291	18400.0	 23.0	 30.0	3.000	 1.0	 5.0
1	2013	292	17573.0	 23.0	 30.0	3.000	 2.0	 5.0
1	2013	293	15512.0	 23.0	 29.0	3.000	 1.0	 6.0
1	2013	294	16419.0	 22.0	 30.0	3.000	 1.0	 7.0
1	2013	295	19887.0	 22.0	 30.0	3.000	 1.0	 2.0
1	2013	296	16637.0	 23.0	 30.0	3.000	 1.0	 7.0
1	2013	297	18818.0	 22.0	 30.0	3.000	 1.0	 1.0
1	2013	298	17776.0	 23.0	 29.0	3.000	 1.0	 6.0
1	2013	299	18320.0	 22.0	 30.0	3.000	 1.0	 7.0
1	2013	300	18193.0	 22.0	 30.0	3.000	 1.0	11.0
1	2013	301	21259.0	 22.0	 31.0	3.000	 1.0	 3.0
1	2013	302	17304.0	 23.0	 30.0	3.000	 1.0	14.0
1	2013	303	16171.0	 23.0	 29.0	3.000	 1.0	 9.0
1	2013	304	18109.0	 22.0	 30.0	3.000	 1.0	 3.0
1	2013	305	14126.0	 22.0	 29.0	3.000	 1.0	14.0
1	2013	306	12883.0	 22.0	 28.0	3.000	 1.0	16.0
1	2013	307	17201.0	 22.0	 30.0	3.000	 1.0	 9.0
1	2013	308	17956.0	 22.0	 30.0	3.000	 1.0	 7.0
1	2013	309	15899.0	 22.0	 29.0	3.000	 1.0	 5.0
1	2013	310	15551.0	 22.0	 30.0	3.000	 1.0	14.0
1	2013	311	16754.0	 22.0	 30.0	3.000	 1.0	 6.0
1	2013	312	17637.0	 22.0	 30.0	3.000	 1.0	15.0
1	2013	313	16955.0	 22.0	 29.0	3.000	 1.0	 9.0
1	2013	314	18574.0	 22.0	 30.0	3.000	 1.0	 2.0
1	2013	315	15884.0	 23.0	 29.0	3.000	 2.0	 5.0
1	2013	316	16817.0	 23.0	 30.0	3.000	 2.0	 3.0
1	2013	317	15963.0	 23.0	 29.0	3.000	 2.0	 5.0
1	2013	318	15307.0	 22.0	 29.0	3.000	 1.0	12.0
1	2013	319	15392.0	 23.0	 29.0	3.000	 1.0	17.0
1	2013	320	15682.0	 22.0	 29.0	3.000	 1.0	11.0
1	2013	321	18166.0	 22.0	 30.0	3.000	 1.0	 2.0
1	2013	322	15697.0	 23.0	 30.0	3.000	 2.0	 1.0
1	2013	323	16485.0	 23.0	 30.0	3.000	 2.0	 5.0
1	2013	324	16584.0	 23.0	 30.0	3.000	 1.0	 8.0
1	2013	325	14455.0	 22.0	 29.0	3.000	 1.0	 4.0
1	2013	326	16141.0	 22.0	 30.0	3.000	 1.0	 9.0
1	2013	327	15898.0	 23.0	 29.0	3.000	 2.0	 6.0
1	2013	328	11762.0	 22.0	 28.0	3.000	 2.0	10.0
1	2013	329	12912.0	 22.0	 29.0	3.000	 1.0	 3.0
1	2013	330	16373.0	 22.0	 29.0	3.000	 1.0	 8.0
1	2013	331	17295.0	 22.0	 29.0	3.000	 1.0	 2.0
1	2013	332	18892.0	 21.0	 31.0	3.000	 1.0	 3.0
1	2013	333	16199.0	 23.0	 30.0	3.000	 1.0	 2.0
1	2013	334	15217.0	 23.0	 31.0	3.000	 2.0	 2.0
1	2013	335	15309.0	 23.0	 30.0	3.000	 2.0	 2.0
1	2013	336	16948.0	 23.0	 30.0	3.000	 1.0	 6.0
1	2013	337	12107.0	 22.0	 27.0	3.000	 1.0	18.0
1	2013	338	14420.0	 23.0	 30.0	3.000	 1.0	 5.0
1	2013	339	17271.0	 22.0	 30.0	3.000	 1.0	 1.0
1	2013	340	16253.0	 23.0	 30.0	3.000	 2.0	 1.0
1	2013	341	15178.0	 23.0	 29.0	3.000	 2.0	 8.0
1	2013	342	17985.0	 22.0	 30.0	3.000	 1.0	 0.0
1	2013	343	19698.0	 23.0	 31.0	3.000	 1.0	 0.0
1	2013	344	18592.0	 22.0	 30.0	3.000	 2.0	 0.0
1	2013	345	14030.0	 23.0	 29.0	3.000	 2.0	 1.0
1	2013	346	16842.0	 21.0	 30.0	3.000	 2.0	 3.0
1	2013	347	15602.0	 22.0	 30.0	3.000	 2.0	 0.0
1	2013	348	10299.0	 22.0	 26.0	3.000	 1.0	12.0
1	2013	349	18780.0	 21.0	 29.0	3.000	 1.0	 1.0
1	2013	350	17013.0	 21.0	 29.0	3.000	 2.0	 2.0
1	2013	351	21372.0	 21.0	 31.0	2.000	 2.0	 0.0
1	2013	352	22151.0	 19.0	 31.0	2.000	 1.0	 0.0
1	2013	353	21089.0	 19.0	 30.0	2.000	 0.0	 0.0
1	2013	354	19706.0	 20.0	 30.0	3.000	 1.0	 0.0
1	2013	355	19325.0	 21.0	 30.0	3.000	 1.0	 0.0
1	2013	356	18198.0	 21.0	 31.0	3.000	 1.0	 0.0
1	2013	357	18261.0	 23.0	 31.0	3.000	 1.0	 0.0
1	2013	358	18452.0	 23.0	 31.0	3.000	 1.0	 0.0
1	2013	359	20258.0	 23.0	 32.0	3.000	 1.0	 0.0
1	2013	360	18922.0	 23.0	 32.0	3.000	 1.0	 0.0
1	2013	361	16984.0	 23.0	 31.0	3.000	 2.0	 1.0
1	2013	362	18806.0	 24.0	 32.0	3.000	 1.0	 0.0
1	2013	363	16639.0	 24.0	 31.0	3.000	 1.0	 1.0
1	2013	364	15471.0	 23.0	 30.0	3.000	 2.0	 3.0
1	2013	365	12956.0	 23.0	 29.0	3.000	 2.0	 1.0
