*---------------------------------------------------
* Station: Central
* Year: 2018
* Origin: ERA5-Reanalysis
* Columns & units
* ===================
* 1. station number
* 2. year
* 3. Day of Year
* 4. Irradiance   (kJ路m-2路d-1)
* 5. Daily minimum temperature (degC)
* 6. Daily maximum temperature (degC)
* 7. Vapour pressure (kPa)
* 8. Mean wind speed (m路s-1)
* 9. Precipitation (mm路d-1)
** WCCDESCRIPTION=Central
** WCCFORMAT=2
** WCCYEARNR=2018
*------------------------------------------------------------*
-1.22  5.57  116.00 -0.18  -0.55
1	2018	1	19029.0	 24.0	 32.0	3.000	 1.0	 0.0
1	2018	2	20313.0	 23.0	 32.0	2.000	 1.0	 0.0
1	2018	3	20788.0	 22.0	 32.0	2.000	 1.0	 0.0
1	2018	4	21899.0	 20.0	 33.0	2.000	 0.0	 0.0
1	2018	5	21604.0	 20.0	 32.0	2.000	 1.0	 0.0
1	2018	6	18077.0	 22.0	 31.0	3.000	 1.0	 0.0
1	2018	7	16593.0	 23.0	 31.0	3.000	 2.0	 2.0
1	2018	8	15192.0	 23.0	 31.0	3.000	 1.0	 2.0
1	2018	9	16810.0	 23.0	 31.0	3.000	 1.0	 1.0
1	2018	10	18931.0	 23.0	 32.0	3.000	 1.0	 0.0
1	2018	11	16881.0	 23.0	 31.0	3.000	 1.0	 0.0
1	2018	12	19955.0	 23.0	 33.0	3.000	 2.0	 0.0
1	2018	13	21116.0	 23.0	 33.0	2.000	 1.0	 0.0
1	2018	14	20547.0	 22.0	 33.0	3.000	 1.0	 0.0
1	2018	15	16286.0	 23.0	 31.0	3.000	 2.0	10.0
1	2018	16	17119.0	 24.0	 31.0	3.000	 2.0	 1.0
1	2018	17	16928.0	 23.0	 31.0	3.000	 1.0	 2.0
1	2018	18	19452.0	 23.0	 33.0	3.000	 1.0	 0.0
1	2018	19	19316.0	 24.0	 33.0	3.000	 2.0	 0.0
1	2018	20	19050.0	 24.0	 32.0	3.000	 2.0	 1.0
1	2018	21	19608.0	 23.0	 33.0	3.000	 1.0	 0.0
1	2018	22	19628.0	 23.0	 33.0	3.000	 1.0	 0.0
1	2018	23	17685.0	 24.0	 31.0	3.000	 1.0	 4.0
1	2018	24	17925.0	 24.0	 32.0	3.000	 1.0	 0.0
1	2018	25	17631.0	 23.0	 32.0	3.000	 1.0	 0.0
1	2018	26	20105.0	 23.0	 32.0	3.000	 2.0	 0.0
1	2018	27	19032.0	 22.0	 32.0	3.000	 1.0	 0.0
1	2018	28	17026.0	 24.0	 32.0	3.000	 1.0	 1.0
1	2018	29	17793.0	 24.0	 32.0	3.000	 1.0	 1.0
1	2018	30	19814.0	 24.0	 33.0	3.000	 1.0	 0.0
1	2018	31	19128.0	 24.0	 33.0	3.000	 1.0	 0.0
1	2018	32	19663.0	 25.0	 34.0	3.000	 2.0	 0.0
1	2018	33	20945.0	 24.0	 33.0	3.000	 2.0	 1.0
1	2018	34	20062.0	 24.0	 34.0	3.000	 1.0	 1.0
1	2018	35	18326.0	 25.0	 33.0	3.000	 2.0	 1.0
1	2018	36	20117.0	 25.0	 35.0	3.000	 2.0	 0.0
1	2018	37	18184.0	 25.0	 33.0	3.000	 3.0	 1.0
1	2018	38	15928.0	 25.0	 33.0	3.000	 2.0	 1.0
1	2018	39	14773.0	 25.0	 33.0	3.000	 3.0	 1.0
1	2018	40	18005.0	 25.0	 33.0	3.000	 3.0	 1.0
1	2018	41	20936.0	 24.0	 34.0	3.000	 2.0	 0.0
1	2018	42	15449.0	 25.0	 31.0	3.000	 2.0	 2.0
1	2018	43	18998.0	 24.0	 34.0	3.000	 1.0	 2.0
1	2018	44	16005.0	 25.0	 32.0	3.000	 1.0	 4.0
1	2018	45	20347.0	 24.0	 34.0	3.000	 2.0	 0.0
1	2018	46	19462.0	 24.0	 34.0	3.000	 2.0	 0.0
1	2018	47	19775.0	 24.0	 34.0	3.000	 2.0	 0.0
1	2018	48	18255.0	 25.0	 34.0	3.000	 2.0	 1.0
1	2018	49	18538.0	 25.0	 32.0	3.000	 2.0	 3.0
1	2018	50	16547.0	 23.0	 32.0	3.000	 2.0	 0.0
1	2018	51	19640.0	 23.0	 33.0	3.000	 1.0	 9.0
1	2018	52	17974.0	 22.0	 32.0	3.000	 2.0	 1.0
1	2018	53	21218.0	 23.0	 33.0	3.000	 2.0	 1.0
1	2018	54	20825.0	 23.0	 33.0	3.000	 2.0	 2.0
1	2018	55	14034.0	 23.0	 30.0	3.000	 2.0	 4.0
1	2018	56	17159.0	 23.0	 32.0	3.000	 1.0	 7.0
1	2018	57	15846.0	 23.0	 31.0	3.000	 1.0	 9.0
1	2018	58	19308.0	 23.0	 33.0	3.000	 1.0	 7.0
1	2018	59	19133.0	 23.0	 32.0	3.000	 1.0	 1.0
1	2018	60	18382.0	 24.0	 31.0	3.000	 2.0	 2.0
1	2018	61	17912.0	 23.0	 31.0	3.000	 2.0	 2.0
1	2018	62	21048.0	 23.0	 33.0	3.000	 2.0	 0.0
1	2018	63	19129.0	 24.0	 32.0	3.000	 2.0	 6.0
1	2018	64	18999.0	 23.0	 31.0	3.000	 2.0	 2.0
1	2018	65	22386.0	 22.0	 32.0	3.000	 2.0	 1.0
1	2018	66	19517.0	 23.0	 32.0	3.000	 2.0	 1.0
1	2018	67	20260.0	 23.0	 31.0	3.000	 2.0	 1.0
1	2018	68	18702.0	 23.0	 32.0	3.000	 2.0	 5.0
1	2018	69	16788.0	 24.0	 31.0	3.000	 2.0	 7.0
1	2018	70	16686.0	 24.0	 31.0	3.000	 2.0	 5.0
1	2018	71	19232.0	 24.0	 31.0	3.000	 2.0	 8.0
1	2018	72	19436.0	 24.0	 32.0	3.000	 2.0	 5.0
1	2018	73	21418.0	 23.0	 32.0	3.000	 2.0	 0.0
1	2018	74	19143.0	 24.0	 32.0	3.000	 2.0	 2.0
1	2018	75	17892.0	 24.0	 31.0	3.000	 2.0	10.0
1	2018	76	21620.0	 24.0	 32.0	3.000	 2.0	 1.0
1	2018	77	18443.0	 24.0	 32.0	3.000	 2.0	 2.0
1	2018	78	20638.0	 24.0	 32.0	3.000	 2.0	 5.0
1	2018	79	18631.0	 24.0	 32.0	3.000	 2.0	 5.0
1	2018	80	20134.0	 24.0	 32.0	3.000	 2.0	 7.0
1	2018	81	20379.0	 24.0	 32.0	3.000	 2.0	 8.0
1	2018	82	19006.0	 23.0	 32.0	3.000	 2.0	12.0
1	2018	83	12304.0	 22.0	 29.0	3.000	 1.0	21.0
1	2018	84	19712.0	 23.0	 31.0	3.000	 1.0	 5.0
1	2018	85	19209.0	 24.0	 32.0	3.000	 2.0	 1.0
1	2018	86	18140.0	 24.0	 32.0	3.000	 2.0	 1.0
1	2018	87	17479.0	 24.0	 31.0	3.000	 2.0	 1.0
1	2018	88	18351.0	 24.0	 30.0	3.000	 2.0	 1.0
1	2018	89	19052.0	 23.0	 31.0	3.000	 1.0	 4.0
1	2018	90	20642.0	 23.0	 31.0	3.000	 2.0	 2.0
1	2018	91	16067.0	 24.0	 30.0	3.000	 2.0	 9.0
1	2018	92	17367.0	 24.0	 31.0	3.000	 2.0	11.0
1	2018	93	18325.0	 23.0	 31.0	3.000	 2.0	 1.0
1	2018	94	20738.0	 24.0	 31.0	3.000	 2.0	 1.0
1	2018	95	19634.0	 23.0	 31.0	3.000	 2.0	 1.0
1	2018	96	22681.0	 23.0	 32.0	3.000	 2.0	 1.0
1	2018	97	19550.0	 24.0	 31.0	3.000	 2.0	 7.0
1	2018	98	16238.0	 23.0	 29.0	3.000	 2.0	 6.0
1	2018	99	19871.0	 23.0	 31.0	3.000	 2.0	11.0
1	2018	100	9913.0	 22.0	 27.0	3.000	 1.0	 3.0
1	2018	101	17354.0	 22.0	 29.0	3.000	 1.0	 2.0
1	2018	102	21323.0	 24.0	 31.0	3.000	 2.0	 2.0
1	2018	103	19650.0	 24.0	 31.0	3.000	 2.0	 5.0
1	2018	104	20909.0	 24.0	 31.0	3.000	 2.0	 1.0
1	2018	105	21238.0	 23.0	 32.0	3.000	 1.0	10.0
1	2018	106	22617.0	 23.0	 32.0	3.000	 1.0	 9.0
1	2018	107	21313.0	 24.0	 31.0	3.000	 2.0	 3.0
1	2018	108	18999.0	 24.0	 30.0	3.000	 2.0	 5.0
1	2018	109	20847.0	 24.0	 31.0	3.000	 2.0	 2.0
1	2018	110	19589.0	 24.0	 31.0	3.000	 2.0	11.0
1	2018	111	15288.0	 23.0	 29.0	3.000	 2.0	 4.0
1	2018	112	17454.0	 23.0	 30.0	3.000	 2.0	 8.0
1	2018	113	18209.0	 23.0	 30.0	3.000	 2.0	 2.0
1	2018	114	18457.0	 24.0	 31.0	3.000	 2.0	 8.0
1	2018	115	20975.0	 24.0	 31.0	3.000	 2.0	 2.0
1	2018	116	15221.0	 24.0	 29.0	3.000	 2.0	 2.0
1	2018	117	21974.0	 22.0	 32.0	3.000	 1.0	 5.0
1	2018	118	17629.0	 24.0	 31.0	3.000	 2.0	 9.0
1	2018	119	12540.0	 24.0	 30.0	3.000	 2.0	15.0
1	2018	120	15758.0	 23.0	 30.0	3.000	 2.0	 4.0
1	2018	121	22196.0	 23.0	 32.0	3.000	 2.0	 6.0
1	2018	122	19599.0	 23.0	 31.0	3.000	 2.0	 7.0
1	2018	123	19309.0	 23.0	 31.0	3.000	 2.0	10.0
1	2018	124	15971.0	 23.0	 31.0	3.000	 1.0	 6.0
1	2018	125	19441.0	 22.0	 31.0	3.000	 2.0	 4.0
1	2018	126	10348.0	 23.0	 28.0	3.000	 1.0	39.0
1	2018	127	19717.0	 22.0	 31.0	3.000	 1.0	 1.0
1	2018	128	20086.0	 23.0	 30.0	3.000	 2.0	 2.0
1	2018	129	17757.0	 24.0	 30.0	3.000	 2.0	 6.0
1	2018	130	16029.0	 23.0	 30.0	3.000	 2.0	11.0
1	2018	131	9188.0	 22.0	 27.0	3.000	 1.0	23.0
1	2018	132	19207.0	 22.0	 30.0	3.000	 1.0	 7.0
1	2018	133	6619.0	 23.0	 26.0	3.000	 1.0	18.0
1	2018	134	19830.0	 23.0	 31.0	3.000	 2.0	 2.0
1	2018	135	17071.0	 23.0	 29.0	3.000	 2.0	 6.0
1	2018	136	17147.0	 22.0	 29.0	3.000	 1.0	 7.0
1	2018	137	16290.0	 22.0	 30.0	3.000	 1.0	13.0
1	2018	138	15126.0	 23.0	 29.0	3.000	 1.0	 8.0
1	2018	139	17513.0	 23.0	 29.0	3.000	 1.0	12.0
1	2018	140	18249.0	 23.0	 30.0	3.000	 2.0	 3.0
1	2018	141	19588.0	 23.0	 30.0	3.000	 2.0	 1.0
1	2018	142	18255.0	 22.0	 30.0	3.000	 2.0	 1.0
1	2018	143	16580.0	 24.0	 30.0	3.000	 2.0	11.0
1	2018	144	16488.0	 23.0	 30.0	3.000	 2.0	 5.0
1	2018	145	19238.0	 24.0	 30.0	3.000	 2.0	 2.0
1	2018	146	16146.0	 23.0	 29.0	3.000	 2.0	23.0
1	2018	147	13228.0	 22.0	 28.0	3.000	 2.0	19.0
1	2018	148	18167.0	 22.0	 30.0	3.000	 2.0	 4.0
1	2018	149	13403.0	 23.0	 29.0	3.000	 2.0	 4.0
1	2018	150	15581.0	 23.0	 29.0	3.000	 2.0	22.0
1	2018	151	15476.0	 22.0	 29.0	3.000	 1.0	13.0
1	2018	152	18503.0	 23.0	 30.0	3.000	 1.0	 2.0
1	2018	153	17319.0	 22.0	 29.0	3.000	 1.0	 6.0
1	2018	154	10399.0	 22.0	 28.0	3.000	 1.0	 9.0
1	2018	155	15266.0	 23.0	 30.0	3.000	 1.0	11.0
1	2018	156	15800.0	 23.0	 29.0	3.000	 1.0	 7.0
1	2018	157	16290.0	 23.0	 30.0	3.000	 1.0	 2.0
1	2018	158	14942.0	 23.0	 30.0	3.000	 1.0	 7.0
1	2018	159	15875.0	 23.0	 30.0	3.000	 2.0	 5.0
1	2018	160	15964.0	 23.0	 29.0	3.000	 2.0	10.0
1	2018	161	6062.0	 23.0	 25.0	3.000	 2.0	15.0
1	2018	162	11314.0	 22.0	 27.0	3.000	 1.0	12.0
1	2018	163	19148.0	 21.0	 30.0	3.000	 1.0	 7.0
1	2018	164	15720.0	 23.0	 29.0	3.000	 2.0	 7.0
1	2018	165	17486.0	 23.0	 30.0	3.000	 2.0	 3.0
1	2018	166	14887.0	 23.0	 29.0	3.000	 2.0	16.0
1	2018	167	13071.0	 23.0	 28.0	3.000	 1.0	 6.0
1	2018	168	9116.0	 22.0	 26.0	3.000	 2.0	12.0
1	2018	169	9076.0	 22.0	 25.0	3.000	 2.0	48.0
1	2018	170	15797.0	 22.0	 28.0	3.000	 3.0	 6.0
1	2018	171	14722.0	 22.0	 28.0	3.000	 3.0	 1.0
1	2018	172	11085.0	 22.0	 27.0	3.000	 2.0	16.0
1	2018	173	12144.0	 22.0	 27.0	3.000	 2.0	16.0
1	2018	174	13622.0	 22.0	 27.0	3.000	 2.0	10.0
1	2018	175	14983.0	 22.0	 27.0	3.000	 2.0	 2.0
1	2018	176	17717.0	 21.0	 29.0	3.000	 2.0	 1.0
1	2018	177	14534.0	 20.0	 28.0	3.000	 2.0	 3.0
1	2018	178	18602.0	 22.0	 29.0	3.000	 2.0	 3.0
1	2018	179	12245.0	 22.0	 27.0	3.000	 1.0	 9.0
1	2018	180	10211.0	 22.0	 26.0	3.000	 2.0	 8.0
1	2018	181	12199.0	 22.0	 27.0	3.000	 2.0	 8.0
1	2018	182	2417.0	 22.0	 23.0	3.000	 2.0	76.0
1	2018	183	16754.0	 21.0	 28.0	3.000	 2.0	 4.0
1	2018	184	16834.0	 22.0	 28.0	3.000	 2.0	 2.0
1	2018	185	16789.0	 22.0	 29.0	3.000	 2.0	 3.0
1	2018	186	14099.0	 22.0	 28.0	3.000	 1.0	14.0
1	2018	187	11492.0	 22.0	 27.0	3.000	 1.0	23.0
1	2018	188	13379.0	 21.0	 27.0	3.000	 1.0	 7.0
1	2018	189	12455.0	 23.0	 28.0	3.000	 1.0	 2.0
1	2018	190	11300.0	 22.0	 27.0	3.000	 1.0	 7.0
1	2018	191	16929.0	 21.0	 29.0	3.000	 1.0	10.0
1	2018	192	15226.0	 22.0	 29.0	3.000	 2.0	12.0
1	2018	193	13908.0	 22.0	 27.0	3.000	 2.0	13.0
1	2018	194	12611.0	 22.0	 28.0	3.000	 2.0	12.0
1	2018	195	14622.0	 22.0	 28.0	3.000	 2.0	10.0
1	2018	196	14258.0	 22.0	 28.0	3.000	 3.0	 2.0
1	2018	197	13498.0	 22.0	 27.0	3.000	 2.0	 6.0
1	2018	198	12872.0	 22.0	 27.0	3.000	 2.0	 6.0
1	2018	199	10420.0	 22.0	 27.0	3.000	 2.0	 1.0
1	2018	200	15979.0	 21.0	 28.0	3.000	 2.0	 1.0
1	2018	201	14938.0	 22.0	 28.0	3.000	 2.0	 9.0
1	2018	202	13025.0	 22.0	 27.0	3.000	 2.0	12.0
1	2018	203	12691.0	 22.0	 27.0	3.000	 2.0	 1.0
1	2018	204	12792.0	 23.0	 28.0	3.000	 2.0	 1.0
1	2018	205	13170.0	 23.0	 28.0	3.000	 2.0	 3.0
1	2018	206	7070.0	 23.0	 25.0	3.000	 3.0	 9.0
1	2018	207	10723.0	 23.0	 27.0	3.000	 2.0	 2.0
1	2018	208	16337.0	 22.0	 30.0	3.000	 2.0	 1.0
1	2018	209	15085.0	 23.0	 28.0	3.000	 2.0	 2.0
1	2018	210	15191.0	 22.0	 28.0	3.000	 3.0	 4.0
1	2018	211	17348.0	 21.0	 28.0	3.000	 3.0	 1.0
1	2018	212	20767.0	 20.0	 29.0	2.000	 2.0	 1.0
1	2018	213	13497.0	 21.0	 28.0	3.000	 2.0	 0.0
1	2018	214	14775.0	 22.0	 27.0	3.000	 2.0	 1.0
1	2018	215	14511.0	 22.0	 28.0	3.000	 2.0	 3.0
1	2018	216	17332.0	 22.0	 27.0	3.000	 3.0	 2.0
1	2018	217	18163.0	 21.0	 28.0	2.000	 2.0	 0.0
1	2018	218	16163.0	 19.0	 28.0	2.000	 2.0	 0.0
1	2018	219	11543.0	 21.0	 26.0	3.000	 2.0	 1.0
1	2018	220	19875.0	 21.0	 28.0	3.000	 2.0	 1.0
1	2018	221	18741.0	 21.0	 29.0	3.000	 2.0	 3.0
1	2018	222	16990.0	 22.0	 28.0	3.000	 3.0	 2.0
1	2018	223	16637.0	 22.0	 29.0	3.000	 2.0	 1.0
1	2018	224	19106.0	 22.0	 29.0	3.000	 2.0	 3.0
1	2018	225	12682.0	 22.0	 28.0	3.000	 2.0	20.0
1	2018	226	12725.0	 21.0	 27.0	3.000	 2.0	 3.0
1	2018	227	17769.0	 22.0	 29.0	3.000	 2.0	 2.0
1	2018	228	18010.0	 23.0	 30.0	3.000	 2.0	 5.0
1	2018	229	12103.0	 23.0	 28.0	3.000	 2.0	21.0
1	2018	230	13300.0	 23.0	 28.0	3.000	 3.0	 7.0
1	2018	231	16340.0	 22.0	 29.0	3.000	 2.0	10.0
1	2018	232	17007.0	 22.0	 29.0	3.000	 3.0	16.0
1	2018	233	13144.0	 22.0	 29.0	3.000	 3.0	 6.0
1	2018	234	12520.0	 23.0	 28.0	3.000	 3.0	15.0
1	2018	235	9059.0	 22.0	 27.0	3.000	 2.0	 5.0
1	2018	236	11653.0	 22.0	 27.0	3.000	 2.0	11.0
1	2018	237	8278.0	 22.0	 26.0	3.000	 3.0	12.0
1	2018	238	17603.0	 21.0	 28.0	3.000	 2.0	 2.0
1	2018	239	17639.0	 21.0	 29.0	3.000	 2.0	 1.0
1	2018	240	15218.0	 21.0	 28.0	3.000	 2.0	 2.0
1	2018	241	15406.0	 22.0	 29.0	3.000	 2.0	 2.0
1	2018	242	13365.0	 22.0	 28.0	3.000	 2.0	 4.0
1	2018	243	13361.0	 23.0	 29.0	3.000	 2.0	10.0
1	2018	244	10818.0	 23.0	 27.0	3.000	 2.0	 2.0
1	2018	245	14822.0	 22.0	 27.0	3.000	 2.0	 3.0
1	2018	246	17960.0	 22.0	 29.0	3.000	 2.0	 2.0
1	2018	247	12804.0	 23.0	 28.0	3.000	 2.0	12.0
1	2018	248	15496.0	 22.0	 29.0	3.000	 2.0	 9.0
1	2018	249	13927.0	 22.0	 28.0	3.000	 2.0	 9.0
1	2018	250	11594.0	 22.0	 28.0	3.000	 2.0	25.0
1	2018	251	10350.0	 22.0	 26.0	3.000	 2.0	16.0
1	2018	252	16277.0	 22.0	 29.0	3.000	 2.0	 3.0
1	2018	253	16271.0	 22.0	 29.0	3.000	 1.0	 3.0
1	2018	254	14960.0	 22.0	 29.0	3.000	 1.0	13.0
1	2018	255	14211.0	 22.0	 29.0	3.000	 1.0	19.0
1	2018	256	11092.0	 22.0	 28.0	3.000	 1.0	 0.0
1	2018	257	20451.0	 22.0	 29.0	3.000	 2.0	 1.0
1	2018	258	19578.0	 23.0	 29.0	3.000	 2.0	11.0
1	2018	259	17344.0	 21.0	 29.0	3.000	 1.0	 1.0
1	2018	260	17555.0	 22.0	 30.0	3.000	 1.0	 2.0
1	2018	261	16349.0	 23.0	 29.0	3.000	 2.0	 7.0
1	2018	262	12792.0	 23.0	 28.0	3.000	 1.0	11.0
1	2018	263	18065.0	 22.0	 29.0	3.000	 1.0	 3.0
1	2018	264	16016.0	 23.0	 29.0	3.000	 2.0	11.0
1	2018	265	15856.0	 22.0	 29.0	3.000	 2.0	12.0
1	2018	266	11442.0	 23.0	 26.0	3.000	 2.0	14.0
1	2018	267	15048.0	 22.0	 29.0	3.000	 2.0	 3.0
1	2018	268	13643.0	 23.0	 29.0	3.000	 2.0	11.0
1	2018	269	15774.0	 23.0	 29.0	3.000	 2.0	 9.0
1	2018	270	16148.0	 22.0	 28.0	3.000	 1.0	10.0
1	2018	271	12142.0	 22.0	 27.0	3.000	 2.0	20.0
1	2018	272	16235.0	 22.0	 29.0	3.000	 1.0	 8.0
1	2018	273	16893.0	 23.0	 30.0	3.000	 2.0	14.0
1	2018	274	18848.0	 23.0	 31.0	3.000	 1.0	 4.0
1	2018	275	13304.0	 23.0	 28.0	3.000	 1.0	14.0
1	2018	276	18671.0	 22.0	 30.0	3.000	 2.0	 2.0
1	2018	277	16784.0	 23.0	 29.0	3.000	 1.0	 7.0
1	2018	278	17996.0	 22.0	 29.0	3.000	 2.0	16.0
1	2018	279	17130.0	 23.0	 29.0	3.000	 1.0	 9.0
1	2018	280	18243.0	 22.0	 30.0	3.000	 1.0	 4.0
1	2018	281	11777.0	 23.0	 28.0	3.000	 1.0	13.0
1	2018	282	16465.0	 22.0	 29.0	3.000	 1.0	14.0
1	2018	283	16105.0	 23.0	 29.0	3.000	 1.0	 8.0
1	2018	284	17362.0	 23.0	 30.0	3.000	 1.0	11.0
1	2018	285	14602.0	 22.0	 28.0	3.000	 1.0	12.0
1	2018	286	11505.0	 22.0	 27.0	3.000	 1.0	 7.0
1	2018	287	17796.0	 23.0	 30.0	3.000	 1.0	 4.0
1	2018	288	14872.0	 22.0	 28.0	3.000	 1.0	 4.0
1	2018	289	16298.0	 22.0	 29.0	3.000	 1.0	10.0
1	2018	290	19231.0	 22.0	 30.0	3.000	 1.0	13.0
1	2018	291	18009.0	 22.0	 30.0	3.000	 1.0	 9.0
1	2018	292	19413.0	 23.0	 31.0	3.000	 1.0	 5.0
1	2018	293	20357.0	 23.0	 31.0	3.000	 1.0	 1.0
1	2018	294	18884.0	 23.0	 30.0	3.000	 1.0	 9.0
1	2018	295	14348.0	 23.0	 30.0	3.000	 1.0	17.0
1	2018	296	14203.0	 23.0	 29.0	3.000	 1.0	 7.0
1	2018	297	15314.0	 23.0	 30.0	3.000	 1.0	 8.0
1	2018	298	15308.0	 22.0	 29.0	3.000	 0.0	 1.0
1	2018	299	17906.0	 22.0	 30.0	3.000	 1.0	 5.0
1	2018	300	19477.0	 22.0	 30.0	3.000	 1.0	 1.0
1	2018	301	17643.0	 22.0	 31.0	3.000	 1.0	16.0
1	2018	302	10077.0	 22.0	 28.0	3.000	 1.0	18.0
1	2018	303	16770.0	 22.0	 30.0	3.000	 0.0	 4.0
1	2018	304	18098.0	 23.0	 30.0	3.000	 1.0	 4.0
1	2018	305	16345.0	 23.0	 30.0	3.000	 2.0	 6.0
1	2018	306	14083.0	 24.0	 29.0	3.000	 2.0	15.0
1	2018	307	16929.0	 23.0	 29.0	3.000	 1.0	 2.0
1	2018	308	13715.0	 22.0	 28.0	3.000	 1.0	 9.0
1	2018	309	17018.0	 22.0	 30.0	3.000	 1.0	 9.0
1	2018	310	14531.0	 22.0	 29.0	3.000	 1.0	13.0
1	2018	311	19113.0	 22.0	 30.0	3.000	 1.0	 9.0
1	2018	312	16656.0	 22.0	 29.0	3.000	 1.0	 1.0
1	2018	313	16679.0	 22.0	 30.0	3.000	 1.0	 1.0
1	2018	314	19973.0	 23.0	 31.0	3.000	 1.0	 3.0
1	2018	315	16160.0	 23.0	 30.0	3.000	 1.0	 2.0
1	2018	316	18642.0	 23.0	 31.0	3.000	 1.0	 2.0
1	2018	317	17784.0	 23.0	 31.0	3.000	 1.0	 2.0
1	2018	318	15673.0	 24.0	 31.0	3.000	 2.0	 1.0
1	2018	319	16926.0	 23.0	 31.0	3.000	 1.0	 6.0
1	2018	320	18493.0	 22.0	 31.0	3.000	 1.0	 4.0
1	2018	321	19218.0	 23.0	 31.0	3.000	 1.0	 6.0
1	2018	322	18709.0	 23.0	 30.0	3.000	 1.0	 3.0
1	2018	323	16575.0	 23.0	 31.0	3.000	 0.0	 6.0
1	2018	324	15960.0	 22.0	 31.0	3.000	 0.0	12.0
1	2018	325	18348.0	 22.0	 30.0	3.000	 1.0	 3.0
1	2018	326	17013.0	 23.0	 30.0	3.000	 1.0	 1.0
1	2018	327	15393.0	 23.0	 30.0	3.000	 1.0	 2.0
1	2018	328	16396.0	 24.0	 30.0	3.000	 1.0	 3.0
1	2018	329	16110.0	 23.0	 31.0	3.000	 1.0	 0.0
1	2018	330	16885.0	 23.0	 30.0	3.000	 2.0	 1.0
1	2018	331	17465.0	 23.0	 31.0	3.000	 1.0	 1.0
1	2018	332	16340.0	 23.0	 30.0	3.000	 1.0	13.0
1	2018	333	16572.0	 23.0	 30.0	3.000	 1.0	 1.0
1	2018	334	16257.0	 23.0	 30.0	3.000	 2.0	 6.0
1	2018	335	14861.0	 23.0	 30.0	3.000	 1.0	 6.0
1	2018	336	16247.0	 23.0	 31.0	3.000	 1.0	 3.0
1	2018	337	14551.0	 23.0	 29.0	3.000	 1.0	 6.0
1	2018	338	17196.0	 23.0	 30.0	3.000	 0.0	 1.0
1	2018	339	17984.0	 23.0	 31.0	3.000	 1.0	 4.0
1	2018	340	18628.0	 23.0	 31.0	3.000	 1.0	 1.0
1	2018	341	16757.0	 23.0	 30.0	3.000	 1.0	 1.0
1	2018	342	15598.0	 23.0	 30.0	3.000	 1.0	 1.0
1	2018	343	17940.0	 23.0	 31.0	3.000	 1.0	 0.0
1	2018	344	16462.0	 23.0	 30.0	3.000	 1.0	 3.0
1	2018	345	16733.0	 23.0	 30.0	3.000	 1.0	 6.0
1	2018	346	16912.0	 23.0	 30.0	3.000	 1.0	11.0
1	2018	347	15325.0	 22.0	 30.0	3.000	 0.0	 8.0
1	2018	348	17723.0	 23.0	 30.0	3.000	 1.0	 2.0
1	2018	349	19110.0	 23.0	 32.0	3.000	 1.0	 0.0
1	2018	350	17238.0	 24.0	 30.0	3.000	 1.0	 2.0
1	2018	351	18394.0	 23.0	 31.0	3.000	 1.0	 1.0
1	2018	352	15594.0	 24.0	 31.0	3.000	 1.0	 3.0
1	2018	353	15012.0	 24.0	 30.0	3.000	 1.0	 1.0
1	2018	354	16976.0	 23.0	 31.0	3.000	 1.0	 0.0
1	2018	355	18247.0	 23.0	 31.0	3.000	 1.0	 1.0
1	2018	356	17478.0	 23.0	 31.0	3.000	 1.0	 0.0
1	2018	357	18485.0	 22.0	 31.0	3.000	 1.0	 0.0
1	2018	358	19338.0	 23.0	 32.0	3.000	 1.0	 0.0
1	2018	359	20844.0	 23.0	 33.0	3.000	 1.0	 0.0
1	2018	360	18786.0	 23.0	 32.0	3.000	 1.0	 0.0
1	2018	361	20485.0	 23.0	 33.0	3.000	 1.0	 0.0
1	2018	362	18232.0	 22.0	 31.0	3.000	 1.0	 0.0
1	2018	363	18876.0	 22.0	 32.0	3.000	 1.0	 1.0
1	2018	364	18852.0	 23.0	 31.0	3.000	 1.0	 1.0
1	2018	365	17931.0	 22.0	 31.0	3.000	 1.0	 2.0
