*---------------------------------------------------
* Station: Central
* Year: 2010
* Origin: ERA5-Reanalysis
* Columns & units
* ===================
* 1. station number
* 2. year
* 3. Day of Year
* 4. Irradiance   (kJ路m-2路d-1)
* 5. Daily minimum temperature (degC)
* 6. Daily maximum temperature (degC)
* 7. Vapour pressure (kPa)
* 8. Mean wind speed (m路s-1)
* 9. Precipitation (mm路d-1)
** WCCDESCRIPTION=Central
** WCCFORMAT=2
** WCCYEARNR=2010
*------------------------------------------------------------*
-1.22  5.57  116.00 -0.18  -0.55
1	2010	1	15423.0	 22.0	 30.0	3.000	 1.0	 1.0
1	2010	2	18246.0	 22.0	 31.0	3.000	 1.0	 1.0
1	2010	3	18723.0	 22.0	 32.0	3.000	 1.0	 0.0
1	2010	4	18457.0	 23.0	 31.0	3.000	 2.0	 1.0
1	2010	5	16923.0	 22.0	 31.0	3.000	 2.0	 0.0
1	2010	6	16176.0	 23.0	 31.0	3.000	 2.0	 2.0
1	2010	7	14653.0	 23.0	 30.0	3.000	 2.0	 2.0
1	2010	8	16604.0	 23.0	 31.0	3.000	 1.0	 2.0
1	2010	9	18016.0	 23.0	 32.0	3.000	 1.0	 1.0
1	2010	10	15806.0	 24.0	 30.0	3.000	 1.0	 3.0
1	2010	11	14867.0	 23.0	 31.0	3.000	 1.0	 1.0
1	2010	12	17382.0	 23.0	 32.0	3.000	 2.0	 0.0
1	2010	13	19305.0	 24.0	 32.0	3.000	 2.0	 0.0
1	2010	14	18739.0	 23.0	 32.0	3.000	 2.0	 0.0
1	2010	15	17907.0	 23.0	 32.0	3.000	 2.0	 3.0
1	2010	16	14879.0	 23.0	 31.0	3.000	 1.0	 1.0
1	2010	17	18304.0	 22.0	 32.0	3.000	 1.0	 0.0
1	2010	18	18045.0	 23.0	 31.0	3.000	 1.0	 6.0
1	2010	19	17093.0	 23.0	 31.0	3.000	 1.0	 2.0
1	2010	20	20912.0	 23.0	 32.0	3.000	 1.0	 0.0
1	2010	21	21363.0	 22.0	 32.0	3.000	 1.0	 0.0
1	2010	22	19447.0	 22.0	 32.0	3.000	 1.0	 0.0
1	2010	23	19692.0	 22.0	 32.0	3.000	 1.0	 1.0
1	2010	24	19738.0	 22.0	 32.0	3.000	 2.0	 1.0
1	2010	25	18071.0	 24.0	 32.0	3.000	 2.0	 5.0
1	2010	26	17226.0	 24.0	 32.0	3.000	 2.0	 1.0
1	2010	27	13460.0	 23.0	 30.0	3.000	 2.0	13.0
1	2010	28	16159.0	 22.0	 31.0	3.000	 1.0	 7.0
1	2010	29	16054.0	 23.0	 32.0	3.000	 2.0	 0.0
1	2010	30	21264.0	 24.0	 34.0	3.000	 1.0	 0.0
1	2010	31	19632.0	 24.0	 33.0	3.000	 1.0	 0.0
1	2010	32	19297.0	 24.0	 32.0	3.000	 2.0	 2.0
1	2010	33	17896.0	 24.0	 33.0	3.000	 2.0	 0.0
1	2010	34	21119.0	 24.0	 34.0	3.000	 2.0	 0.0
1	2010	35	19920.0	 24.0	 33.0	3.000	 2.0	 2.0
1	2010	36	19026.0	 23.0	 32.0	3.000	 1.0	 1.0
1	2010	37	22242.0	 23.0	 34.0	3.000	 1.0	 0.0
1	2010	38	20940.0	 24.0	 34.0	3.000	 1.0	 0.0
1	2010	39	20233.0	 23.0	 33.0	3.000	 1.0	 0.0
1	2010	40	18954.0	 24.0	 33.0	3.000	 2.0	 3.0
1	2010	41	17370.0	 25.0	 32.0	3.000	 2.0	 1.0
1	2010	42	17908.0	 24.0	 32.0	3.000	 2.0	 2.0
1	2010	43	14966.0	 24.0	 30.0	3.000	 2.0	10.0
1	2010	44	19762.0	 23.0	 32.0	3.000	 1.0	 4.0
1	2010	45	12474.0	 22.0	 30.0	3.000	 1.0	17.0
1	2010	46	22131.0	 22.0	 33.0	3.000	 1.0	 0.0
1	2010	47	23227.0	 22.0	 33.0	3.000	 2.0	 0.0
1	2010	48	21292.0	 23.0	 33.0	3.000	 2.0	 1.0
1	2010	49	19713.0	 24.0	 33.0	3.000	 2.0	 2.0
1	2010	50	20275.0	 24.0	 33.0	3.000	 2.0	 1.0
1	2010	51	17446.0	 24.0	 33.0	3.000	 2.0	 1.0
1	2010	52	16829.0	 25.0	 32.0	3.000	 2.0	 2.0
1	2010	53	17543.0	 25.0	 32.0	3.000	 2.0	 3.0
1	2010	54	17620.0	 25.0	 32.0	3.000	 2.0	 8.0
1	2010	55	17481.0	 24.0	 33.0	3.000	 2.0	 1.0
1	2010	56	17631.0	 25.0	 32.0	3.000	 3.0	 1.0
1	2010	57	17402.0	 25.0	 32.0	3.000	 2.0	 2.0
1	2010	58	18584.0	 24.0	 33.0	3.000	 2.0	 1.0
1	2010	59	19888.0	 24.0	 33.0	3.000	 2.0	 1.0
1	2010	60	19754.0	 24.0	 33.0	3.000	 2.0	 1.0
1	2010	61	20658.0	 24.0	 33.0	3.000	 1.0	 1.0
1	2010	62	19544.0	 24.0	 33.0	3.000	 2.0	 2.0
1	2010	63	17860.0	 25.0	 33.0	3.000	 2.0	 3.0
1	2010	64	18703.0	 25.0	 32.0	3.000	 2.0	 3.0
1	2010	65	18921.0	 24.0	 31.0	3.000	 2.0	 4.0
1	2010	66	19176.0	 23.0	 32.0	3.000	 2.0	 1.0
1	2010	67	20743.0	 23.0	 33.0	3.000	 2.0	 3.0
1	2010	68	16288.0	 24.0	 31.0	3.000	 2.0	11.0
1	2010	69	14378.0	 24.0	 30.0	3.000	 2.0	 2.0
1	2010	70	19128.0	 24.0	 32.0	3.000	 2.0	 4.0
1	2010	71	18709.0	 24.0	 32.0	3.000	 2.0	 7.0
1	2010	72	18930.0	 24.0	 32.0	3.000	 2.0	 4.0
1	2010	73	16792.0	 24.0	 31.0	3.000	 2.0	 7.0
1	2010	74	17490.0	 23.0	 32.0	3.000	 2.0	 9.0
1	2010	75	11483.0	 24.0	 29.0	3.000	 1.0	 1.0
1	2010	76	19142.0	 24.0	 32.0	3.000	 1.0	 0.0
1	2010	77	21321.0	 24.0	 34.0	3.000	 1.0	 2.0
1	2010	78	20020.0	 24.0	 32.0	3.000	 1.0	 8.0
1	2010	79	16723.0	 24.0	 31.0	3.000	 1.0	 8.0
1	2010	80	19847.0	 23.0	 32.0	3.000	 0.0	 3.0
1	2010	81	21579.0	 23.0	 32.0	3.000	 1.0	 9.0
1	2010	82	23377.0	 24.0	 34.0	3.000	 1.0	 0.0
1	2010	83	22079.0	 24.0	 33.0	3.000	 2.0	 0.0
1	2010	84	23068.0	 24.0	 33.0	3.000	 2.0	 1.0
1	2010	85	23064.0	 23.0	 34.0	3.000	 1.0	 1.0
1	2010	86	18117.0	 25.0	 32.0	3.000	 2.0	 2.0
1	2010	87	19752.0	 25.0	 33.0	3.000	 2.0	 2.0
1	2010	88	21146.0	 25.0	 33.0	3.000	 2.0	 1.0
1	2010	89	17926.0	 25.0	 32.0	3.000	 2.0	 8.0
1	2010	90	21058.0	 24.0	 32.0	3.000	 2.0	 1.0
1	2010	91	19662.0	 24.0	 33.0	3.000	 2.0	 1.0
1	2010	92	19968.0	 24.0	 33.0	3.000	 2.0	 2.0
1	2010	93	17507.0	 25.0	 32.0	3.000	 2.0	 7.0
1	2010	94	20300.0	 24.0	 33.0	3.000	 2.0	 1.0
1	2010	95	24328.0	 24.0	 34.0	3.000	 2.0	 3.0
1	2010	96	17801.0	 23.0	 31.0	3.000	 1.0	 3.0
1	2010	97	21469.0	 24.0	 33.0	3.000	 1.0	 2.0
1	2010	98	21403.0	 25.0	 33.0	3.000	 2.0	 1.0
1	2010	99	19763.0	 25.0	 32.0	3.000	 2.0	 4.0
1	2010	100	19339.0	 24.0	 31.0	3.000	 1.0	 4.0
1	2010	101	20897.0	 24.0	 32.0	3.000	 2.0	 1.0
1	2010	102	21864.0	 24.0	 33.0	3.000	 2.0	 2.0
1	2010	103	20159.0	 25.0	 32.0	3.000	 2.0	 3.0
1	2010	104	20801.0	 24.0	 33.0	3.000	 2.0	 3.0
1	2010	105	17715.0	 25.0	 32.0	3.000	 2.0	 9.0
1	2010	106	19081.0	 24.0	 32.0	3.000	 2.0	 6.0
1	2010	107	21424.0	 23.0	 33.0	3.000	 0.0	 1.0
1	2010	108	24055.0	 25.0	 34.0	3.000	 1.0	 0.0
1	2010	109	23231.0	 24.0	 34.0	3.000	 2.0	 8.0
1	2010	110	11115.0	 24.0	 30.0	3.000	 2.0	 7.0
1	2010	111	16170.0	 24.0	 31.0	3.000	 2.0	 1.0
1	2010	112	20061.0	 24.0	 33.0	3.000	 2.0	 5.0
1	2010	113	19513.0	 25.0	 32.0	3.000	 1.0	 6.0
1	2010	114	17994.0	 24.0	 31.0	3.000	 1.0	 7.0
1	2010	115	19253.0	 24.0	 31.0	3.000	 1.0	 3.0
1	2010	116	16480.0	 24.0	 29.0	3.000	 2.0	 6.0
1	2010	117	17981.0	 24.0	 31.0	3.000	 1.0	 9.0
1	2010	118	16333.0	 24.0	 29.0	3.000	 1.0	11.0
1	2010	119	13653.0	 24.0	 30.0	3.000	 1.0	11.0
1	2010	120	18990.0	 23.0	 31.0	3.000	 1.0	 7.0
1	2010	121	18514.0	 24.0	 31.0	3.000	 1.0	 4.0
1	2010	122	12495.0	 24.0	 29.0	3.000	 1.0	16.0
1	2010	123	14292.0	 23.0	 30.0	3.000	 1.0	 2.0
1	2010	124	16993.0	 24.0	 31.0	3.000	 1.0	 0.0
1	2010	125	15329.0	 24.0	 30.0	3.000	 2.0	 7.0
1	2010	126	18836.0	 23.0	 31.0	3.000	 1.0	 7.0
1	2010	127	16711.0	 23.0	 30.0	3.000	 1.0	 6.0
1	2010	128	15516.0	 23.0	 30.0	3.000	 1.0	15.0
1	2010	129	20067.0	 23.0	 31.0	3.000	 1.0	 1.0
1	2010	130	20236.0	 24.0	 31.0	3.000	 1.0	 2.0
1	2010	131	19507.0	 24.0	 31.0	3.000	 1.0	 1.0
1	2010	132	20296.0	 25.0	 31.0	3.000	 2.0	 1.0
1	2010	133	19459.0	 24.0	 31.0	3.000	 2.0	 9.0
1	2010	134	18431.0	 24.0	 31.0	3.000	 1.0	 1.0
1	2010	135	19973.0	 23.0	 31.0	3.000	 2.0	 1.0
1	2010	136	17539.0	 23.0	 30.0	3.000	 2.0	 6.0
1	2010	137	19417.0	 23.0	 31.0	3.000	 1.0	 5.0
1	2010	138	18031.0	 23.0	 30.0	3.000	 2.0	 2.0
1	2010	139	15869.0	 24.0	 30.0	3.000	 2.0	 3.0
1	2010	140	15704.0	 23.0	 29.0	3.000	 1.0	11.0
1	2010	141	11028.0	 24.0	 28.0	3.000	 1.0	17.0
1	2010	142	19746.0	 23.0	 31.0	3.000	 1.0	13.0
1	2010	143	16359.0	 23.0	 29.0	3.000	 1.0	 5.0
1	2010	144	16918.0	 23.0	 30.0	3.000	 1.0	 8.0
1	2010	145	19499.0	 24.0	 31.0	3.000	 1.0	 6.0
1	2010	146	13707.0	 24.0	 29.0	3.000	 1.0	 3.0
1	2010	147	15996.0	 24.0	 30.0	3.000	 1.0	 5.0
1	2010	148	14547.0	 23.0	 28.0	3.000	 1.0	11.0
1	2010	149	15026.0	 23.0	 29.0	3.000	 1.0	11.0
1	2010	150	12443.0	 23.0	 28.0	3.000	 2.0	 5.0
1	2010	151	15298.0	 23.0	 29.0	3.000	 2.0	 7.0
1	2010	152	13382.0	 24.0	 29.0	3.000	 1.0	 7.0
1	2010	153	15176.0	 23.0	 30.0	3.000	 1.0	11.0
1	2010	154	15714.0	 23.0	 29.0	3.000	 2.0	12.0
1	2010	155	6778.0	 23.0	 26.0	3.000	 2.0	23.0
1	2010	156	15245.0	 22.0	 29.0	3.000	 1.0	 6.0
1	2010	157	16325.0	 22.0	 30.0	3.000	 1.0	 2.0
1	2010	158	14179.0	 23.0	 29.0	3.000	 1.0	18.0
1	2010	159	13851.0	 23.0	 28.0	3.000	 2.0	13.0
1	2010	160	16618.0	 23.0	 29.0	3.000	 2.0	 8.0
1	2010	161	6292.0	 22.0	 25.0	3.000	 1.0	30.0
1	2010	162	14786.0	 22.0	 29.0	3.000	 1.0	 6.0
1	2010	163	14574.0	 23.0	 29.0	3.000	 1.0	 8.0
1	2010	164	11701.0	 23.0	 28.0	3.000	 2.0	 9.0
1	2010	165	10513.0	 23.0	 27.0	3.000	 2.0	10.0
1	2010	166	15336.0	 23.0	 29.0	3.000	 2.0	 8.0
1	2010	167	12186.0	 22.0	 28.0	3.000	 1.0	12.0
1	2010	168	16842.0	 22.0	 29.0	3.000	 1.0	 4.0
1	2010	169	15996.0	 22.0	 29.0	3.000	 2.0	 2.0
1	2010	170	15421.0	 23.0	 28.0	3.000	 2.0	 2.0
1	2010	171	14410.0	 23.0	 29.0	3.000	 2.0	 8.0
1	2010	172	16953.0	 23.0	 29.0	3.000	 1.0	 9.0
1	2010	173	15215.0	 23.0	 29.0	3.000	 1.0	 9.0
1	2010	174	14593.0	 23.0	 28.0	3.000	 2.0	 5.0
1	2010	175	13734.0	 23.0	 29.0	3.000	 2.0	13.0
1	2010	176	13211.0	 22.0	 28.0	3.000	 3.0	12.0
1	2010	177	9328.0	 22.0	 26.0	3.000	 2.0	 1.0
1	2010	178	14067.0	 22.0	 27.0	3.000	 2.0	 2.0
1	2010	179	15133.0	 23.0	 29.0	3.000	 2.0	 1.0
1	2010	180	14015.0	 21.0	 28.0	3.000	 1.0	 1.0
1	2010	181	17251.0	 22.0	 30.0	3.000	 2.0	 1.0
1	2010	182	4468.0	 22.0	 24.0	3.000	 2.0	35.0
1	2010	183	4781.0	 22.0	 25.0	3.000	 1.0	 2.0
1	2010	184	14615.0	 22.0	 29.0	3.000	 2.0	 8.0
1	2010	185	18102.0	 22.0	 30.0	3.000	 2.0	 8.0
1	2010	186	15959.0	 22.0	 28.0	3.000	 2.0	14.0
1	2010	187	16513.0	 22.0	 28.0	3.000	 2.0	 3.0
1	2010	188	14751.0	 23.0	 28.0	3.000	 2.0	 9.0
1	2010	189	16124.0	 22.0	 29.0	3.000	 2.0	 2.0
1	2010	190	14874.0	 23.0	 28.0	3.000	 2.0	14.0
1	2010	191	14067.0	 22.0	 27.0	3.000	 3.0	 9.0
1	2010	192	12615.0	 22.0	 27.0	3.000	 2.0	 0.0
1	2010	193	18293.0	 20.0	 29.0	3.000	 1.0	 0.0
1	2010	194	15736.0	 22.0	 28.0	3.000	 2.0	 3.0
1	2010	195	14572.0	 22.0	 28.0	3.000	 2.0	 8.0
1	2010	196	15147.0	 22.0	 28.0	3.000	 3.0	 6.0
1	2010	197	6907.0	 22.0	 25.0	3.000	 3.0	10.0
1	2010	198	12920.0	 22.0	 27.0	3.000	 2.0	 2.0
1	2010	199	16984.0	 21.0	 29.0	3.000	 1.0	 0.0
1	2010	200	13383.0	 20.0	 28.0	3.000	 2.0	 1.0
1	2010	201	12616.0	 22.0	 27.0	3.000	 3.0	 0.0
1	2010	202	9843.0	 22.0	 26.0	3.000	 3.0	 0.0
1	2010	203	22894.0	 20.0	 30.0	2.000	 3.0	 0.0
1	2010	204	16341.0	 21.0	 27.0	2.000	 3.0	 0.0
1	2010	205	12140.0	 20.0	 26.0	2.000	 2.0	 0.0
1	2010	206	13142.0	 20.0	 27.0	2.000	 2.0	 0.0
1	2010	207	13569.0	 20.0	 27.0	3.000	 2.0	 1.0
1	2010	208	7918.0	 22.0	 25.0	3.000	 2.0	 3.0
1	2010	209	17912.0	 22.0	 28.0	3.000	 3.0	 2.0
1	2010	210	15442.0	 21.0	 28.0	3.000	 2.0	 1.0
1	2010	211	12762.0	 21.0	 27.0	2.000	 3.0	 1.0
1	2010	212	12586.0	 21.0	 27.0	3.000	 2.0	 1.0
1	2010	213	17062.0	 19.0	 27.0	3.000	 2.0	 2.0
1	2010	214	14753.0	 19.0	 28.0	3.000	 2.0	 1.0
1	2010	215	12528.0	 21.0	 27.0	3.000	 2.0	 2.0
1	2010	216	17106.0	 22.0	 27.0	3.000	 3.0	 2.0
1	2010	217	16911.0	 22.0	 29.0	3.000	 2.0	 1.0
1	2010	218	11510.0	 21.0	 28.0	3.000	 2.0	 1.0
1	2010	219	11546.0	 22.0	 28.0	3.000	 2.0	 1.0
1	2010	220	14694.0	 23.0	 28.0	3.000	 3.0	 2.0
1	2010	221	12006.0	 22.0	 28.0	3.000	 2.0	 6.0
1	2010	222	14578.0	 22.0	 30.0	3.000	 2.0	 5.0
1	2010	223	10785.0	 22.0	 27.0	3.000	 3.0	 5.0
1	2010	224	13582.0	 22.0	 27.0	3.000	 3.0	 4.0
1	2010	225	17247.0	 22.0	 29.0	3.000	 2.0	 4.0
1	2010	226	11709.0	 22.0	 27.0	3.000	 2.0	 6.0
1	2010	227	16493.0	 22.0	 29.0	3.000	 2.0	 3.0
1	2010	228	14322.0	 23.0	 29.0	3.000	 2.0	 5.0
1	2010	229	11102.0	 23.0	 27.0	3.000	 2.0	15.0
1	2010	230	15358.0	 22.0	 28.0	3.000	 2.0	 1.0
1	2010	231	19210.0	 21.0	 29.0	3.000	 2.0	 2.0
1	2010	232	7170.0	 22.0	 26.0	3.000	 2.0	 1.0
1	2010	233	3129.0	 22.0	 23.0	3.000	 2.0	40.0
1	2010	234	12329.0	 22.0	 27.0	3.000	 2.0	 3.0
1	2010	235	14371.0	 22.0	 28.0	3.000	 2.0	 2.0
1	2010	236	9377.0	 22.0	 27.0	3.000	 2.0	 8.0
1	2010	237	15013.0	 21.0	 28.0	3.000	 2.0	16.0
1	2010	238	19484.0	 22.0	 29.0	3.000	 2.0	 2.0
1	2010	239	13218.0	 23.0	 27.0	3.000	 2.0	 3.0
1	2010	240	15731.0	 22.0	 28.0	3.000	 2.0	12.0
1	2010	241	15552.0	 23.0	 28.0	3.000	 2.0	 7.0
1	2010	242	17112.0	 23.0	 28.0	3.000	 3.0	 1.0
1	2010	243	17571.0	 23.0	 29.0	3.000	 3.0	 2.0
1	2010	244	15889.0	 22.0	 27.0	3.000	 3.0	 2.0
1	2010	245	18286.0	 22.0	 29.0	3.000	 2.0	 1.0
1	2010	246	10375.0	 23.0	 27.0	3.000	 2.0	 2.0
1	2010	247	16479.0	 23.0	 29.0	3.000	 2.0	 8.0
1	2010	248	13193.0	 22.0	 28.0	3.000	 2.0	 3.0
1	2010	249	13879.0	 23.0	 28.0	3.000	 3.0	 2.0
1	2010	250	19115.0	 23.0	 29.0	3.000	 2.0	 2.0
1	2010	251	10095.0	 22.0	 26.0	3.000	 3.0	 1.0
1	2010	252	17527.0	 22.0	 29.0	3.000	 2.0	11.0
1	2010	253	16466.0	 22.0	 29.0	3.000	 2.0	 9.0
1	2010	254	13391.0	 22.0	 28.0	3.000	 2.0	 5.0
1	2010	255	15858.0	 22.0	 30.0	3.000	 1.0	 9.0
1	2010	256	17147.0	 22.0	 29.0	3.000	 2.0	 1.0
1	2010	257	17100.0	 23.0	 30.0	3.000	 2.0	 6.0
1	2010	258	15744.0	 23.0	 29.0	3.000	 2.0	10.0
1	2010	259	17819.0	 21.0	 30.0	3.000	 1.0	 3.0
1	2010	260	15258.0	 23.0	 28.0	3.000	 2.0	 7.0
1	2010	261	8141.0	 22.0	 26.0	3.000	 2.0	12.0
1	2010	262	15126.0	 22.0	 28.0	3.000	 1.0	13.0
1	2010	263	16441.0	 22.0	 29.0	3.000	 2.0	 5.0
1	2010	264	12845.0	 22.0	 27.0	3.000	 2.0	 7.0
1	2010	265	19396.0	 21.0	 30.0	3.000	 2.0	 5.0
1	2010	266	8386.0	 22.0	 26.0	3.000	 2.0	19.0
1	2010	267	7246.0	 22.0	 25.0	3.000	 1.0	10.0
1	2010	268	18685.0	 21.0	 29.0	3.000	 2.0	 3.0
1	2010	269	17948.0	 22.0	 28.0	3.000	 2.0	 1.0
1	2010	270	15054.0	 22.0	 29.0	3.000	 1.0	16.0
1	2010	271	13686.0	 22.0	 28.0	3.000	 1.0	 5.0
1	2010	272	19105.0	 22.0	 30.0	3.000	 1.0	 4.0
1	2010	273	15933.0	 23.0	 29.0	3.000	 1.0	11.0
1	2010	274	15881.0	 22.0	 29.0	3.000	 1.0	 7.0
1	2010	275	18767.0	 23.0	 29.0	3.000	 2.0	 7.0
1	2010	276	15876.0	 23.0	 29.0	3.000	 1.0	13.0
1	2010	277	14226.0	 22.0	 28.0	3.000	 2.0	16.0
1	2010	278	15805.0	 22.0	 29.0	3.000	 1.0	 7.0
1	2010	279	17209.0	 22.0	 29.0	3.000	 2.0	11.0
1	2010	280	13852.0	 22.0	 29.0	3.000	 1.0	11.0
1	2010	281	14521.0	 22.0	 29.0	3.000	 1.0	10.0
1	2010	282	19033.0	 21.0	 30.0	3.000	 1.0	 9.0
1	2010	283	15772.0	 23.0	 29.0	3.000	 1.0	 5.0
1	2010	284	15212.0	 23.0	 28.0	3.000	 2.0	 6.0
1	2010	285	16299.0	 22.0	 29.0	3.000	 1.0	 9.0
1	2010	286	17235.0	 22.0	 29.0	3.000	 1.0	 6.0
1	2010	287	13684.0	 22.0	 29.0	3.000	 2.0	14.0
1	2010	288	15499.0	 23.0	 29.0	3.000	 1.0	 5.0
1	2010	289	19952.0	 22.0	 30.0	3.000	 1.0	 1.0
1	2010	290	18541.0	 23.0	 30.0	3.000	 1.0	 4.0
1	2010	291	16350.0	 23.0	 29.0	3.000	 2.0	11.0
1	2010	292	14553.0	 23.0	 29.0	3.000	 2.0	13.0
1	2010	293	14839.0	 23.0	 28.0	3.000	 1.0	 9.0
1	2010	294	17585.0	 22.0	 30.0	3.000	 0.0	13.0
1	2010	295	20672.0	 21.0	 31.0	3.000	 1.0	 6.0
1	2010	296	17134.0	 22.0	 29.0	3.000	 1.0	 7.0
1	2010	297	15440.0	 23.0	 29.0	3.000	 1.0	 6.0
1	2010	298	15760.0	 22.0	 29.0	3.000	 2.0	 9.0
1	2010	299	15023.0	 21.0	 28.0	3.000	 1.0	13.0
1	2010	300	17902.0	 22.0	 29.0	3.000	 1.0	 2.0
1	2010	301	17861.0	 22.0	 30.0	3.000	 1.0	13.0
1	2010	302	18682.0	 22.0	 30.0	3.000	 1.0	 5.0
1	2010	303	13376.0	 22.0	 29.0	3.000	 1.0	14.0
1	2010	304	16572.0	 22.0	 29.0	3.000	 1.0	11.0
1	2010	305	14714.0	 23.0	 29.0	3.000	 1.0	10.0
1	2010	306	14504.0	 22.0	 29.0	3.000	 1.0	10.0
1	2010	307	18994.0	 22.0	 30.0	3.000	 1.0	 2.0
1	2010	308	15461.0	 23.0	 29.0	3.000	 1.0	 2.0
1	2010	309	18201.0	 23.0	 30.0	3.000	 1.0	 8.0
1	2010	310	12993.0	 22.0	 29.0	3.000	 1.0	13.0
1	2010	311	18362.0	 23.0	 29.0	3.000	 1.0	 9.0
1	2010	312	18060.0	 22.0	 30.0	3.000	 1.0	 1.0
1	2010	313	20607.0	 22.0	 30.0	3.000	 1.0	 1.0
1	2010	314	18412.0	 22.0	 29.0	3.000	 1.0	 4.0
1	2010	315	15541.0	 22.0	 30.0	3.000	 1.0	 2.0
1	2010	316	16742.0	 23.0	 31.0	3.000	 2.0	 2.0
1	2010	317	14960.0	 23.0	 29.0	3.000	 2.0	 9.0
1	2010	318	16302.0	 22.0	 29.0	3.000	 1.0	 6.0
1	2010	319	17565.0	 22.0	 29.0	3.000	 1.0	 1.0
1	2010	320	19985.0	 21.0	 31.0	3.000	 1.0	 3.0
1	2010	321	16283.0	 23.0	 29.0	3.000	 2.0	 8.0
1	2010	322	16639.0	 22.0	 30.0	3.000	 1.0	 6.0
1	2010	323	16151.0	 22.0	 29.0	3.000	 1.0	 1.0
1	2010	324	19628.0	 22.0	 31.0	3.000	 1.0	 1.0
1	2010	325	14555.0	 23.0	 29.0	3.000	 1.0	 9.0
1	2010	326	13105.0	 22.0	 28.0	3.000	 1.0	11.0
1	2010	327	17704.0	 22.0	 30.0	3.000	 1.0	 2.0
1	2010	328	18627.0	 22.0	 30.0	3.000	 1.0	 1.0
1	2010	329	20020.0	 22.0	 31.0	3.000	 1.0	 1.0
1	2010	330	14753.0	 23.0	 30.0	3.000	 1.0	 9.0
1	2010	331	13686.0	 23.0	 29.0	3.000	 1.0	 8.0
1	2010	332	16609.0	 22.0	 29.0	3.000	 1.0	 6.0
1	2010	333	18708.0	 21.0	 30.0	3.000	 1.0	 1.0
1	2010	334	18395.0	 22.0	 30.0	3.000	 1.0	 1.0
1	2010	335	16787.0	 22.0	 30.0	3.000	 1.0	 0.0
1	2010	336	17435.0	 22.0	 30.0	3.000	 1.0	 3.0
1	2010	337	16479.0	 22.0	 30.0	3.000	 1.0	 1.0
1	2010	338	17574.0	 22.0	 31.0	3.000	 1.0	 2.0
1	2010	339	16644.0	 23.0	 30.0	3.000	 1.0	 1.0
1	2010	340	13826.0	 24.0	 29.0	3.000	 1.0	 1.0
1	2010	341	16190.0	 22.0	 30.0	3.000	 1.0	 2.0
1	2010	342	15180.0	 21.0	 29.0	3.000	 1.0	 2.0
1	2010	343	16442.0	 22.0	 30.0	3.000	 1.0	 4.0
1	2010	344	17810.0	 22.0	 30.0	3.000	 1.0	 1.0
1	2010	345	17913.0	 22.0	 30.0	3.000	 1.0	 0.0
1	2010	346	20241.0	 21.0	 31.0	3.000	 1.0	 0.0
1	2010	347	17016.0	 22.0	 30.0	3.000	 1.0	 1.0
1	2010	348	19163.0	 22.0	 31.0	3.000	 1.0	 0.0
1	2010	349	18602.0	 22.0	 31.0	3.000	 1.0	 3.0
1	2010	350	16964.0	 22.0	 30.0	3.000	 1.0	 1.0
1	2010	351	16005.0	 23.0	 31.0	3.000	 1.0	 3.0
1	2010	352	16808.0	 23.0	 30.0	3.000	 1.0	 2.0
1	2010	353	19050.0	 22.0	 31.0	3.000	 1.0	 3.0
1	2010	354	15396.0	 23.0	 30.0	3.000	 1.0	 1.0
1	2010	355	16277.0	 23.0	 31.0	3.000	 2.0	 2.0
1	2010	356	14581.0	 23.0	 30.0	3.000	 2.0	 2.0
1	2010	357	16315.0	 22.0	 30.0	3.000	 1.0	 1.0
1	2010	358	17464.0	 22.0	 31.0	3.000	 1.0	 1.0
1	2010	359	18608.0	 22.0	 31.0	3.000	 1.0	 2.0
1	2010	360	17053.0	 21.0	 31.0	3.000	 1.0	 6.0
1	2010	361	18575.0	 22.0	 31.0	3.000	 1.0	 8.0
1	2010	362	15717.0	 22.0	 30.0	3.000	 1.0	 4.0
1	2010	363	15795.0	 23.0	 30.0	3.000	 1.0	 6.0
1	2010	364	15340.0	 22.0	 29.0	3.000	 1.0	 6.0
1	2010	365	17390.0	 22.0	 30.0	3.000	 0.0	 1.0
