*---------------------------------------------------
* Station: Western
* Year: 2017
* Origin: ERA5-Reanalysis
* Columns & units
* ===================
* 1. station number
* 2. year
* 3. Day of Year
* 4. Irradiance   (kJ路m-2路d-1)
* 5. Daily minimum temperature (degC)
* 6. Daily maximum temperature (degC)
* 7. Vapour pressure (kPa)
* 8. Mean wind speed (m路s-1)
* 9. Precipitation (mm路d-1)
** WCCDESCRIPTION=Western
** WCCFORMAT=2
** WCCYEARNR=2017
*------------------------------------------------------------*
-2.41  5.74  107.00 -0.18  -0.55
1	2017	1	18540.0	 23.0	 32.0	3.000	 1.0	 0.0
1	2017	2	17939.0	 24.0	 32.0	3.000	 1.0	 0.0
1	2017	3	18021.0	 24.0	 33.0	3.000	 1.0	 0.0
1	2017	4	18744.0	 24.0	 33.0	3.000	 1.0	 0.0
1	2017	5	18767.0	 24.0	 33.0	3.000	 1.0	 0.0
1	2017	6	19806.0	 24.0	 33.0	3.000	 1.0	 0.0
1	2017	7	19013.0	 24.0	 33.0	3.000	 1.0	 0.0
1	2017	8	16455.0	 24.0	 32.0	3.000	 1.0	 6.0
1	2017	9	16671.0	 23.0	 32.0	3.000	 1.0	 0.0
1	2017	10	18123.0	 24.0	 33.0	3.000	 1.0	 0.0
1	2017	11	17769.0	 25.0	 32.0	3.000	 2.0	 1.0
1	2017	12	16692.0	 25.0	 32.0	3.000	 2.0	 1.0
1	2017	13	17186.0	 24.0	 32.0	3.000	 1.0	 1.0
1	2017	14	20556.0	 23.0	 34.0	2.000	 0.0	 0.0
1	2017	15	19261.0	 24.0	 34.0	2.000	 1.0	 0.0
1	2017	16	19958.0	 22.0	 33.0	3.000	 2.0	 0.0
1	2017	17	20356.0	 22.0	 34.0	3.000	 2.0	 0.0
1	2017	18	16619.0	 24.0	 32.0	3.000	 2.0	 2.0
1	2017	19	17544.0	 24.0	 33.0	3.000	 2.0	 2.0
1	2017	20	14188.0	 24.0	 31.0	3.000	 2.0	 1.0
1	2017	21	13051.0	 24.0	 31.0	3.000	 2.0	 8.0
1	2017	22	14710.0	 24.0	 31.0	3.000	 2.0	11.0
1	2017	23	11444.0	 24.0	 29.0	3.000	 2.0	 3.0
1	2017	24	20902.0	 23.0	 33.0	3.000	 1.0	 0.0
1	2017	25	21597.0	 21.0	 33.0	2.000	 1.0	 0.0
1	2017	26	19884.0	 22.0	 33.0	3.000	 1.0	 0.0
1	2017	27	20201.0	 23.0	 34.0	3.000	 1.0	 0.0
1	2017	28	19808.0	 24.0	 34.0	3.000	 2.0	 0.0
1	2017	29	18948.0	 24.0	 34.0	3.000	 2.0	 0.0
1	2017	30	18026.0	 24.0	 33.0	3.000	 2.0	 2.0
1	2017	31	15342.0	 25.0	 32.0	3.000	 2.0	 2.0
1	2017	32	12353.0	 24.0	 30.0	3.000	 2.0	 6.0
1	2017	33	18688.0	 23.0	 33.0	3.000	 1.0	 0.0
1	2017	34	16411.0	 23.0	 32.0	3.000	 1.0	 2.0
1	2017	35	17147.0	 23.0	 32.0	3.000	 1.0	 0.0
1	2017	36	16895.0	 24.0	 32.0	3.000	 1.0	 1.0
1	2017	37	17673.0	 25.0	 33.0	3.000	 2.0	 1.0
1	2017	38	19426.0	 25.0	 34.0	3.000	 2.0	 1.0
1	2017	39	17979.0	 25.0	 33.0	3.000	 2.0	 1.0
1	2017	40	17566.0	 24.0	 33.0	3.000	 2.0	 8.0
1	2017	41	15050.0	 24.0	 31.0	3.000	 2.0	 9.0
1	2017	42	15659.0	 24.0	 31.0	3.000	 2.0	 2.0
1	2017	43	16009.0	 24.0	 32.0	3.000	 2.0	 1.0
1	2017	44	10482.0	 25.0	 30.0	3.000	 1.0	 5.0
1	2017	45	19627.0	 23.0	 33.0	3.000	 2.0	 0.0
1	2017	46	19545.0	 25.0	 34.0	3.000	 2.0	 0.0
1	2017	47	17360.0	 25.0	 32.0	3.000	 2.0	 3.0
1	2017	48	17155.0	 24.0	 32.0	3.000	 1.0	 4.0
1	2017	49	19093.0	 24.0	 33.0	3.000	 1.0	 0.0
1	2017	50	20866.0	 24.0	 34.0	3.000	 1.0	 1.0
1	2017	51	19273.0	 24.0	 33.0	3.000	 1.0	 3.0
1	2017	52	21159.0	 24.0	 34.0	3.000	 1.0	 0.0
1	2017	53	18998.0	 25.0	 33.0	3.000	 2.0	 1.0
1	2017	54	16522.0	 24.0	 31.0	3.000	 2.0	 1.0
1	2017	55	16190.0	 25.0	 32.0	3.000	 2.0	 3.0
1	2017	56	16219.0	 25.0	 31.0	3.000	 2.0	 3.0
1	2017	57	15846.0	 24.0	 31.0	3.000	 2.0	12.0
1	2017	58	14818.0	 23.0	 31.0	3.000	 2.0	 1.0
1	2017	59	19530.0	 24.0	 33.0	3.000	 2.0	 1.0
1	2017	60	15777.0	 24.0	 31.0	3.000	 2.0	 6.0
1	2017	61	15329.0	 24.0	 32.0	3.000	 2.0	 6.0
1	2017	62	14244.0	 24.0	 31.0	3.000	 2.0	 2.0
1	2017	63	14814.0	 25.0	 31.0	3.000	 2.0	 5.0
1	2017	64	15197.0	 24.0	 31.0	3.000	 2.0	 4.0
1	2017	65	16539.0	 23.0	 31.0	3.000	 2.0	 5.0
1	2017	66	14228.0	 23.0	 31.0	3.000	 2.0	 1.0
1	2017	67	18706.0	 24.0	 32.0	3.000	 2.0	 3.0
1	2017	68	18725.0	 25.0	 32.0	3.000	 2.0	 2.0
1	2017	69	17649.0	 25.0	 31.0	3.000	 2.0	 2.0
1	2017	70	15493.0	 24.0	 31.0	3.000	 2.0	 8.0
1	2017	71	16312.0	 24.0	 31.0	3.000	 2.0	 1.0
1	2017	72	17948.0	 24.0	 32.0	3.000	 2.0	 0.0
1	2017	73	18388.0	 23.0	 32.0	3.000	 2.0	 7.0
1	2017	74	18444.0	 23.0	 32.0	3.000	 1.0	 2.0
1	2017	75	19959.0	 24.0	 32.0	3.000	 2.0	 2.0
1	2017	76	18851.0	 25.0	 31.0	3.000	 3.0	 4.0
1	2017	77	20356.0	 24.0	 32.0	3.000	 2.0	 1.0
1	2017	78	17125.0	 24.0	 31.0	3.000	 3.0	 6.0
1	2017	79	13704.0	 24.0	 29.0	3.000	 2.0	 3.0
1	2017	80	14110.0	 25.0	 31.0	3.000	 2.0	 1.0
1	2017	81	19809.0	 25.0	 33.0	3.000	 3.0	 3.0
1	2017	82	15114.0	 23.0	 31.0	3.000	 2.0	18.0
1	2017	83	16035.0	 23.0	 31.0	3.000	 1.0	 8.0
1	2017	84	15696.0	 24.0	 31.0	3.000	 1.0	 7.0
1	2017	85	17830.0	 24.0	 32.0	3.000	 2.0	 1.0
1	2017	86	18306.0	 24.0	 32.0	3.000	 2.0	 5.0
1	2017	87	21550.0	 24.0	 33.0	3.000	 2.0	 0.0
1	2017	88	19887.0	 24.0	 33.0	3.000	 2.0	 2.0
1	2017	89	16308.0	 25.0	 31.0	3.000	 2.0	 8.0
1	2017	90	12281.0	 23.0	 30.0	3.000	 2.0	 2.0
1	2017	91	22386.0	 23.0	 33.0	3.000	 2.0	 1.0
1	2017	92	16301.0	 24.0	 31.0	3.000	 2.0	 2.0
1	2017	93	18241.0	 23.0	 32.0	3.000	 1.0	19.0
1	2017	94	12140.0	 23.0	 30.0	3.000	 1.0	17.0
1	2017	95	20405.0	 22.0	 32.0	3.000	 2.0	 7.0
1	2017	96	19083.0	 24.0	 31.0	3.000	 2.0	 3.0
1	2017	97	16087.0	 25.0	 31.0	3.000	 1.0	 7.0
1	2017	98	16092.0	 24.0	 31.0	3.000	 1.0	 9.0
1	2017	99	12426.0	 24.0	 30.0	3.000	 1.0	17.0
1	2017	100	14541.0	 23.0	 30.0	3.000	 1.0	 1.0
1	2017	101	18733.0	 23.0	 32.0	3.000	 2.0	 1.0
1	2017	102	16413.0	 25.0	 31.0	3.000	 2.0	 6.0
1	2017	103	15668.0	 25.0	 31.0	3.000	 2.0	 9.0
1	2017	104	15844.0	 24.0	 31.0	3.000	 2.0	 2.0
1	2017	105	16931.0	 24.0	 31.0	3.000	 1.0	 1.0
1	2017	106	16706.0	 23.0	 31.0	3.000	 1.0	 3.0
1	2017	107	21388.0	 23.0	 32.0	3.000	 1.0	 1.0
1	2017	108	14371.0	 23.0	 31.0	3.000	 1.0	 2.0
1	2017	109	16547.0	 23.0	 32.0	3.000	 1.0	 1.0
1	2017	110	18510.0	 24.0	 32.0	3.000	 2.0	 4.0
1	2017	111	6616.0	 23.0	 27.0	3.000	 1.0	 4.0
1	2017	112	20709.0	 22.0	 32.0	3.000	 1.0	 0.0
1	2017	113	21052.0	 23.0	 31.0	3.000	 1.0	 0.0
1	2017	114	20837.0	 24.0	 32.0	3.000	 2.0	 2.0
1	2017	115	15499.0	 25.0	 31.0	3.000	 2.0	 6.0
1	2017	116	18927.0	 23.0	 31.0	3.000	 1.0	 2.0
1	2017	117	21582.0	 23.0	 32.0	3.000	 1.0	 3.0
1	2017	118	17212.0	 23.0	 31.0	3.000	 1.0	 9.0
1	2017	119	16844.0	 24.0	 30.0	3.000	 1.0	 3.0
1	2017	120	18875.0	 24.0	 31.0	3.000	 1.0	 3.0
1	2017	121	19997.0	 24.0	 32.0	3.000	 2.0	 2.0
1	2017	122	17473.0	 23.0	 30.0	3.000	 2.0	 5.0
1	2017	123	17539.0	 24.0	 31.0	3.000	 1.0	 9.0
1	2017	124	11102.0	 23.0	 27.0	3.000	 1.0	21.0
1	2017	125	18354.0	 22.0	 31.0	3.000	 1.0	 3.0
1	2017	126	21407.0	 23.0	 33.0	3.000	 1.0	 0.0
1	2017	127	17937.0	 23.0	 31.0	3.000	 2.0	 2.0
1	2017	128	16838.0	 23.0	 30.0	3.000	 1.0	 5.0
1	2017	129	18788.0	 23.0	 31.0	3.000	 1.0	 6.0
1	2017	130	18268.0	 23.0	 31.0	3.000	 2.0	 3.0
1	2017	131	16303.0	 24.0	 31.0	3.000	 1.0	 1.0
1	2017	132	16417.0	 24.0	 31.0	3.000	 1.0	10.0
1	2017	133	21270.0	 23.0	 32.0	3.000	 0.0	 2.0
1	2017	134	13374.0	 24.0	 30.0	3.000	 2.0	 9.0
1	2017	135	15309.0	 23.0	 30.0	3.000	 1.0	 7.0
1	2017	136	16297.0	 23.0	 30.0	3.000	 2.0	 6.0
1	2017	137	19314.0	 23.0	 31.0	3.000	 2.0	 2.0
1	2017	138	15800.0	 23.0	 31.0	3.000	 2.0	 4.0
1	2017	139	19133.0	 23.0	 31.0	3.000	 1.0	 7.0
1	2017	140	21069.0	 22.0	 31.0	3.000	 1.0	 3.0
1	2017	141	12804.0	 23.0	 29.0	3.000	 1.0	 3.0
1	2017	142	19274.0	 23.0	 31.0	3.000	 2.0	 3.0
1	2017	143	17714.0	 24.0	 31.0	3.000	 2.0	 2.0
1	2017	144	16955.0	 24.0	 30.0	3.000	 2.0	 2.0
1	2017	145	14184.0	 23.0	 29.0	3.000	 2.0	 7.0
1	2017	146	8355.0	 23.0	 28.0	3.000	 1.0	11.0
1	2017	147	10916.0	 22.0	 28.0	3.000	 1.0	13.0
1	2017	148	17024.0	 23.0	 31.0	3.000	 1.0	 8.0
1	2017	149	19252.0	 23.0	 31.0	3.000	 1.0	 3.0
1	2017	150	15713.0	 23.0	 30.0	3.000	 2.0	 3.0
1	2017	151	15831.0	 23.0	 30.0	3.000	 1.0	10.0
1	2017	152	17718.0	 22.0	 31.0	3.000	 1.0	 7.0
1	2017	153	18577.0	 23.0	 31.0	3.000	 2.0	 3.0
1	2017	154	10433.0	 23.0	 28.0	3.000	 2.0	14.0
1	2017	155	13741.0	 23.0	 29.0	3.000	 1.0	10.0
1	2017	156	10808.0	 23.0	 27.0	3.000	 1.0	13.0
1	2017	157	12043.0	 23.0	 28.0	3.000	 1.0	 8.0
1	2017	158	14273.0	 22.0	 30.0	3.000	 1.0	 1.0
1	2017	159	19762.0	 22.0	 31.0	3.000	 1.0	 2.0
1	2017	160	18181.0	 23.0	 31.0	3.000	 2.0	 2.0
1	2017	161	10959.0	 24.0	 28.0	3.000	 1.0	 3.0
1	2017	162	9346.0	 23.0	 27.0	3.000	 1.0	 6.0
1	2017	163	10607.0	 23.0	 28.0	3.000	 2.0	15.0
1	2017	164	12252.0	 22.0	 28.0	3.000	 2.0	38.0
1	2017	165	15768.0	 23.0	 29.0	3.000	 2.0	 3.0
1	2017	166	15774.0	 23.0	 29.0	3.000	 2.0	 3.0
1	2017	167	8734.0	 23.0	 27.0	3.000	 2.0	18.0
1	2017	168	13581.0	 22.0	 29.0	3.000	 1.0	 7.0
1	2017	169	15735.0	 22.0	 29.0	3.000	 1.0	12.0
1	2017	170	13936.0	 23.0	 28.0	3.000	 2.0	 4.0
1	2017	171	4489.0	 22.0	 25.0	3.000	 2.0	14.0
1	2017	172	11393.0	 22.0	 28.0	3.000	 1.0	 1.0
1	2017	173	15293.0	 22.0	 30.0	3.000	 1.0	 1.0
1	2017	174	14252.0	 23.0	 30.0	3.000	 2.0	 2.0
1	2017	175	12733.0	 22.0	 28.0	3.000	 2.0	10.0
1	2017	176	14807.0	 22.0	 29.0	3.000	 1.0	 2.0
1	2017	177	8190.0	 22.0	 28.0	3.000	 1.0	 2.0
1	2017	178	11456.0	 22.0	 28.0	3.000	 1.0	12.0
1	2017	179	14456.0	 22.0	 29.0	3.000	 1.0	 2.0
1	2017	180	5558.0	 22.0	 25.0	3.000	 1.0	32.0
1	2017	181	10780.0	 22.0	 27.0	3.000	 1.0	 2.0
1	2017	182	13745.0	 22.0	 28.0	3.000	 2.0	 8.0
1	2017	183	10838.0	 22.0	 28.0	3.000	 2.0	16.0
1	2017	184	4821.0	 22.0	 24.0	3.000	 2.0	39.0
1	2017	185	14336.0	 22.0	 28.0	3.000	 2.0	 7.0
1	2017	186	12253.0	 22.0	 28.0	3.000	 2.0	 5.0
1	2017	187	12611.0	 22.0	 29.0	3.000	 2.0	17.0
1	2017	188	9054.0	 22.0	 27.0	3.000	 1.0	 6.0
1	2017	189	12988.0	 22.0	 27.0	3.000	 2.0	 4.0
1	2017	190	12160.0	 23.0	 27.0	3.000	 2.0	13.0
1	2017	191	16571.0	 22.0	 29.0	3.000	 3.0	 1.0
1	2017	192	24445.0	 20.0	 30.0	2.000	 2.0	 0.0
1	2017	193	16692.0	 19.0	 29.0	2.000	 2.0	 0.0
1	2017	194	16038.0	 20.0	 28.0	3.000	 2.0	 1.0
1	2017	195	17601.0	 21.0	 29.0	3.000	 2.0	 1.0
1	2017	196	18146.0	 21.0	 29.0	3.000	 2.0	 2.0
1	2017	197	17296.0	 23.0	 30.0	3.000	 2.0	 4.0
1	2017	198	15613.0	 22.0	 29.0	3.000	 2.0	 2.0
1	2017	199	11376.0	 23.0	 28.0	3.000	 2.0	 2.0
1	2017	200	14979.0	 23.0	 28.0	3.000	 2.0	 1.0
1	2017	201	14581.0	 23.0	 29.0	3.000	 2.0	 2.0
1	2017	202	13180.0	 23.0	 28.0	3.000	 2.0	 2.0
1	2017	203	15339.0	 23.0	 28.0	3.000	 2.0	 2.0
1	2017	204	8585.0	 22.0	 27.0	3.000	 3.0	 8.0
1	2017	205	3284.0	 22.0	 23.0	3.000	 2.0	 3.0
1	2017	206	7877.0	 22.0	 26.0	3.000	 3.0	 1.0
1	2017	207	12378.0	 23.0	 28.0	3.000	 2.0	 1.0
1	2017	208	16382.0	 22.0	 29.0	3.000	 2.0	 1.0
1	2017	209	14957.0	 23.0	 29.0	3.000	 2.0	 2.0
1	2017	210	13725.0	 23.0	 29.0	3.000	 2.0	12.0
1	2017	211	13547.0	 22.0	 28.0	3.000	 2.0	 1.0
1	2017	212	13678.0	 23.0	 29.0	3.000	 2.0	 1.0
1	2017	213	8717.0	 23.0	 27.0	3.000	 2.0	 2.0
1	2017	214	8836.0	 23.0	 26.0	3.000	 2.0	13.0
1	2017	215	13943.0	 22.0	 28.0	3.000	 2.0	 7.0
1	2017	216	10775.0	 23.0	 28.0	3.000	 2.0	 1.0
1	2017	217	8110.0	 22.0	 26.0	3.000	 3.0	 2.0
1	2017	218	10016.0	 22.0	 27.0	3.000	 3.0	 1.0
1	2017	219	16617.0	 21.0	 29.0	3.000	 2.0	 1.0
1	2017	220	15790.0	 22.0	 29.0	3.000	 2.0	 1.0
1	2017	221	17841.0	 22.0	 30.0	3.000	 2.0	 1.0
1	2017	222	13725.0	 22.0	 29.0	3.000	 2.0	 2.0
1	2017	223	16293.0	 22.0	 29.0	3.000	 2.0	 1.0
1	2017	224	14626.0	 22.0	 30.0	3.000	 2.0	 2.0
1	2017	225	12709.0	 23.0	 29.0	3.000	 2.0	 3.0
1	2017	226	15056.0	 23.0	 29.0	3.000	 2.0	 2.0
1	2017	227	5584.0	 23.0	 26.0	3.000	 3.0	 1.0
1	2017	228	15854.0	 22.0	 29.0	3.000	 2.0	 0.0
1	2017	229	7861.0	 22.0	 27.0	3.000	 2.0	 1.0
1	2017	230	5448.0	 23.0	 25.0	3.000	 3.0	 1.0
1	2017	231	14539.0	 22.0	 28.0	3.000	 2.0	 1.0
1	2017	232	14417.0	 21.0	 29.0	3.000	 2.0	 1.0
1	2017	233	13603.0	 22.0	 28.0	3.000	 2.0	 2.0
1	2017	234	10904.0	 22.0	 27.0	3.000	 3.0	 3.0
1	2017	235	16779.0	 22.0	 29.0	3.000	 2.0	 1.0
1	2017	236	16721.0	 22.0	 30.0	3.000	 2.0	 1.0
1	2017	237	8606.0	 22.0	 26.0	3.000	 2.0	 9.0
1	2017	238	6833.0	 22.0	 26.0	3.000	 1.0	12.0
1	2017	239	6768.0	 21.0	 26.0	3.000	 2.0	 3.0
1	2017	240	12947.0	 20.0	 29.0	3.000	 1.0	 0.0
1	2017	241	6346.0	 22.0	 26.0	3.000	 3.0	 0.0
1	2017	242	11200.0	 23.0	 27.0	3.000	 3.0	 3.0
1	2017	243	11808.0	 23.0	 27.0	3.000	 3.0	 2.0
1	2017	244	13272.0	 23.0	 29.0	3.000	 2.0	 5.0
1	2017	245	11855.0	 22.0	 28.0	3.000	 2.0	 3.0
1	2017	246	12224.0	 23.0	 27.0	3.000	 2.0	 1.0
1	2017	247	12885.0	 22.0	 29.0	3.000	 2.0	 7.0
1	2017	248	12812.0	 22.0	 29.0	3.000	 1.0	 1.0
1	2017	249	6523.0	 23.0	 26.0	3.000	 2.0	 2.0
1	2017	250	6163.0	 22.0	 26.0	3.000	 2.0	16.0
1	2017	251	14362.0	 22.0	 29.0	3.000	 2.0	 2.0
1	2017	252	10385.0	 23.0	 28.0	3.000	 2.0	 1.0
1	2017	253	13236.0	 22.0	 29.0	3.000	 2.0	12.0
1	2017	254	13964.0	 22.0	 30.0	3.000	 1.0	10.0
1	2017	255	5294.0	 22.0	 24.0	3.000	 2.0	 7.0
1	2017	256	18632.0	 22.0	 30.0	3.000	 2.0	 1.0
1	2017	257	15006.0	 22.0	 29.0	3.000	 2.0	 1.0
1	2017	258	11165.0	 22.0	 27.0	3.000	 2.0	 5.0
1	2017	259	16573.0	 23.0	 29.0	3.000	 3.0	 3.0
1	2017	260	15223.0	 23.0	 28.0	3.000	 2.0	 2.0
1	2017	261	16906.0	 22.0	 30.0	3.000	 1.0	 1.0
1	2017	262	12790.0	 23.0	 29.0	3.000	 2.0	 1.0
1	2017	263	13551.0	 23.0	 28.0	3.000	 2.0	 2.0
1	2017	264	17709.0	 23.0	 30.0	3.000	 2.0	 2.0
1	2017	265	13433.0	 23.0	 28.0	3.000	 3.0	 1.0
1	2017	266	19054.0	 23.0	 30.0	3.000	 2.0	 2.0
1	2017	267	16255.0	 22.0	 30.0	3.000	 1.0	 2.0
1	2017	268	16232.0	 22.0	 30.0	3.000	 1.0	 6.0
1	2017	269	18460.0	 23.0	 31.0	3.000	 1.0	 8.0
1	2017	270	10686.0	 23.0	 28.0	3.000	 1.0	23.0
1	2017	271	16312.0	 22.0	 30.0	3.000	 1.0	10.0
1	2017	272	7559.0	 22.0	 26.0	3.000	 1.0	22.0
1	2017	273	9164.0	 22.0	 27.0	3.000	 1.0	 7.0
1	2017	274	17883.0	 22.0	 31.0	3.000	 1.0	 4.0
1	2017	275	18369.0	 22.0	 30.0	3.000	 1.0	 2.0
1	2017	276	18805.0	 23.0	 31.0	3.000	 1.0	 5.0
1	2017	277	14548.0	 23.0	 29.0	3.000	 2.0	 6.0
1	2017	278	17096.0	 23.0	 30.0	3.000	 1.0	 8.0
1	2017	279	6975.0	 22.0	 26.0	3.000	 1.0	17.0
1	2017	280	13016.0	 22.0	 28.0	3.000	 2.0	 9.0
1	2017	281	9891.0	 22.0	 27.0	3.000	 1.0	 8.0
1	2017	282	17972.0	 22.0	 30.0	3.000	 1.0	 1.0
1	2017	283	16238.0	 23.0	 30.0	3.000	 1.0	 3.0
1	2017	284	14879.0	 23.0	 29.0	3.000	 2.0	15.0
1	2017	285	18726.0	 23.0	 30.0	3.000	 1.0	 2.0
1	2017	286	15594.0	 23.0	 30.0	3.000	 2.0	 4.0
1	2017	287	17495.0	 23.0	 30.0	3.000	 1.0	 2.0
1	2017	288	16052.0	 23.0	 29.0	3.000	 2.0	 4.0
1	2017	289	13890.0	 23.0	 29.0	3.000	 1.0	 3.0
1	2017	290	11820.0	 23.0	 29.0	3.000	 1.0	14.0
1	2017	291	15092.0	 23.0	 30.0	3.000	 2.0	 7.0
1	2017	292	16611.0	 23.0	 30.0	3.000	 1.0	18.0
1	2017	293	16683.0	 23.0	 31.0	3.000	 1.0	 8.0
1	2017	294	17694.0	 23.0	 31.0	3.000	 1.0	 1.0
1	2017	295	15144.0	 23.0	 30.0	3.000	 2.0	 1.0
1	2017	296	15386.0	 23.0	 31.0	3.000	 1.0	13.0
1	2017	297	18816.0	 23.0	 31.0	3.000	 1.0	 1.0
1	2017	298	15023.0	 23.0	 30.0	3.000	 1.0	13.0
1	2017	299	15589.0	 22.0	 31.0	3.000	 1.0	 2.0
1	2017	300	14916.0	 22.0	 30.0	3.000	 1.0	 8.0
1	2017	301	13025.0	 23.0	 29.0	3.000	 1.0	 7.0
1	2017	302	15224.0	 23.0	 30.0	3.000	 1.0	17.0
1	2017	303	18214.0	 22.0	 31.0	3.000	 1.0	 1.0
1	2017	304	16954.0	 23.0	 30.0	3.000	 1.0	12.0
1	2017	305	16386.0	 22.0	 30.0	3.000	 1.0	 3.0
1	2017	306	14205.0	 22.0	 30.0	3.000	 1.0	10.0
1	2017	307	16188.0	 22.0	 30.0	3.000	 1.0	 5.0
1	2017	308	16513.0	 23.0	 30.0	3.000	 2.0	12.0
1	2017	309	16696.0	 22.0	 30.0	3.000	 1.0	10.0
1	2017	310	12066.0	 22.0	 28.0	3.000	 1.0	13.0
1	2017	311	17523.0	 21.0	 30.0	3.000	 1.0	 5.0
1	2017	312	19548.0	 21.0	 31.0	3.000	 1.0	 5.0
1	2017	313	15119.0	 22.0	 30.0	3.000	 1.0	 2.0
1	2017	314	17722.0	 22.0	 30.0	3.000	 1.0	 5.0
1	2017	315	16051.0	 21.0	 30.0	3.000	 1.0	 2.0
1	2017	316	19266.0	 22.0	 31.0	3.000	 1.0	 1.0
1	2017	317	16310.0	 22.0	 30.0	3.000	 1.0	 1.0
1	2017	318	13286.0	 22.0	 29.0	3.000	 1.0	 3.0
1	2017	319	12861.0	 22.0	 29.0	3.000	 1.0	10.0
1	2017	320	13148.0	 22.0	 29.0	3.000	 1.0	 4.0
1	2017	321	12991.0	 23.0	 29.0	3.000	 2.0	 1.0
1	2017	322	13355.0	 22.0	 30.0	3.000	 1.0	 2.0
1	2017	323	15416.0	 23.0	 30.0	3.000	 2.0	 2.0
1	2017	324	16236.0	 22.0	 30.0	3.000	 1.0	 2.0
1	2017	325	16988.0	 22.0	 31.0	3.000	 0.0	 1.0
1	2017	326	9435.0	 22.0	 28.0	3.000	 1.0	 9.0
1	2017	327	12619.0	 21.0	 29.0	3.000	 1.0	15.0
1	2017	328	12592.0	 21.0	 28.0	3.000	 1.0	 2.0
1	2017	329	13958.0	 22.0	 29.0	3.000	 1.0	 8.0
1	2017	330	15387.0	 22.0	 30.0	3.000	 1.0	 2.0
1	2017	331	16774.0	 23.0	 30.0	3.000	 1.0	 2.0
1	2017	332	18727.0	 21.0	 31.0	3.000	 1.0	 0.0
1	2017	333	18012.0	 23.0	 31.0	3.000	 1.0	 0.0
1	2017	334	18655.0	 22.0	 31.0	3.000	 1.0	 0.0
1	2017	335	17293.0	 22.0	 31.0	3.000	 1.0	 0.0
1	2017	336	17574.0	 23.0	 30.0	3.000	 1.0	 2.0
1	2017	337	15351.0	 22.0	 30.0	3.000	 1.0	 1.0
1	2017	338	13410.0	 23.0	 30.0	3.000	 1.0	 1.0
1	2017	339	13655.0	 23.0	 30.0	3.000	 1.0	 1.0
1	2017	340	15444.0	 24.0	 30.0	3.000	 2.0	 2.0
1	2017	341	14102.0	 24.0	 31.0	3.000	 1.0	 1.0
1	2017	342	11986.0	 23.0	 29.0	3.000	 1.0	 9.0
1	2017	343	15032.0	 22.0	 30.0	3.000	 1.0	 6.0
1	2017	344	17267.0	 21.0	 30.0	3.000	 0.0	 0.0
1	2017	345	17625.0	 23.0	 30.0	3.000	 0.0	 0.0
1	2017	346	11687.0	 23.0	 29.0	3.000	 1.0	 0.0
1	2017	347	17484.0	 22.0	 31.0	3.000	 1.0	 0.0
1	2017	348	15567.0	 23.0	 30.0	3.000	 1.0	 1.0
1	2017	349	16197.0	 23.0	 30.0	3.000	 2.0	 1.0
1	2017	350	12437.0	 24.0	 29.0	3.000	 2.0	 5.0
1	2017	351	15089.0	 24.0	 30.0	3.000	 2.0	 2.0
1	2017	352	15155.0	 24.0	 30.0	3.000	 2.0	 0.0
1	2017	353	12070.0	 22.0	 29.0	3.000	 2.0	14.0
1	2017	354	10676.0	 22.0	 28.0	3.000	 1.0	 5.0
1	2017	355	12914.0	 22.0	 29.0	3.000	 1.0	 3.0
1	2017	356	16685.0	 22.0	 30.0	3.000	 1.0	 1.0
1	2017	357	19788.0	 21.0	 30.0	2.000	 1.0	 0.0
1	2017	358	20344.0	 21.0	 31.0	2.000	 1.0	 0.0
1	2017	359	20353.0	 21.0	 31.0	2.000	 1.0	 0.0
1	2017	360	19081.0	 21.0	 31.0	3.000	 0.0	 0.0
1	2017	361	18696.0	 22.0	 32.0	3.000	 1.0	 0.0
1	2017	362	18727.0	 24.0	 32.0	3.000	 1.0	 0.0
1	2017	363	17883.0	 23.0	 32.0	3.000	 1.0	 0.0
1	2017	364	17265.0	 23.0	 32.0	3.000	 1.0	 0.0
1	2017	365	19280.0	 24.0	 32.0	3.000	 1.0	 0.0
