*---------------------------------------------------
* Station: Western
* Year: 2014
* Origin: ERA5-Reanalysis
* Columns & units
* ===================
* 1. station number
* 2. year
* 3. Day of Year
* 4. Irradiance   (kJ路m-2路d-1)
* 5. Daily minimum temperature (degC)
* 6. Daily maximum temperature (degC)
* 7. Vapour pressure (kPa)
* 8. Mean wind speed (m路s-1)
* 9. Precipitation (mm路d-1)
** WCCDESCRIPTION=Western
** WCCFORMAT=2
** WCCYEARNR=2014
*------------------------------------------------------------*
-2.41  5.74  107.00 -0.18  -0.55
1	2014	1	15088.0	 23.0	 30.0	3.000	 1.0	 1.0
1	2014	2	13309.0	 22.0	 30.0	3.000	 1.0	 5.0
1	2014	3	16674.0	 22.0	 31.0	3.000	 1.0	 0.0
1	2014	4	19103.0	 23.0	 31.0	3.000	 1.0	 0.0
1	2014	5	17263.0	 24.0	 31.0	3.000	 1.0	 0.0
1	2014	6	18871.0	 23.0	 32.0	3.000	 1.0	 0.0
1	2014	7	18305.0	 23.0	 32.0	3.000	 1.0	 0.0
1	2014	8	18101.0	 21.0	 32.0	3.000	 2.0	 0.0
1	2014	9	14276.0	 23.0	 30.0	3.000	 2.0	 2.0
1	2014	10	14900.0	 23.0	 30.0	3.000	 1.0	 1.0
1	2014	11	14739.0	 23.0	 30.0	3.000	 1.0	 2.0
1	2014	12	14726.0	 23.0	 31.0	3.000	 1.0	 1.0
1	2014	13	16410.0	 23.0	 31.0	3.000	 1.0	 1.0
1	2014	14	17758.0	 24.0	 31.0	3.000	 2.0	 1.0
1	2014	15	17218.0	 24.0	 31.0	3.000	 2.0	 2.0
1	2014	16	17400.0	 24.0	 32.0	3.000	 2.0	 0.0
1	2014	17	15227.0	 23.0	 31.0	3.000	 2.0	 2.0
1	2014	18	14606.0	 23.0	 30.0	3.000	 2.0	 2.0
1	2014	19	18221.0	 22.0	 32.0	3.000	 0.0	 4.0
1	2014	20	19246.0	 22.0	 33.0	3.000	 1.0	 0.0
1	2014	21	17889.0	 24.0	 33.0	3.000	 1.0	 1.0
1	2014	22	18168.0	 24.0	 32.0	3.000	 2.0	 0.0
1	2014	23	15283.0	 24.0	 30.0	3.000	 2.0	 2.0
1	2014	24	16169.0	 24.0	 31.0	3.000	 2.0	 3.0
1	2014	25	17441.0	 24.0	 31.0	3.000	 2.0	 2.0
1	2014	26	15639.0	 23.0	 31.0	3.000	 2.0	 8.0
1	2014	27	15404.0	 23.0	 31.0	3.000	 2.0	 1.0
1	2014	28	17926.0	 23.0	 32.0	3.000	 2.0	 1.0
1	2014	29	15835.0	 24.0	 30.0	3.000	 3.0	 1.0
1	2014	30	17157.0	 24.0	 31.0	3.000	 2.0	 7.0
1	2014	31	13531.0	 24.0	 30.0	3.000	 1.0	 5.0
1	2014	32	11723.0	 22.0	 29.0	3.000	 0.0	 5.0
1	2014	33	21300.0	 22.0	 33.0	2.000	 0.0	 0.0
1	2014	34	22044.0	 22.0	 33.0	2.000	 1.0	 0.0
1	2014	35	21318.0	 22.0	 33.0	3.000	 1.0	 0.0
1	2014	36	20008.0	 23.0	 34.0	3.000	 1.0	 0.0
1	2014	37	18841.0	 23.0	 33.0	3.000	 1.0	 0.0
1	2014	38	16682.0	 24.0	 32.0	3.000	 2.0	 1.0
1	2014	39	16044.0	 24.0	 32.0	3.000	 2.0	 1.0
1	2014	40	17270.0	 24.0	 32.0	3.000	 2.0	 5.0
1	2014	41	14298.0	 24.0	 31.0	3.000	 2.0	 2.0
1	2014	42	14596.0	 24.0	 30.0	3.000	 2.0	 6.0
1	2014	43	14483.0	 23.0	 30.0	3.000	 1.0	 1.0
1	2014	44	16670.0	 22.0	 32.0	3.000	 1.0	 3.0
1	2014	45	14247.0	 22.0	 29.0	3.000	 1.0	 2.0
1	2014	46	16598.0	 23.0	 31.0	3.000	 2.0	 5.0
1	2014	47	12117.0	 23.0	 29.0	3.000	 1.0	 7.0
1	2014	48	17063.0	 22.0	 31.0	3.000	 1.0	 6.0
1	2014	49	14402.0	 23.0	 30.0	3.000	 1.0	 1.0
1	2014	50	15559.0	 24.0	 31.0	3.000	 2.0	 3.0
1	2014	51	14442.0	 23.0	 31.0	3.000	 2.0	 4.0
1	2014	52	17818.0	 24.0	 32.0	3.000	 1.0	 1.0
1	2014	53	19242.0	 24.0	 33.0	3.000	 2.0	 0.0
1	2014	54	19548.0	 24.0	 34.0	3.000	 3.0	 0.0
1	2014	55	16208.0	 25.0	 32.0	3.000	 3.0	 5.0
1	2014	56	16462.0	 24.0	 31.0	3.000	 3.0	 3.0
1	2014	57	13859.0	 24.0	 30.0	3.000	 2.0	 5.0
1	2014	58	17490.0	 23.0	 32.0	3.000	 2.0	 1.0
1	2014	59	10531.0	 23.0	 28.0	3.000	 1.0	11.0
1	2014	60	14134.0	 23.0	 29.0	3.000	 1.0	 6.0
1	2014	61	20743.0	 23.0	 33.0	3.000	 1.0	 0.0
1	2014	62	19760.0	 24.0	 33.0	3.000	 2.0	 0.0
1	2014	63	19588.0	 24.0	 33.0	3.000	 2.0	 3.0
1	2014	64	19075.0	 24.0	 33.0	3.000	 2.0	 2.0
1	2014	65	18038.0	 24.0	 31.0	3.000	 2.0	 6.0
1	2014	66	13304.0	 23.0	 30.0	3.000	 1.0	 9.0
1	2014	67	17760.0	 23.0	 31.0	3.000	 2.0	 0.0
1	2014	68	15562.0	 24.0	 31.0	3.000	 3.0	 7.0
1	2014	69	17579.0	 24.0	 31.0	3.000	 3.0	 3.0
1	2014	70	18332.0	 24.0	 31.0	3.000	 2.0	 3.0
1	2014	71	21452.0	 23.0	 33.0	3.000	 2.0	 0.0
1	2014	72	20846.0	 24.0	 33.0	3.000	 1.0	 1.0
1	2014	73	16750.0	 23.0	 32.0	3.000	 2.0	 4.0
1	2014	74	19836.0	 23.0	 33.0	3.000	 2.0	 6.0
1	2014	75	14373.0	 24.0	 30.0	3.000	 2.0	 6.0
1	2014	76	10802.0	 23.0	 30.0	3.000	 2.0	20.0
1	2014	77	14894.0	 22.0	 30.0	3.000	 2.0	17.0
1	2014	78	14244.0	 23.0	 31.0	3.000	 2.0	 2.0
1	2014	79	13982.0	 23.0	 31.0	3.000	 2.0	11.0
1	2014	80	17195.0	 24.0	 32.0	3.000	 2.0	 9.0
1	2014	81	17771.0	 24.0	 32.0	3.000	 2.0	 5.0
1	2014	82	14175.0	 24.0	 30.0	3.000	 2.0	14.0
1	2014	83	17272.0	 24.0	 31.0	3.000	 1.0	 6.0
1	2014	84	21294.0	 24.0	 33.0	3.000	 1.0	 2.0
1	2014	85	17039.0	 23.0	 31.0	3.000	 2.0	 7.0
1	2014	86	14127.0	 24.0	 30.0	3.000	 2.0	 4.0
1	2014	87	11074.0	 24.0	 29.0	3.000	 2.0	 1.0
1	2014	88	18184.0	 23.0	 31.0	3.000	 2.0	 0.0
1	2014	89	20985.0	 24.0	 32.0	3.000	 2.0	 2.0
1	2014	90	19967.0	 24.0	 33.0	3.000	 1.0	 2.0
1	2014	91	21140.0	 24.0	 32.0	3.000	 1.0	 1.0
1	2014	92	19695.0	 24.0	 32.0	3.000	 2.0	 0.0
1	2014	93	17776.0	 24.0	 32.0	3.000	 2.0	 2.0
1	2014	94	17751.0	 23.0	 32.0	3.000	 2.0	 1.0
1	2014	95	19468.0	 23.0	 32.0	3.000	 2.0	 1.0
1	2014	96	18872.0	 23.0	 31.0	3.000	 2.0	 1.0
1	2014	97	21020.0	 24.0	 32.0	3.000	 2.0	 2.0
1	2014	98	20568.0	 24.0	 31.0	3.000	 2.0	 1.0
1	2014	99	15991.0	 24.0	 31.0	3.000	 2.0	 8.0
1	2014	100	19941.0	 22.0	 32.0	3.000	 2.0	 7.0
1	2014	101	17621.0	 23.0	 31.0	3.000	 2.0	10.0
1	2014	102	20673.0	 24.0	 32.0	3.000	 2.0	 1.0
1	2014	103	18198.0	 24.0	 31.0	3.000	 1.0	 7.0
1	2014	104	15065.0	 23.0	 30.0	3.000	 1.0	 0.0
1	2014	105	23170.0	 22.0	 32.0	3.000	 1.0	 0.0
1	2014	106	21876.0	 23.0	 33.0	3.000	 2.0	 3.0
1	2014	107	18440.0	 24.0	 31.0	3.000	 2.0	 1.0
1	2014	108	17203.0	 23.0	 31.0	3.000	 2.0	 5.0
1	2014	109	15249.0	 23.0	 30.0	3.000	 1.0	 8.0
1	2014	110	15332.0	 22.0	 30.0	3.000	 2.0	 1.0
1	2014	111	11693.0	 23.0	 29.0	3.000	 1.0	13.0
1	2014	112	18049.0	 24.0	 31.0	3.000	 2.0	11.0
1	2014	113	15675.0	 24.0	 31.0	3.000	 2.0	 1.0
1	2014	114	16332.0	 23.0	 31.0	3.000	 2.0	 6.0
1	2014	115	15402.0	 24.0	 31.0	3.000	 2.0	14.0
1	2014	116	16515.0	 24.0	 31.0	3.000	 1.0	12.0
1	2014	117	13115.0	 23.0	 29.0	3.000	 1.0	 3.0
1	2014	118	19237.0	 23.0	 31.0	3.000	 1.0	 0.0
1	2014	119	12558.0	 23.0	 29.0	3.000	 1.0	16.0
1	2014	120	10671.0	 23.0	 29.0	3.000	 2.0	12.0
1	2014	121	12666.0	 23.0	 29.0	3.000	 1.0	 9.0
1	2014	122	19829.0	 24.0	 32.0	3.000	 1.0	 2.0
1	2014	123	18105.0	 24.0	 31.0	3.000	 1.0	 1.0
1	2014	124	19729.0	 24.0	 32.0	3.000	 1.0	 5.0
1	2014	125	17217.0	 25.0	 30.0	3.000	 2.0	 3.0
1	2014	126	10459.0	 23.0	 29.0	3.000	 1.0	12.0
1	2014	127	11611.0	 23.0	 28.0	3.000	 2.0	10.0
1	2014	128	5190.0	 23.0	 25.0	3.000	 1.0	35.0
1	2014	129	6540.0	 22.0	 25.0	3.000	 1.0	28.0
1	2014	130	16882.0	 23.0	 30.0	3.000	 1.0	 5.0
1	2014	131	21026.0	 22.0	 32.0	3.000	 0.0	 4.0
1	2014	132	15841.0	 23.0	 30.0	3.000	 1.0	 5.0
1	2014	133	16151.0	 24.0	 31.0	3.000	 2.0	12.0
1	2014	134	14035.0	 24.0	 30.0	3.000	 1.0	 8.0
1	2014	135	14192.0	 22.0	 30.0	3.000	 0.0	 2.0
1	2014	136	14328.0	 22.0	 30.0	3.000	 1.0	10.0
1	2014	137	18329.0	 22.0	 31.0	3.000	 1.0	 9.0
1	2014	138	19183.0	 22.0	 31.0	3.000	 1.0	 2.0
1	2014	139	20698.0	 22.0	 32.0	3.000	 0.0	 3.0
1	2014	140	17762.0	 23.0	 31.0	3.000	 1.0	 4.0
1	2014	141	14641.0	 23.0	 30.0	3.000	 2.0	14.0
1	2014	142	16682.0	 23.0	 31.0	3.000	 2.0	 3.0
1	2014	143	16344.0	 23.0	 30.0	3.000	 1.0	 6.0
1	2014	144	16738.0	 22.0	 30.0	3.000	 2.0	 4.0
1	2014	145	17838.0	 22.0	 31.0	3.000	 1.0	 2.0
1	2014	146	17387.0	 22.0	 31.0	3.000	 1.0	 2.0
1	2014	147	15623.0	 24.0	 30.0	3.000	 2.0	 7.0
1	2014	148	17309.0	 23.0	 30.0	3.000	 2.0	 2.0
1	2014	149	13367.0	 23.0	 29.0	3.000	 2.0	 7.0
1	2014	150	12119.0	 22.0	 28.0	3.000	 1.0	24.0
1	2014	151	12013.0	 23.0	 28.0	3.000	 1.0	 3.0
1	2014	152	15636.0	 22.0	 30.0	3.000	 1.0	 2.0
1	2014	153	8815.0	 23.0	 27.0	3.000	 1.0	14.0
1	2014	154	18194.0	 23.0	 30.0	3.000	 1.0	 2.0
1	2014	155	13948.0	 24.0	 30.0	3.000	 2.0	 3.0
1	2014	156	1694.0	 23.0	 24.0	3.000	 2.0	127.0
1	2014	157	10298.0	 23.0	 27.0	3.000	 1.0	12.0
1	2014	158	11809.0	 21.0	 28.0	3.000	 1.0	 5.0
1	2014	159	18177.0	 22.0	 31.0	3.000	 1.0	 2.0
1	2014	160	13282.0	 23.0	 29.0	3.000	 2.0	 5.0
1	2014	161	10175.0	 22.0	 27.0	3.000	 2.0	 9.0
1	2014	162	10962.0	 23.0	 28.0	3.000	 1.0	 3.0
1	2014	163	12287.0	 23.0	 29.0	3.000	 1.0	24.0
1	2014	164	9403.0	 22.0	 27.0	3.000	 1.0	10.0
1	2014	165	14679.0	 22.0	 29.0	3.000	 2.0	 4.0
1	2014	166	16255.0	 23.0	 29.0	3.000	 2.0	 2.0
1	2014	167	16354.0	 23.0	 30.0	3.000	 2.0	 1.0
1	2014	168	15199.0	 23.0	 30.0	3.000	 2.0	 6.0
1	2014	169	6492.0	 23.0	 25.0	3.000	 1.0	44.0
1	2014	170	16159.0	 22.0	 29.0	3.000	 2.0	 6.0
1	2014	171	15632.0	 23.0	 29.0	3.000	 2.0	 3.0
1	2014	172	16297.0	 23.0	 29.0	3.000	 2.0	 3.0
1	2014	173	13483.0	 23.0	 29.0	3.000	 2.0	 1.0
1	2014	174	11213.0	 22.0	 27.0	3.000	 1.0	 4.0
1	2014	175	14897.0	 22.0	 29.0	3.000	 2.0	10.0
1	2014	176	13294.0	 23.0	 29.0	3.000	 2.0	12.0
1	2014	177	10727.0	 22.0	 28.0	3.000	 2.0	 8.0
1	2014	178	11672.0	 23.0	 27.0	3.000	 2.0	 9.0
1	2014	179	13295.0	 22.0	 27.0	3.000	 2.0	21.0
1	2014	180	12996.0	 21.0	 28.0	3.000	 2.0	 1.0
1	2014	181	11811.0	 22.0	 27.0	3.000	 1.0	14.0
1	2014	182	14457.0	 22.0	 27.0	3.000	 2.0	 3.0
1	2014	183	5752.0	 22.0	 25.0	3.000	 1.0	13.0
1	2014	184	10520.0	 22.0	 27.0	3.000	 2.0	16.0
1	2014	185	10714.0	 22.0	 28.0	3.000	 1.0	21.0
1	2014	186	11194.0	 22.0	 26.0	3.000	 2.0	 5.0
1	2014	187	13612.0	 21.0	 28.0	3.000	 2.0	 3.0
1	2014	188	9810.0	 22.0	 26.0	3.000	 2.0	 4.0
1	2014	189	14235.0	 22.0	 28.0	3.000	 2.0	 1.0
1	2014	190	19069.0	 22.0	 30.0	3.000	 1.0	 0.0
1	2014	191	12273.0	 21.0	 28.0	3.000	 2.0	 1.0
1	2014	192	14318.0	 22.0	 28.0	3.000	 2.0	 2.0
1	2014	193	14243.0	 23.0	 29.0	3.000	 2.0	 0.0
1	2014	194	16181.0	 23.0	 28.0	3.000	 2.0	 1.0
1	2014	195	15675.0	 23.0	 28.0	3.000	 2.0	 1.0
1	2014	196	10907.0	 21.0	 28.0	3.000	 2.0	 2.0
1	2014	197	7177.0	 22.0	 26.0	3.000	 2.0	15.0
1	2014	198	2820.0	 22.0	 24.0	3.000	 2.0	46.0
1	2014	199	9140.0	 21.0	 27.0	3.000	 2.0	 6.0
1	2014	200	14954.0	 22.0	 29.0	3.000	 2.0	 1.0
1	2014	201	14475.0	 23.0	 28.0	3.000	 2.0	 2.0
1	2014	202	13357.0	 23.0	 28.0	3.000	 3.0	 1.0
1	2014	203	15550.0	 22.0	 28.0	3.000	 3.0	 2.0
1	2014	204	9362.0	 22.0	 27.0	3.000	 2.0	 3.0
1	2014	205	13963.0	 22.0	 27.0	3.000	 2.0	 8.0
1	2014	206	13986.0	 23.0	 28.0	3.000	 3.0	 2.0
1	2014	207	11954.0	 22.0	 28.0	3.000	 2.0	 2.0
1	2014	208	13106.0	 23.0	 28.0	3.000	 2.0	 4.0
1	2014	209	7426.0	 22.0	 26.0	3.000	 2.0	 3.0
1	2014	210	13467.0	 23.0	 28.0	3.000	 2.0	 3.0
1	2014	211	8930.0	 23.0	 27.0	3.000	 2.0	 1.0
1	2014	212	12513.0	 23.0	 28.0	3.000	 2.0	 2.0
1	2014	213	12368.0	 23.0	 28.0	3.000	 2.0	 4.0
1	2014	214	15081.0	 23.0	 29.0	3.000	 2.0	 2.0
1	2014	215	14487.0	 22.0	 28.0	3.000	 3.0	 2.0
1	2014	216	13784.0	 22.0	 28.0	3.000	 2.0	 2.0
1	2014	217	11262.0	 22.0	 27.0	3.000	 3.0	13.0
1	2014	218	14805.0	 22.0	 28.0	3.000	 3.0	 8.0
1	2014	219	13380.0	 22.0	 28.0	3.000	 3.0	 2.0
1	2014	220	11612.0	 23.0	 27.0	3.000	 3.0	 2.0
1	2014	221	15799.0	 22.0	 27.0	3.000	 3.0	 2.0
1	2014	222	15092.0	 22.0	 29.0	3.000	 2.0	 1.0
1	2014	223	13949.0	 22.0	 28.0	3.000	 2.0	 2.0
1	2014	224	11836.0	 21.0	 27.0	3.000	 2.0	 2.0
1	2014	225	11155.0	 22.0	 26.0	3.000	 3.0	 1.0
1	2014	226	11053.0	 21.0	 27.0	2.000	 2.0	 1.0
1	2014	227	14751.0	 21.0	 29.0	3.000	 2.0	 1.0
1	2014	228	7966.0	 21.0	 26.0	3.000	 3.0	 2.0
1	2014	229	17068.0	 23.0	 28.0	3.000	 3.0	 3.0
1	2014	230	17224.0	 22.0	 30.0	3.000	 2.0	 1.0
1	2014	231	13432.0	 22.0	 29.0	3.000	 1.0	11.0
1	2014	232	8359.0	 22.0	 26.0	3.000	 2.0	 8.0
1	2014	233	12708.0	 22.0	 27.0	3.000	 3.0	 8.0
1	2014	234	17411.0	 22.0	 29.0	3.000	 2.0	 1.0
1	2014	235	10165.0	 22.0	 28.0	3.000	 2.0	 1.0
1	2014	236	11645.0	 22.0	 28.0	3.000	 2.0	 2.0
1	2014	237	13345.0	 23.0	 28.0	3.000	 2.0	 3.0
1	2014	238	8507.0	 22.0	 27.0	3.000	 2.0	11.0
1	2014	239	9884.0	 22.0	 27.0	3.000	 2.0	 4.0
1	2014	240	12290.0	 22.0	 29.0	3.000	 1.0	 1.0
1	2014	241	12892.0	 22.0	 28.0	3.000	 2.0	 3.0
1	2014	242	11843.0	 23.0	 27.0	3.000	 2.0	 7.0
1	2014	243	16323.0	 22.0	 28.0	3.000	 3.0	 2.0
1	2014	244	9607.0	 22.0	 27.0	3.000	 3.0	10.0
1	2014	245	10537.0	 22.0	 26.0	3.000	 2.0	 3.0
1	2014	246	17884.0	 22.0	 29.0	3.000	 2.0	 3.0
1	2014	247	14534.0	 22.0	 30.0	3.000	 2.0	 4.0
1	2014	248	12366.0	 22.0	 28.0	3.000	 2.0	 8.0
1	2014	249	13382.0	 22.0	 28.0	3.000	 2.0	 2.0
1	2014	250	15381.0	 23.0	 28.0	3.000	 2.0	 2.0
1	2014	251	10474.0	 22.0	 28.0	3.000	 2.0	 3.0
1	2014	252	12390.0	 21.0	 28.0	3.000	 2.0	 2.0
1	2014	253	13446.0	 22.0	 27.0	3.000	 2.0	 9.0
1	2014	254	17090.0	 22.0	 29.0	3.000	 2.0	 2.0
1	2014	255	12424.0	 22.0	 28.0	3.000	 1.0	 3.0
1	2014	256	19131.0	 22.0	 29.0	3.000	 2.0	 1.0
1	2014	257	16999.0	 22.0	 29.0	3.000	 2.0	 2.0
1	2014	258	14310.0	 22.0	 29.0	3.000	 2.0	 3.0
1	2014	259	7037.0	 22.0	 26.0	3.000	 2.0	 7.0
1	2014	260	12732.0	 22.0	 27.0	3.000	 2.0	15.0
1	2014	261	10396.0	 22.0	 27.0	3.000	 2.0	 2.0
1	2014	262	14658.0	 22.0	 28.0	3.000	 2.0	 8.0
1	2014	263	17811.0	 22.0	 30.0	3.000	 1.0	 3.0
1	2014	264	9740.0	 22.0	 28.0	3.000	 1.0	12.0
1	2014	265	14909.0	 22.0	 30.0	3.000	 1.0	 5.0
1	2014	266	16894.0	 22.0	 30.0	3.000	 2.0	 1.0
1	2014	267	15412.0	 22.0	 29.0	3.000	 2.0	 6.0
1	2014	268	11147.0	 22.0	 28.0	3.000	 1.0	 5.0
1	2014	269	15657.0	 22.0	 28.0	3.000	 2.0	 4.0
1	2014	270	11012.0	 22.0	 28.0	3.000	 2.0	 9.0
1	2014	271	8069.0	 22.0	 26.0	3.000	 2.0	 3.0
1	2014	272	15834.0	 22.0	 29.0	3.000	 2.0	 7.0
1	2014	273	15170.0	 22.0	 29.0	3.000	 2.0	 7.0
1	2014	274	10596.0	 22.0	 27.0	3.000	 2.0	 3.0
1	2014	275	15112.0	 22.0	 28.0	3.000	 2.0	 1.0
1	2014	276	15149.0	 22.0	 29.0	3.000	 1.0	 5.0
1	2014	277	13829.0	 22.0	 29.0	3.000	 1.0	 6.0
1	2014	278	18337.0	 22.0	 29.0	3.000	 2.0	 2.0
1	2014	279	17843.0	 22.0	 30.0	3.000	 2.0	 3.0
1	2014	280	14902.0	 23.0	 30.0	3.000	 1.0	 7.0
1	2014	281	17871.0	 23.0	 30.0	3.000	 1.0	 2.0
1	2014	282	17600.0	 23.0	 29.0	3.000	 2.0	 1.0
1	2014	283	17235.0	 23.0	 30.0	3.000	 2.0	 2.0
1	2014	284	14076.0	 23.0	 29.0	3.000	 2.0	15.0
1	2014	285	6695.0	 22.0	 25.0	3.000	 2.0	19.0
1	2014	286	16741.0	 22.0	 29.0	3.000	 2.0	 8.0
1	2014	287	16257.0	 22.0	 29.0	3.000	 1.0	 8.0
1	2014	288	13586.0	 23.0	 29.0	3.000	 2.0	 1.0
1	2014	289	17885.0	 23.0	 30.0	3.000	 2.0	 2.0
1	2014	290	13496.0	 23.0	 29.0	3.000	 2.0	 8.0
1	2014	291	16776.0	 23.0	 30.0	3.000	 2.0	 3.0
1	2014	292	8690.0	 23.0	 27.0	3.000	 1.0	 7.0
1	2014	293	10039.0	 22.0	 26.0	3.000	 1.0	 9.0
1	2014	294	12544.0	 22.0	 29.0	3.000	 1.0	 0.0
1	2014	295	17033.0	 23.0	 30.0	3.000	 2.0	 1.0
1	2014	296	17413.0	 23.0	 30.0	3.000	 2.0	 2.0
1	2014	297	16849.0	 23.0	 29.0	3.000	 1.0	 3.0
1	2014	298	15050.0	 23.0	 29.0	3.000	 1.0	 5.0
1	2014	299	11666.0	 22.0	 28.0	3.000	 1.0	10.0
1	2014	300	14582.0	 22.0	 29.0	3.000	 1.0	 8.0
1	2014	301	17154.0	 23.0	 30.0	3.000	 1.0	 1.0
1	2014	302	14563.0	 23.0	 29.0	3.000	 1.0	 5.0
1	2014	303	13357.0	 23.0	 29.0	3.000	 1.0	 5.0
1	2014	304	14956.0	 22.0	 29.0	3.000	 1.0	 1.0
1	2014	305	17726.0	 23.0	 30.0	3.000	 2.0	 2.0
1	2014	306	19069.0	 23.0	 30.0	3.000	 1.0	 2.0
1	2014	307	17636.0	 22.0	 30.0	3.000	 1.0	 2.0
1	2014	308	16036.0	 22.0	 30.0	3.000	 1.0	 8.0
1	2014	309	11603.0	 22.0	 28.0	3.000	 1.0	12.0
1	2014	310	15846.0	 22.0	 29.0	3.000	 1.0	 5.0
1	2014	311	17794.0	 22.0	 30.0	3.000	 1.0	 2.0
1	2014	312	16633.0	 21.0	 30.0	3.000	 1.0	 2.0
1	2014	313	14194.0	 22.0	 30.0	3.000	 1.0	 6.0
1	2014	314	15788.0	 22.0	 30.0	3.000	 2.0	 8.0
1	2014	315	15067.0	 22.0	 29.0	3.000	 1.0	 4.0
1	2014	316	16153.0	 22.0	 31.0	3.000	 1.0	 3.0
1	2014	317	17079.0	 22.0	 30.0	3.000	 1.0	 1.0
1	2014	318	16765.0	 22.0	 29.0	3.000	 1.0	 2.0
1	2014	319	16198.0	 22.0	 30.0	3.000	 1.0	 2.0
1	2014	320	15636.0	 23.0	 30.0	3.000	 1.0	 2.0
1	2014	321	17171.0	 23.0	 30.0	3.000	 2.0	 5.0
1	2014	322	11600.0	 23.0	 29.0	3.000	 2.0	 8.0
1	2014	323	13710.0	 22.0	 29.0	3.000	 1.0	 4.0
1	2014	324	15611.0	 23.0	 30.0	3.000	 1.0	 5.0
1	2014	325	17527.0	 22.0	 30.0	3.000	 1.0	 2.0
1	2014	326	15302.0	 22.0	 29.0	3.000	 1.0	 1.0
1	2014	327	18112.0	 21.0	 30.0	3.000	 1.0	 1.0
1	2014	328	14305.0	 22.0	 29.0	3.000	 1.0	 9.0
1	2014	329	15143.0	 22.0	 29.0	3.000	 1.0	 2.0
1	2014	330	14124.0	 23.0	 29.0	3.000	 1.0	 2.0
1	2014	331	12495.0	 23.0	 29.0	3.000	 1.0	12.0
1	2014	332	12205.0	 22.0	 29.0	3.000	 1.0	 1.0
1	2014	333	16168.0	 21.0	 30.0	3.000	 1.0	 2.0
1	2014	334	19159.0	 21.0	 30.0	3.000	 1.0	 1.0
1	2014	335	14066.0	 23.0	 30.0	3.000	 2.0	12.0
1	2014	336	12306.0	 23.0	 29.0	3.000	 2.0	 1.0
1	2014	337	15640.0	 23.0	 30.0	3.000	 2.0	 1.0
1	2014	338	17155.0	 23.0	 30.0	3.000	 1.0	 0.0
1	2014	339	12403.0	 22.0	 29.0	3.000	 1.0	14.0
1	2014	340	11962.0	 21.0	 29.0	3.000	 1.0	 1.0
1	2014	341	13275.0	 22.0	 29.0	3.000	 2.0	 1.0
1	2014	342	14348.0	 23.0	 29.0	3.000	 2.0	 2.0
1	2014	343	15050.0	 23.0	 29.0	3.000	 2.0	 2.0
1	2014	344	12766.0	 23.0	 29.0	3.000	 2.0	 1.0
1	2014	345	14175.0	 23.0	 29.0	3.000	 1.0	 2.0
1	2014	346	13176.0	 22.0	 29.0	3.000	 1.0	 7.0
1	2014	347	15022.0	 22.0	 29.0	3.000	 1.0	 1.0
1	2014	348	14924.0	 23.0	 29.0	3.000	 1.0	 1.0
1	2014	349	15244.0	 23.0	 30.0	3.000	 2.0	 5.0
1	2014	350	14474.0	 23.0	 29.0	3.000	 1.0	 0.0
1	2014	351	16009.0	 23.0	 30.0	3.000	 1.0	 1.0
1	2014	352	16846.0	 22.0	 30.0	3.000	 1.0	 1.0
1	2014	353	18591.0	 21.0	 31.0	3.000	 1.0	 1.0
1	2014	354	16749.0	 22.0	 30.0	3.000	 1.0	 0.0
1	2014	355	13439.0	 22.0	 29.0	3.000	 1.0	10.0
1	2014	356	14090.0	 22.0	 30.0	3.000	 1.0	11.0
1	2014	357	16243.0	 22.0	 30.0	3.000	 1.0	 1.0
1	2014	358	18048.0	 22.0	 30.0	3.000	 1.0	 0.0
1	2014	359	18250.0	 22.0	 31.0	3.000	 0.0	 0.0
1	2014	360	19873.0	 21.0	 30.0	3.000	 0.0	 0.0
1	2014	361	21202.0	 21.0	 30.0	2.000	 1.0	 0.0
1	2014	362	22105.0	 17.0	 31.0	2.000	 1.0	 0.0
1	2014	363	21348.0	 20.0	 31.0	2.000	 1.0	 0.0
1	2014	364	18610.0	 21.0	 31.0	2.000	 1.0	 0.0
1	2014	365	20409.0	 22.0	 32.0	2.000	 1.0	 0.0
