*---------------------------------------------------
* Station: Western
* Year: 2016
* Origin: ERA5-Reanalysis
* Columns & units
* ===================
* 1. station number
* 2. year
* 3. Day of Year
* 4. Irradiance   (kJ路m-2路d-1)
* 5. Daily minimum temperature (degC)
* 6. Daily maximum temperature (degC)
* 7. Vapour pressure (kPa)
* 8. Mean wind speed (m路s-1)
* 9. Precipitation (mm路d-1)
** WCCDESCRIPTION=Western
** WCCFORMAT=2
** WCCYEARNR=2016
*------------------------------------------------------------*
-2.41  5.74  107.00 -0.18  -0.55
1	2016	1	15497.0	 24.0	 33.0	3.000	 1.0	 0.0
1	2016	2	18012.0	 24.0	 34.0	3.000	 1.0	 0.0
1	2016	3	20843.0	 22.0	 35.0	2.000	 0.0	 0.0
1	2016	4	21289.0	 23.0	 35.0	2.000	 0.0	 0.0
1	2016	5	18634.0	 22.0	 33.0	2.000	 1.0	 0.0
1	2016	6	22275.0	 23.0	 34.0	1.000	 3.0	 0.0
1	2016	7	21628.0	 23.0	 35.0	1.000	 3.0	 0.0
1	2016	8	22723.0	 21.0	 37.0	1.000	 1.0	 0.0
1	2016	9	21500.0	 21.0	 34.0	2.000	 2.0	 0.0
1	2016	10	20484.0	 22.0	 34.0	3.000	 2.0	 0.0
1	2016	11	19137.0	 23.0	 34.0	3.000	 2.0	 0.0
1	2016	12	19823.0	 23.0	 34.0	3.000	 1.0	 0.0
1	2016	13	15313.0	 24.0	 31.0	3.000	 2.0	 1.0
1	2016	14	17254.0	 24.0	 33.0	3.000	 1.0	 0.0
1	2016	15	14832.0	 25.0	 31.0	3.000	 2.0	 2.0
1	2016	16	19395.0	 25.0	 34.0	3.000	 2.0	 0.0
1	2016	17	18014.0	 25.0	 33.0	3.000	 2.0	 1.0
1	2016	18	16038.0	 25.0	 31.0	3.000	 2.0	 2.0
1	2016	19	16009.0	 24.0	 31.0	3.000	 2.0	 3.0
1	2016	20	16206.0	 24.0	 32.0	3.000	 1.0	 4.0
1	2016	21	15047.0	 24.0	 32.0	3.000	 2.0	 2.0
1	2016	22	18712.0	 24.0	 33.0	3.000	 1.0	 0.0
1	2016	23	19563.0	 23.0	 33.0	3.000	 1.0	 0.0
1	2016	24	21189.0	 23.0	 34.0	2.000	 0.0	 0.0
1	2016	25	18025.0	 23.0	 32.0	3.000	 1.0	 0.0
1	2016	26	20583.0	 24.0	 34.0	2.000	 1.0	 0.0
1	2016	27	22458.0	 23.0	 34.0	2.000	 1.0	 0.0
1	2016	28	23588.0	 20.0	 34.0	2.000	 1.0	 0.0
1	2016	29	23043.0	 20.0	 35.0	2.000	 1.0	 0.0
1	2016	30	23970.0	 19.0	 35.0	2.000	 0.0	 0.0
1	2016	31	22706.0	 20.0	 34.0	2.000	 1.0	 0.0
1	2016	32	23262.0	 21.0	 35.0	2.000	 1.0	 0.0
1	2016	33	22590.0	 21.0	 35.0	2.000	 1.0	 0.0
1	2016	34	22378.0	 22.0	 35.0	2.000	 1.0	 0.0
1	2016	35	21800.0	 23.0	 35.0	2.000	 1.0	 0.0
1	2016	36	22670.0	 22.0	 37.0	2.000	 1.0	 0.0
1	2016	37	23153.0	 22.0	 37.0	2.000	 1.0	 0.0
1	2016	38	20049.0	 24.0	 35.0	3.000	 1.0	 0.0
1	2016	39	19806.0	 24.0	 35.0	3.000	 1.0	 0.0
1	2016	40	21261.0	 24.0	 36.0	3.000	 1.0	 0.0
1	2016	41	22800.0	 23.0	 36.0	2.000	 1.0	 0.0
1	2016	42	22933.0	 22.0	 36.0	2.000	 1.0	 0.0
1	2016	43	21658.0	 24.0	 36.0	3.000	 1.0	 0.0
1	2016	44	21354.0	 25.0	 36.0	3.000	 2.0	 0.0
1	2016	45	16857.0	 25.0	 35.0	3.000	 2.0	 0.0
1	2016	46	19206.0	 25.0	 34.0	3.000	 2.0	 3.0
1	2016	47	14480.0	 25.0	 32.0	3.000	 2.0	 4.0
1	2016	48	16305.0	 25.0	 34.0	3.000	 2.0	 1.0
1	2016	49	18815.0	 25.0	 35.0	3.000	 2.0	 3.0
1	2016	50	18396.0	 25.0	 34.0	3.000	 2.0	 1.0
1	2016	51	20009.0	 25.0	 36.0	3.000	 2.0	 0.0
1	2016	52	17400.0	 26.0	 34.0	3.000	 2.0	 1.0
1	2016	53	18025.0	 25.0	 34.0	3.000	 2.0	 4.0
1	2016	54	18526.0	 26.0	 35.0	3.000	 2.0	 1.0
1	2016	55	16317.0	 26.0	 33.0	3.000	 2.0	 5.0
1	2016	56	18775.0	 25.0	 33.0	3.000	 2.0	 2.0
1	2016	57	16833.0	 25.0	 34.0	3.000	 2.0	 4.0
1	2016	58	13918.0	 25.0	 31.0	3.000	 2.0	 8.0
1	2016	59	13060.0	 25.0	 31.0	3.000	 2.0	 6.0
1	2016	60	15774.0	 25.0	 32.0	3.000	 2.0	 1.0
1	2016	61	13720.0	 25.0	 32.0	3.000	 2.0	14.0
1	2016	62	18077.0	 25.0	 33.0	3.000	 2.0	 1.0
1	2016	63	18133.0	 25.0	 33.0	3.000	 2.0	 1.0
1	2016	64	18961.0	 25.0	 34.0	3.000	 2.0	 1.0
1	2016	65	18152.0	 25.0	 34.0	3.000	 3.0	 1.0
1	2016	66	16297.0	 25.0	 32.0	3.000	 2.0	 0.0
1	2016	67	20963.0	 25.0	 35.0	3.000	 2.0	 5.0
1	2016	68	13989.0	 25.0	 31.0	3.000	 2.0	 6.0
1	2016	69	18701.0	 24.0	 33.0	3.000	 2.0	 0.0
1	2016	70	17392.0	 25.0	 32.0	3.000	 3.0	 5.0
1	2016	71	18165.0	 24.0	 33.0	3.000	 3.0	12.0
1	2016	72	17683.0	 25.0	 32.0	3.000	 2.0	 4.0
1	2016	73	18384.0	 25.0	 32.0	3.000	 2.0	 5.0
1	2016	74	17414.0	 24.0	 32.0	3.000	 1.0	 2.0
1	2016	75	20032.0	 23.0	 32.0	3.000	 1.0	 0.0
1	2016	76	17659.0	 25.0	 33.0	3.000	 2.0	 6.0
1	2016	77	16600.0	 25.0	 32.0	3.000	 2.0	 8.0
1	2016	78	9463.0	 24.0	 28.0	3.000	 1.0	 7.0
1	2016	79	14852.0	 24.0	 31.0	3.000	 2.0	 6.0
1	2016	80	20137.0	 24.0	 33.0	3.000	 2.0	 7.0
1	2016	81	17641.0	 25.0	 33.0	3.000	 1.0	 8.0
1	2016	82	13513.0	 23.0	 30.0	3.000	 1.0	10.0
1	2016	83	16060.0	 25.0	 32.0	3.000	 2.0	10.0
1	2016	84	9774.0	 24.0	 29.0	3.000	 2.0	20.0
1	2016	85	21721.0	 23.0	 34.0	3.000	 2.0	 0.0
1	2016	86	18840.0	 24.0	 33.0	3.000	 1.0	 1.0
1	2016	87	16630.0	 24.0	 31.0	3.000	 2.0	 9.0
1	2016	88	14638.0	 25.0	 31.0	3.000	 2.0	17.0
1	2016	89	17066.0	 25.0	 32.0	3.000	 2.0	 4.0
1	2016	90	13939.0	 25.0	 31.0	3.000	 2.0	12.0
1	2016	91	18027.0	 24.0	 32.0	3.000	 2.0	 8.0
1	2016	92	15798.0	 25.0	 31.0	3.000	 3.0	 6.0
1	2016	93	12102.0	 25.0	 29.0	3.000	 2.0	 1.0
1	2016	94	18743.0	 24.0	 32.0	3.000	 2.0	 2.0
1	2016	95	20197.0	 25.0	 33.0	3.000	 2.0	 5.0
1	2016	96	11591.0	 24.0	 29.0	3.000	 2.0	 8.0
1	2016	97	14865.0	 24.0	 31.0	3.000	 2.0	11.0
1	2016	98	16899.0	 25.0	 31.0	3.000	 2.0	 3.0
1	2016	99	16999.0	 24.0	 32.0	3.000	 2.0	11.0
1	2016	100	14681.0	 23.0	 29.0	3.000	 1.0	13.0
1	2016	101	14365.0	 23.0	 30.0	3.000	 1.0	 1.0
1	2016	102	18262.0	 23.0	 31.0	3.000	 1.0	 8.0
1	2016	103	21028.0	 24.0	 32.0	3.000	 1.0	 2.0
1	2016	104	16696.0	 24.0	 31.0	3.000	 1.0	 2.0
1	2016	105	17429.0	 24.0	 32.0	3.000	 2.0	 3.0
1	2016	106	15547.0	 25.0	 31.0	3.000	 2.0	11.0
1	2016	107	18462.0	 24.0	 32.0	3.000	 2.0	 2.0
1	2016	108	15872.0	 23.0	 31.0	3.000	 1.0	 8.0
1	2016	109	19023.0	 24.0	 31.0	3.000	 2.0	 2.0
1	2016	110	23080.0	 23.0	 33.0	3.000	 1.0	 1.0
1	2016	111	16228.0	 24.0	 31.0	3.000	 2.0	 9.0
1	2016	112	16225.0	 23.0	 31.0	3.000	 2.0	 0.0
1	2016	113	22825.0	 23.0	 33.0	3.000	 2.0	 0.0
1	2016	114	18501.0	 25.0	 32.0	3.000	 2.0	 0.0
1	2016	115	18197.0	 25.0	 32.0	3.000	 2.0	 3.0
1	2016	116	19599.0	 25.0	 32.0	3.000	 2.0	 1.0
1	2016	117	18403.0	 25.0	 31.0	3.000	 2.0	 1.0
1	2016	118	16501.0	 25.0	 31.0	3.000	 2.0	 2.0
1	2016	119	15365.0	 25.0	 30.0	3.000	 1.0	 4.0
1	2016	120	14895.0	 24.0	 31.0	3.000	 1.0	10.0
1	2016	121	18024.0	 24.0	 32.0	3.000	 1.0	 7.0
1	2016	122	18968.0	 24.0	 32.0	3.000	 2.0	 2.0
1	2016	123	15973.0	 25.0	 30.0	3.000	 2.0	 3.0
1	2016	124	17866.0	 24.0	 31.0	3.000	 2.0	10.0
1	2016	125	18093.0	 24.0	 31.0	3.000	 2.0	 2.0
1	2016	126	18091.0	 23.0	 32.0	3.000	 1.0	 8.0
1	2016	127	13207.0	 24.0	 29.0	3.000	 2.0	11.0
1	2016	128	19035.0	 24.0	 31.0	3.000	 2.0	 1.0
1	2016	129	19426.0	 24.0	 31.0	3.000	 1.0	 4.0
1	2016	130	17541.0	 24.0	 31.0	3.000	 2.0	 6.0
1	2016	131	20276.0	 23.0	 32.0	3.000	 1.0	 0.0
1	2016	132	20408.0	 24.0	 32.0	3.000	 1.0	 0.0
1	2016	133	16455.0	 25.0	 30.0	3.000	 2.0	 2.0
1	2016	134	11722.0	 24.0	 29.0	3.000	 1.0	 5.0
1	2016	135	15559.0	 24.0	 30.0	3.000	 2.0	 2.0
1	2016	136	16515.0	 24.0	 31.0	3.000	 1.0	 2.0
1	2016	137	15328.0	 23.0	 30.0	3.000	 2.0	 3.0
1	2016	138	9990.0	 23.0	 28.0	3.000	 2.0	20.0
1	2016	139	10413.0	 23.0	 28.0	3.000	 2.0	21.0
1	2016	140	14365.0	 22.0	 30.0	3.000	 1.0	14.0
1	2016	141	15771.0	 24.0	 30.0	3.000	 1.0	 2.0
1	2016	142	18306.0	 25.0	 30.0	3.000	 2.0	 4.0
1	2016	143	13030.0	 24.0	 30.0	3.000	 3.0	 8.0
1	2016	144	9740.0	 24.0	 28.0	3.000	 2.0	10.0
1	2016	145	8980.0	 23.0	 27.0	3.000	 2.0	20.0
1	2016	146	12049.0	 23.0	 28.0	3.000	 1.0	11.0
1	2016	147	16341.0	 22.0	 30.0	3.000	 1.0	 7.0
1	2016	148	17273.0	 24.0	 30.0	3.000	 2.0	 1.0
1	2016	149	15802.0	 23.0	 29.0	3.000	 2.0	 2.0
1	2016	150	13912.0	 23.0	 30.0	3.000	 2.0	 7.0
1	2016	151	12962.0	 23.0	 28.0	3.000	 1.0	 2.0
1	2016	152	15901.0	 21.0	 30.0	3.000	 1.0	 6.0
1	2016	153	18929.0	 23.0	 30.0	3.000	 1.0	 7.0
1	2016	154	16797.0	 22.0	 30.0	3.000	 1.0	 4.0
1	2016	155	14436.0	 23.0	 30.0	3.000	 1.0	17.0
1	2016	156	14678.0	 23.0	 30.0	3.000	 1.0	 4.0
1	2016	157	15336.0	 22.0	 31.0	3.000	 2.0	 6.0
1	2016	158	12447.0	 24.0	 29.0	3.000	 1.0	 6.0
1	2016	159	15930.0	 23.0	 30.0	3.000	 1.0	 3.0
1	2016	160	11460.0	 23.0	 29.0	3.000	 1.0	 6.0
1	2016	161	15118.0	 22.0	 29.0	3.000	 1.0	 8.0
1	2016	162	3748.0	 23.0	 24.0	3.000	 2.0	57.0
1	2016	163	13771.0	 23.0	 28.0	3.000	 2.0	 3.0
1	2016	164	13478.0	 23.0	 30.0	3.000	 2.0	15.0
1	2016	165	9848.0	 22.0	 26.0	3.000	 2.0	14.0
1	2016	166	10890.0	 22.0	 26.0	3.000	 2.0	14.0
1	2016	167	13452.0	 23.0	 28.0	3.000	 2.0	 7.0
1	2016	168	12284.0	 22.0	 28.0	3.000	 2.0	15.0
1	2016	169	16481.0	 22.0	 28.0	3.000	 2.0	 2.0
1	2016	170	13927.0	 23.0	 29.0	3.000	 2.0	 0.0
1	2016	171	13192.0	 23.0	 29.0	3.000	 2.0	 2.0
1	2016	172	10504.0	 23.0	 26.0	3.000	 3.0	 9.0
1	2016	173	12354.0	 22.0	 28.0	3.000	 2.0	 2.0
1	2016	174	17402.0	 22.0	 29.0	3.000	 2.0	 3.0
1	2016	175	17190.0	 21.0	 28.0	3.000	 2.0	 2.0
1	2016	176	13409.0	 22.0	 28.0	3.000	 2.0	 1.0
1	2016	177	14510.0	 23.0	 28.0	3.000	 2.0	 5.0
1	2016	178	17473.0	 22.0	 30.0	3.000	 2.0	 1.0
1	2016	179	15182.0	 23.0	 30.0	3.000	 2.0	 6.0
1	2016	180	12198.0	 23.0	 28.0	3.000	 2.0	 9.0
1	2016	181	16735.0	 22.0	 30.0	3.000	 2.0	 5.0
1	2016	182	13059.0	 23.0	 28.0	3.000	 2.0	 4.0
1	2016	183	16182.0	 22.0	 30.0	3.000	 2.0	 1.0
1	2016	184	16498.0	 23.0	 30.0	3.000	 2.0	 1.0
1	2016	185	10922.0	 23.0	 28.0	3.000	 1.0	15.0
1	2016	186	12055.0	 23.0	 28.0	3.000	 2.0	 9.0
1	2016	187	16359.0	 23.0	 29.0	3.000	 2.0	 1.0
1	2016	188	15584.0	 23.0	 29.0	3.000	 2.0	 5.0
1	2016	189	13782.0	 23.0	 28.0	3.000	 2.0	 4.0
1	2016	190	12439.0	 23.0	 28.0	3.000	 2.0	 2.0
1	2016	191	13602.0	 23.0	 29.0	3.000	 3.0	 2.0
1	2016	192	15293.0	 23.0	 29.0	3.000	 3.0	 5.0
1	2016	193	14062.0	 22.0	 28.0	3.000	 3.0	 2.0
1	2016	194	16699.0	 22.0	 29.0	3.000	 3.0	 0.0
1	2016	195	18298.0	 20.0	 30.0	2.000	 2.0	 0.0
1	2016	196	10521.0	 22.0	 27.0	3.000	 2.0	 1.0
1	2016	197	16637.0	 22.0	 28.0	3.000	 2.0	 2.0
1	2016	198	15139.0	 23.0	 29.0	3.000	 2.0	 2.0
1	2016	199	11787.0	 23.0	 27.0	3.000	 2.0	 7.0
1	2016	200	15766.0	 22.0	 28.0	3.000	 2.0	 2.0
1	2016	201	17620.0	 22.0	 29.0	3.000	 2.0	 1.0
1	2016	202	12343.0	 23.0	 28.0	3.000	 2.0	 7.0
1	2016	203	13901.0	 22.0	 27.0	3.000	 2.0	 5.0
1	2016	204	15929.0	 22.0	 29.0	3.000	 3.0	 2.0
1	2016	205	13984.0	 22.0	 28.0	3.000	 2.0	11.0
1	2016	206	10842.0	 22.0	 28.0	3.000	 2.0	 1.0
1	2016	207	15297.0	 22.0	 29.0	3.000	 2.0	 6.0
1	2016	208	13120.0	 22.0	 27.0	3.000	 2.0	 4.0
1	2016	209	13859.0	 22.0	 28.0	3.000	 2.0	 1.0
1	2016	210	12241.0	 23.0	 27.0	3.000	 2.0	 5.0
1	2016	211	14982.0	 22.0	 28.0	3.000	 1.0	 2.0
1	2016	212	11782.0	 22.0	 27.0	3.000	 2.0	 1.0
1	2016	213	12348.0	 23.0	 28.0	3.000	 3.0	 1.0
1	2016	214	11640.0	 23.0	 29.0	3.000	 2.0	 1.0
1	2016	215	13330.0	 22.0	 28.0	3.000	 3.0	 1.0
1	2016	216	10187.0	 23.0	 27.0	3.000	 3.0	 1.0
1	2016	217	13626.0	 22.0	 28.0	3.000	 2.0	 1.0
1	2016	218	15766.0	 23.0	 30.0	3.000	 2.0	 1.0
1	2016	219	8397.0	 23.0	 28.0	3.000	 2.0	 0.0
1	2016	220	14434.0	 23.0	 28.0	3.000	 3.0	 2.0
1	2016	221	15137.0	 23.0	 29.0	3.000	 3.0	 2.0
1	2016	222	15527.0	 23.0	 28.0	3.000	 2.0	 3.0
1	2016	223	18005.0	 22.0	 30.0	3.000	 2.0	 2.0
1	2016	224	16853.0	 23.0	 30.0	3.000	 2.0	 2.0
1	2016	225	8570.0	 23.0	 27.0	3.000	 2.0	 1.0
1	2016	226	12225.0	 22.0	 28.0	3.000	 2.0	 4.0
1	2016	227	17681.0	 22.0	 29.0	3.000	 3.0	 1.0
1	2016	228	9107.0	 22.0	 27.0	3.000	 3.0	 1.0
1	2016	229	7864.0	 22.0	 27.0	3.000	 2.0	 0.0
1	2016	230	6181.0	 22.0	 26.0	3.000	 2.0	 2.0
1	2016	231	13396.0	 21.0	 29.0	3.000	 2.0	 4.0
1	2016	232	13568.0	 22.0	 29.0	3.000	 2.0	 2.0
1	2016	233	14169.0	 23.0	 29.0	3.000	 2.0	 5.0
1	2016	234	12242.0	 22.0	 29.0	3.000	 2.0	17.0
1	2016	235	10430.0	 22.0	 28.0	3.000	 2.0	 1.0
1	2016	236	14955.0	 23.0	 30.0	3.000	 2.0	 1.0
1	2016	237	16082.0	 23.0	 29.0	3.000	 3.0	 1.0
1	2016	238	14553.0	 23.0	 29.0	3.000	 2.0	 5.0
1	2016	239	13868.0	 23.0	 29.0	3.000	 2.0	 3.0
1	2016	240	14239.0	 22.0	 29.0	3.000	 3.0	11.0
1	2016	241	15285.0	 22.0	 29.0	3.000	 3.0	 6.0
1	2016	242	15384.0	 21.0	 29.0	3.000	 2.0	 2.0
1	2016	243	13113.0	 22.0	 29.0	3.000	 1.0	15.0
1	2016	244	13278.0	 22.0	 29.0	3.000	 2.0	 6.0
1	2016	245	15240.0	 23.0	 29.0	3.000	 2.0	 2.0
1	2016	246	16916.0	 23.0	 30.0	3.000	 2.0	 2.0
1	2016	247	13052.0	 23.0	 29.0	3.000	 2.0	 3.0
1	2016	248	10611.0	 22.0	 28.0	3.000	 2.0	 7.0
1	2016	249	11605.0	 23.0	 27.0	3.000	 2.0	 4.0
1	2016	250	16187.0	 22.0	 30.0	3.000	 1.0	 2.0
1	2016	251	14744.0	 22.0	 30.0	3.000	 2.0	 5.0
1	2016	252	13879.0	 22.0	 29.0	3.000	 2.0	 1.0
1	2016	253	15006.0	 23.0	 28.0	3.000	 2.0	 1.0
1	2016	254	13022.0	 23.0	 28.0	3.000	 2.0	20.0
1	2016	255	7171.0	 22.0	 26.0	3.000	 2.0	 2.0
1	2016	256	15227.0	 22.0	 29.0	3.000	 2.0	 1.0
1	2016	257	15586.0	 22.0	 29.0	3.000	 2.0	 1.0
1	2016	258	6964.0	 23.0	 25.0	3.000	 2.0	14.0
1	2016	259	8727.0	 23.0	 25.0	3.000	 2.0	 3.0
1	2016	260	16844.0	 22.0	 30.0	3.000	 2.0	 2.0
1	2016	261	12673.0	 23.0	 29.0	3.000	 1.0	 1.0
1	2016	262	17139.0	 22.0	 29.0	3.000	 2.0	 9.0
1	2016	263	17566.0	 22.0	 30.0	3.000	 2.0	 1.0
1	2016	264	12610.0	 23.0	 29.0	3.000	 2.0	14.0
1	2016	265	14066.0	 22.0	 30.0	3.000	 2.0	20.0
1	2016	266	14668.0	 23.0	 29.0	3.000	 2.0	 1.0
1	2016	267	14735.0	 23.0	 29.0	3.000	 2.0	 7.0
1	2016	268	13926.0	 23.0	 29.0	3.000	 2.0	 9.0
1	2016	269	9959.0	 22.0	 27.0	3.000	 2.0	12.0
1	2016	270	10248.0	 22.0	 27.0	3.000	 2.0	14.0
1	2016	271	14087.0	 22.0	 30.0	3.000	 1.0	12.0
1	2016	272	11609.0	 23.0	 28.0	3.000	 1.0	 2.0
1	2016	273	15808.0	 23.0	 29.0	3.000	 1.0	 3.0
1	2016	274	12017.0	 23.0	 29.0	3.000	 1.0	 1.0
1	2016	275	14735.0	 22.0	 30.0	3.000	 2.0	 7.0
1	2016	276	8536.0	 23.0	 26.0	3.000	 2.0	24.0
1	2016	277	9793.0	 22.0	 27.0	3.000	 1.0	 3.0
1	2016	278	16755.0	 22.0	 30.0	3.000	 1.0	 5.0
1	2016	279	18120.0	 23.0	 31.0	3.000	 1.0	 2.0
1	2016	280	18245.0	 23.0	 31.0	3.000	 1.0	 4.0
1	2016	281	17973.0	 23.0	 30.0	3.000	 2.0	 4.0
1	2016	282	11446.0	 23.0	 28.0	3.000	 1.0	 8.0
1	2016	283	5932.0	 22.0	 26.0	3.000	 1.0	28.0
1	2016	284	14212.0	 22.0	 30.0	3.000	 1.0	 7.0
1	2016	285	10065.0	 22.0	 28.0	3.000	 1.0	13.0
1	2016	286	17785.0	 23.0	 30.0	3.000	 1.0	 8.0
1	2016	287	14843.0	 23.0	 29.0	3.000	 1.0	 7.0
1	2016	288	15360.0	 23.0	 30.0	3.000	 1.0	10.0
1	2016	289	12349.0	 24.0	 30.0	3.000	 1.0	 4.0
1	2016	290	18232.0	 23.0	 31.0	3.000	 1.0	 9.0
1	2016	291	17161.0	 22.0	 30.0	3.000	 1.0	10.0
1	2016	292	16285.0	 23.0	 30.0	3.000	 1.0	 7.0
1	2016	293	14069.0	 23.0	 29.0	3.000	 1.0	 8.0
1	2016	294	19647.0	 23.0	 31.0	3.000	 1.0	 3.0
1	2016	295	17143.0	 23.0	 31.0	3.000	 1.0	 6.0
1	2016	296	13686.0	 22.0	 29.0	3.000	 1.0	10.0
1	2016	297	17837.0	 22.0	 30.0	3.000	 1.0	 1.0
1	2016	298	19527.0	 21.0	 31.0	3.000	 1.0	 0.0
1	2016	299	14932.0	 23.0	 30.0	3.000	 1.0	 7.0
1	2016	300	13995.0	 23.0	 29.0	3.000	 1.0	17.0
1	2016	301	16184.0	 22.0	 30.0	3.000	 1.0	 1.0
1	2016	302	12250.0	 24.0	 29.0	3.000	 1.0	 3.0
1	2016	303	13582.0	 23.0	 29.0	3.000	 1.0	 1.0
1	2016	304	15921.0	 22.0	 31.0	3.000	 1.0	 9.0
1	2016	305	14996.0	 22.0	 28.0	3.000	 1.0	 2.0
1	2016	306	18073.0	 22.0	 31.0	3.000	 1.0	11.0
1	2016	307	13334.0	 23.0	 29.0	3.000	 1.0	 2.0
1	2016	308	18765.0	 22.0	 31.0	3.000	 1.0	 8.0
1	2016	309	18788.0	 22.0	 31.0	3.000	 1.0	 2.0
1	2016	310	18315.0	 22.0	 30.0	3.000	 1.0	 1.0
1	2016	311	14172.0	 23.0	 29.0	3.000	 1.0	 1.0
1	2016	312	12014.0	 22.0	 29.0	3.000	 1.0	 2.0
1	2016	313	17308.0	 22.0	 30.0	3.000	 1.0	 1.0
1	2016	314	20110.0	 23.0	 32.0	3.000	 1.0	 1.0
1	2016	315	18091.0	 23.0	 31.0	3.000	 1.0	 2.0
1	2016	316	18540.0	 24.0	 31.0	3.000	 2.0	 1.0
1	2016	317	17318.0	 23.0	 30.0	3.000	 1.0	 2.0
1	2016	318	18029.0	 22.0	 31.0	3.000	 1.0	 0.0
1	2016	319	15002.0	 22.0	 31.0	3.000	 1.0	 3.0
1	2016	320	17715.0	 22.0	 31.0	3.000	 1.0	 1.0
1	2016	321	16372.0	 22.0	 30.0	3.000	 1.0	 1.0
1	2016	322	16745.0	 23.0	 31.0	3.000	 1.0	 2.0
1	2016	323	15503.0	 23.0	 31.0	3.000	 1.0	 1.0
1	2016	324	15903.0	 23.0	 31.0	3.000	 1.0	 3.0
1	2016	325	17986.0	 23.0	 31.0	3.000	 1.0	 2.0
1	2016	326	13441.0	 24.0	 30.0	3.000	 1.0	 7.0
1	2016	327	12296.0	 23.0	 29.0	3.000	 1.0	 6.0
1	2016	328	15411.0	 23.0	 29.0	3.000	 1.0	 2.0
1	2016	329	15650.0	 22.0	 30.0	3.000	 1.0	 7.0
1	2016	330	16769.0	 22.0	 31.0	3.000	 1.0	 1.0
1	2016	331	14258.0	 24.0	 30.0	3.000	 2.0	 2.0
1	2016	332	16274.0	 23.0	 30.0	3.000	 1.0	 2.0
1	2016	333	14596.0	 23.0	 30.0	3.000	 2.0	 1.0
1	2016	334	17194.0	 23.0	 31.0	3.000	 1.0	 6.0
1	2016	335	14273.0	 23.0	 30.0	3.000	 1.0	 6.0
1	2016	336	15688.0	 23.0	 31.0	3.000	 1.0	 2.0
1	2016	337	13971.0	 22.0	 30.0	3.000	 1.0	 1.0
1	2016	338	17601.0	 23.0	 31.0	3.000	 1.0	 4.0
1	2016	339	17116.0	 23.0	 31.0	3.000	 1.0	 0.0
1	2016	340	16781.0	 24.0	 31.0	3.000	 1.0	 1.0
1	2016	341	16843.0	 22.0	 31.0	3.000	 1.0	 0.0
1	2016	342	13647.0	 22.0	 30.0	3.000	 1.0	 1.0
1	2016	343	14600.0	 22.0	 30.0	3.000	 1.0	 2.0
1	2016	344	14172.0	 22.0	 30.0	3.000	 1.0	 1.0
1	2016	345	15654.0	 23.0	 31.0	3.000	 1.0	 0.0
1	2016	346	12528.0	 23.0	 29.0	3.000	 1.0	 4.0
1	2016	347	17974.0	 22.0	 32.0	3.000	 1.0	 2.0
1	2016	348	19525.0	 23.0	 32.0	3.000	 1.0	 1.0
1	2016	349	15826.0	 23.0	 30.0	3.000	 1.0	 4.0
1	2016	350	13085.0	 22.0	 29.0	3.000	 1.0	 9.0
1	2016	351	17741.0	 21.0	 31.0	3.000	 1.0	 1.0
1	2016	352	16575.0	 22.0	 31.0	3.000	 1.0	 1.0
1	2016	353	14732.0	 23.0	 31.0	3.000	 1.0	10.0
1	2016	354	13804.0	 23.0	 30.0	3.000	 1.0	 1.0
1	2016	355	14598.0	 22.0	 30.0	3.000	 1.0	 1.0
1	2016	356	15954.0	 22.0	 31.0	3.000	 1.0	 0.0
1	2016	357	15853.0	 24.0	 31.0	3.000	 1.0	 1.0
1	2016	358	17798.0	 23.0	 32.0	3.000	 2.0	 0.0
1	2016	359	18420.0	 24.0	 32.0	3.000	 2.0	 0.0
1	2016	360	17761.0	 24.0	 32.0	3.000	 1.0	 0.0
1	2016	361	15950.0	 24.0	 31.0	3.000	 1.0	 1.0
1	2016	362	18275.0	 24.0	 32.0	3.000	 0.0	 0.0
1	2016	363	18320.0	 23.0	 32.0	3.000	 1.0	 0.0
1	2016	364	20490.0	 22.0	 33.0	3.000	 1.0	 0.0
1	2016	365	19697.0	 23.0	 33.0	3.000	 1.0	 0.0
1	2016	366	20040.0	 23.0	 33.0	3.000	 1.0	 0.0
