*---------------------------------------------------
* Station: Western
* Year: 2010
* Origin: ERA5-Reanalysis
* Columns & units
* ===================
* 1. station number
* 2. year
* 3. Day of Year
* 4. Irradiance   (kJ路m-2路d-1)
* 5. Daily minimum temperature (degC)
* 6. Daily maximum temperature (degC)
* 7. Vapour pressure (kPa)
* 8. Mean wind speed (m路s-1)
* 9. Precipitation (mm路d-1)
** WCCDESCRIPTION=Western
** WCCFORMAT=2
** WCCYEARNR=2010
*------------------------------------------------------------*
-2.41  5.74  107.00 -0.18  -0.55
1	2010	1	15019.0	 22.0	 30.0	3.000	 1.0	 2.0
1	2010	2	16446.0	 22.0	 31.0	3.000	 1.0	 0.0
1	2010	3	17193.0	 22.0	 31.0	3.000	 1.0	 0.0
1	2010	4	16505.0	 23.0	 30.0	3.000	 2.0	 2.0
1	2010	5	15753.0	 22.0	 30.0	3.000	 2.0	 1.0
1	2010	6	14690.0	 24.0	 30.0	3.000	 2.0	 1.0
1	2010	7	16608.0	 23.0	 31.0	3.000	 2.0	 3.0
1	2010	8	16624.0	 24.0	 31.0	3.000	 2.0	 2.0
1	2010	9	17471.0	 24.0	 32.0	3.000	 2.0	 1.0
1	2010	10	15806.0	 23.0	 30.0	3.000	 1.0	 2.0
1	2010	11	14170.0	 23.0	 31.0	3.000	 1.0	 1.0
1	2010	12	17742.0	 24.0	 32.0	3.000	 2.0	 0.0
1	2010	13	18761.0	 24.0	 33.0	3.000	 2.0	 0.0
1	2010	14	19407.0	 23.0	 33.0	3.000	 2.0	 0.0
1	2010	15	16724.0	 23.0	 31.0	3.000	 2.0	 2.0
1	2010	16	16589.0	 23.0	 31.0	3.000	 2.0	 1.0
1	2010	17	18314.0	 23.0	 33.0	3.000	 1.0	 0.0
1	2010	18	17685.0	 23.0	 32.0	3.000	 1.0	 1.0
1	2010	19	18083.0	 23.0	 33.0	3.000	 1.0	 0.0
1	2010	20	21030.0	 23.0	 33.0	3.000	 1.0	 0.0
1	2010	21	19964.0	 23.0	 33.0	3.000	 1.0	 0.0
1	2010	22	18690.0	 23.0	 33.0	3.000	 1.0	 0.0
1	2010	23	18240.0	 22.0	 32.0	3.000	 1.0	 3.0
1	2010	24	17388.0	 23.0	 33.0	3.000	 2.0	 1.0
1	2010	25	15642.0	 24.0	 31.0	3.000	 2.0	 2.0
1	2010	26	16708.0	 24.0	 33.0	3.000	 2.0	 1.0
1	2010	27	12597.0	 24.0	 30.0	3.000	 2.0	12.0
1	2010	28	13798.0	 22.0	 30.0	3.000	 1.0	 1.0
1	2010	29	14927.0	 22.0	 32.0	3.000	 2.0	 0.0
1	2010	30	20903.0	 24.0	 34.0	3.000	 1.0	 0.0
1	2010	31	19534.0	 24.0	 34.0	3.000	 1.0	 1.0
1	2010	32	18474.0	 24.0	 33.0	3.000	 2.0	 1.0
1	2010	33	18626.0	 24.0	 33.0	3.000	 2.0	 0.0
1	2010	34	19966.0	 25.0	 34.0	3.000	 2.0	 0.0
1	2010	35	19157.0	 24.0	 32.0	3.000	 2.0	 1.0
1	2010	36	18540.0	 23.0	 32.0	3.000	 1.0	 2.0
1	2010	37	20982.0	 23.0	 34.0	3.000	 1.0	 0.0
1	2010	38	20821.0	 24.0	 34.0	3.000	 1.0	 0.0
1	2010	39	18768.0	 24.0	 32.0	3.000	 1.0	 1.0
1	2010	40	17547.0	 24.0	 32.0	3.000	 2.0	 1.0
1	2010	41	16602.0	 25.0	 32.0	3.000	 2.0	 2.0
1	2010	42	17333.0	 23.0	 32.0	3.000	 2.0	 3.0
1	2010	43	16744.0	 23.0	 31.0	3.000	 2.0	 5.0
1	2010	44	18919.0	 23.0	 32.0	3.000	 1.0	 5.0
1	2010	45	15685.0	 23.0	 32.0	3.000	 1.0	14.0
1	2010	46	18545.0	 23.0	 32.0	3.000	 2.0	 0.0
1	2010	47	22588.0	 23.0	 34.0	3.000	 2.0	 0.0
1	2010	48	20254.0	 24.0	 33.0	3.000	 2.0	 3.0
1	2010	49	18395.0	 24.0	 33.0	3.000	 2.0	 1.0
1	2010	50	18992.0	 24.0	 33.0	3.000	 2.0	 1.0
1	2010	51	17334.0	 25.0	 33.0	3.000	 2.0	 1.0
1	2010	52	13953.0	 25.0	 31.0	3.000	 2.0	 2.0
1	2010	53	16251.0	 25.0	 32.0	3.000	 2.0	 7.0
1	2010	54	17893.0	 25.0	 32.0	3.000	 2.0	 6.0
1	2010	55	16434.0	 24.0	 32.0	3.000	 2.0	 1.0
1	2010	56	17366.0	 25.0	 32.0	3.000	 3.0	 1.0
1	2010	57	15543.0	 25.0	 31.0	3.000	 2.0	 3.0
1	2010	58	18129.0	 24.0	 32.0	3.000	 2.0	 1.0
1	2010	59	19039.0	 25.0	 32.0	3.000	 2.0	 1.0
1	2010	60	18817.0	 24.0	 33.0	3.000	 2.0	 1.0
1	2010	61	18421.0	 23.0	 33.0	3.000	 1.0	 0.0
1	2010	62	18477.0	 24.0	 33.0	3.000	 2.0	 2.0
1	2010	63	16809.0	 25.0	 32.0	3.000	 2.0	 2.0
1	2010	64	17145.0	 24.0	 32.0	3.000	 2.0	 1.0
1	2010	65	14560.0	 24.0	 32.0	3.000	 2.0	 5.0
1	2010	66	20413.0	 23.0	 33.0	3.000	 1.0	 1.0
1	2010	67	20392.0	 24.0	 33.0	3.000	 2.0	 1.0
1	2010	68	14324.0	 25.0	 31.0	3.000	 2.0	10.0
1	2010	69	11751.0	 23.0	 30.0	3.000	 2.0	 1.0
1	2010	70	17316.0	 24.0	 32.0	3.000	 2.0	 4.0
1	2010	71	18481.0	 23.0	 32.0	3.000	 1.0	10.0
1	2010	72	16916.0	 23.0	 32.0	3.000	 2.0	 5.0
1	2010	73	14731.0	 24.0	 31.0	3.000	 2.0	 5.0
1	2010	74	12621.0	 24.0	 31.0	3.000	 3.0	10.0
1	2010	75	14579.0	 24.0	 30.0	3.000	 1.0	 3.0
1	2010	76	17144.0	 23.0	 32.0	3.000	 2.0	 0.0
1	2010	77	21600.0	 23.0	 34.0	3.000	 1.0	 5.0
1	2010	78	17052.0	 24.0	 31.0	3.000	 1.0	22.0
1	2010	79	14984.0	 23.0	 30.0	3.000	 1.0	 2.0
1	2010	80	20052.0	 23.0	 33.0	3.000	 1.0	 0.0
1	2010	81	21368.0	 23.0	 33.0	3.000	 1.0	 3.0
1	2010	82	21422.0	 24.0	 34.0	3.000	 1.0	 0.0
1	2010	83	21810.0	 25.0	 34.0	3.000	 2.0	 0.0
1	2010	84	20341.0	 24.0	 32.0	3.000	 2.0	 1.0
1	2010	85	21515.0	 24.0	 33.0	3.000	 1.0	 0.0
1	2010	86	15694.0	 25.0	 31.0	3.000	 2.0	 6.0
1	2010	87	16720.0	 24.0	 32.0	3.000	 2.0	 1.0
1	2010	88	19508.0	 25.0	 33.0	3.000	 2.0	 4.0
1	2010	89	17720.0	 25.0	 32.0	3.000	 2.0	 6.0
1	2010	90	16932.0	 24.0	 32.0	3.000	 2.0	 0.0
1	2010	91	17235.0	 24.0	 32.0	3.000	 2.0	 2.0
1	2010	92	20304.0	 24.0	 34.0	3.000	 2.0	 1.0
1	2010	93	16169.0	 25.0	 32.0	3.000	 2.0	10.0
1	2010	94	19054.0	 25.0	 33.0	3.000	 2.0	 2.0
1	2010	95	21712.0	 24.0	 33.0	3.000	 2.0	 7.0
1	2010	96	13897.0	 23.0	 31.0	3.000	 1.0	 5.0
1	2010	97	21388.0	 23.0	 33.0	3.000	 2.0	 5.0
1	2010	98	20598.0	 23.0	 33.0	3.000	 2.0	 1.0
1	2010	99	18035.0	 24.0	 32.0	3.000	 2.0	 7.0
1	2010	100	17591.0	 24.0	 31.0	3.000	 2.0	 9.0
1	2010	101	19127.0	 24.0	 32.0	3.000	 2.0	 0.0
1	2010	102	20869.0	 24.0	 32.0	3.000	 2.0	 9.0
1	2010	103	19593.0	 24.0	 32.0	3.000	 2.0	 4.0
1	2010	104	18713.0	 23.0	 32.0	3.000	 2.0	 3.0
1	2010	105	16441.0	 24.0	 31.0	3.000	 2.0	 6.0
1	2010	106	17109.0	 25.0	 31.0	3.000	 2.0	 9.0
1	2010	107	21500.0	 23.0	 33.0	3.000	 1.0	 1.0
1	2010	108	22149.0	 24.0	 33.0	3.000	 1.0	 0.0
1	2010	109	21336.0	 25.0	 33.0	3.000	 2.0	 2.0
1	2010	110	14770.0	 24.0	 30.0	3.000	 2.0	10.0
1	2010	111	10689.0	 24.0	 30.0	3.000	 2.0	 1.0
1	2010	112	14247.0	 24.0	 29.0	3.000	 2.0	17.0
1	2010	113	18861.0	 24.0	 32.0	3.000	 1.0	 3.0
1	2010	114	16796.0	 23.0	 31.0	3.000	 1.0	13.0
1	2010	115	13586.0	 23.0	 30.0	3.000	 1.0	 2.0
1	2010	116	15307.0	 23.0	 30.0	3.000	 2.0	 9.0
1	2010	117	16249.0	 24.0	 30.0	3.000	 1.0	 3.0
1	2010	118	15110.0	 24.0	 30.0	3.000	 1.0	 8.0
1	2010	119	13694.0	 24.0	 29.0	3.000	 1.0	 6.0
1	2010	120	17663.0	 24.0	 31.0	3.000	 1.0	 6.0
1	2010	121	17847.0	 23.0	 31.0	3.000	 1.0	 5.0
1	2010	122	12173.0	 24.0	 30.0	3.000	 1.0	27.0
1	2010	123	10541.0	 23.0	 29.0	3.000	 1.0	 5.0
1	2010	124	18332.0	 24.0	 32.0	3.000	 1.0	 4.0
1	2010	125	18007.0	 24.0	 31.0	3.000	 2.0	 3.0
1	2010	126	15122.0	 22.0	 30.0	3.000	 1.0	 6.0
1	2010	127	18450.0	 23.0	 30.0	3.000	 1.0	 4.0
1	2010	128	14817.0	 23.0	 30.0	3.000	 1.0	 3.0
1	2010	129	17897.0	 23.0	 32.0	3.000	 1.0	 4.0
1	2010	130	18244.0	 23.0	 32.0	3.000	 1.0	 5.0
1	2010	131	18947.0	 24.0	 31.0	3.000	 1.0	 1.0
1	2010	132	18795.0	 24.0	 32.0	3.000	 2.0	 1.0
1	2010	133	18034.0	 24.0	 31.0	3.000	 2.0	 5.0
1	2010	134	17327.0	 24.0	 31.0	3.000	 1.0	 1.0
1	2010	135	19335.0	 23.0	 31.0	3.000	 2.0	 2.0
1	2010	136	17331.0	 23.0	 30.0	3.000	 2.0	 4.0
1	2010	137	18911.0	 23.0	 31.0	3.000	 1.0	 4.0
1	2010	138	17002.0	 23.0	 30.0	3.000	 2.0	 2.0
1	2010	139	16715.0	 24.0	 30.0	3.000	 2.0	 1.0
1	2010	140	15253.0	 23.0	 30.0	3.000	 1.0	 9.0
1	2010	141	12309.0	 23.0	 30.0	3.000	 1.0	 7.0
1	2010	142	20010.0	 23.0	 31.0	3.000	 1.0	 8.0
1	2010	143	15941.0	 23.0	 30.0	3.000	 1.0	 6.0
1	2010	144	17439.0	 23.0	 31.0	3.000	 1.0	 5.0
1	2010	145	16199.0	 23.0	 30.0	3.000	 2.0	 4.0
1	2010	146	12526.0	 23.0	 30.0	3.000	 2.0	11.0
1	2010	147	16132.0	 24.0	 30.0	3.000	 1.0	 1.0
1	2010	148	11751.0	 23.0	 28.0	3.000	 1.0	12.0
1	2010	149	13540.0	 23.0	 29.0	3.000	 1.0	12.0
1	2010	150	11388.0	 24.0	 28.0	3.000	 2.0	 2.0
1	2010	151	13180.0	 24.0	 29.0	3.000	 2.0	 8.0
1	2010	152	14636.0	 24.0	 30.0	3.000	 1.0	 8.0
1	2010	153	14279.0	 23.0	 29.0	3.000	 1.0	 9.0
1	2010	154	10536.0	 23.0	 28.0	3.000	 1.0	 3.0
1	2010	155	9258.0	 22.0	 28.0	3.000	 2.0	15.0
1	2010	156	11999.0	 22.0	 27.0	3.000	 1.0	 9.0
1	2010	157	16620.0	 22.0	 30.0	3.000	 1.0	 1.0
1	2010	158	13569.0	 23.0	 29.0	3.000	 1.0	 5.0
1	2010	159	12752.0	 23.0	 28.0	3.000	 2.0	 4.0
1	2010	160	14287.0	 22.0	 29.0	3.000	 2.0	 9.0
1	2010	161	6050.0	 23.0	 25.0	3.000	 1.0	19.0
1	2010	162	17862.0	 22.0	 30.0	3.000	 1.0	 2.0
1	2010	163	12283.0	 23.0	 30.0	3.000	 1.0	 9.0
1	2010	164	8091.0	 23.0	 28.0	3.000	 1.0	 9.0
1	2010	165	9642.0	 23.0	 27.0	3.000	 2.0	 6.0
1	2010	166	15547.0	 22.0	 29.0	3.000	 2.0	11.0
1	2010	167	13569.0	 23.0	 29.0	3.000	 2.0	10.0
1	2010	168	13280.0	 22.0	 28.0	3.000	 1.0	 2.0
1	2010	169	16549.0	 22.0	 29.0	3.000	 1.0	 3.0
1	2010	170	15782.0	 23.0	 29.0	3.000	 2.0	 2.0
1	2010	171	16439.0	 23.0	 30.0	3.000	 1.0	 9.0
1	2010	172	16080.0	 23.0	 30.0	3.000	 1.0	 2.0
1	2010	173	15101.0	 22.0	 30.0	3.000	 1.0	 2.0
1	2010	174	11102.0	 23.0	 28.0	3.000	 2.0	 5.0
1	2010	175	15065.0	 23.0	 30.0	3.000	 2.0	12.0
1	2010	176	12328.0	 23.0	 27.0	3.000	 3.0	 2.0
1	2010	177	13761.0	 22.0	 28.0	3.000	 2.0	 5.0
1	2010	178	11277.0	 22.0	 28.0	3.000	 2.0	 2.0
1	2010	179	16256.0	 23.0	 29.0	3.000	 2.0	 1.0
1	2010	180	14201.0	 23.0	 29.0	3.000	 1.0	 1.0
1	2010	181	15894.0	 23.0	 30.0	3.000	 2.0	 2.0
1	2010	182	8096.0	 22.0	 27.0	3.000	 2.0	15.0
1	2010	183	9058.0	 21.0	 27.0	3.000	 1.0	 0.0
1	2010	184	13597.0	 22.0	 29.0	3.000	 2.0	11.0
1	2010	185	18622.0	 22.0	 30.0	3.000	 2.0	 2.0
1	2010	186	13311.0	 23.0	 28.0	3.000	 2.0	 3.0
1	2010	187	14766.0	 23.0	 29.0	3.000	 2.0	 1.0
1	2010	188	12023.0	 23.0	 27.0	3.000	 2.0	 7.0
1	2010	189	15905.0	 22.0	 30.0	3.000	 1.0	 3.0
1	2010	190	12963.0	 23.0	 28.0	3.000	 2.0	12.0
1	2010	191	10873.0	 22.0	 27.0	3.000	 2.0	 2.0
1	2010	192	8898.0	 23.0	 26.0	3.000	 2.0	 1.0
1	2010	193	14798.0	 21.0	 29.0	3.000	 1.0	 0.0
1	2010	194	15584.0	 22.0	 29.0	3.000	 1.0	 2.0
1	2010	195	14888.0	 22.0	 29.0	3.000	 2.0	 8.0
1	2010	196	14302.0	 23.0	 30.0	3.000	 2.0	 4.0
1	2010	197	10109.0	 22.0	 27.0	3.000	 3.0	12.0
1	2010	198	8964.0	 22.0	 27.0	3.000	 2.0	 4.0
1	2010	199	16063.0	 22.0	 30.0	3.000	 1.0	 0.0
1	2010	200	14110.0	 22.0	 29.0	3.000	 2.0	 1.0
1	2010	201	11415.0	 22.0	 28.0	3.000	 3.0	 0.0
1	2010	202	10455.0	 21.0	 27.0	3.000	 3.0	 0.0
1	2010	203	22459.0	 20.0	 30.0	2.000	 3.0	 0.0
1	2010	204	15003.0	 21.0	 28.0	2.000	 3.0	 0.0
1	2010	205	15628.0	 21.0	 28.0	2.000	 3.0	 0.0
1	2010	206	18937.0	 20.0	 30.0	2.000	 2.0	 0.0
1	2010	207	12560.0	 20.0	 28.0	3.000	 2.0	 0.0
1	2010	208	8894.0	 22.0	 27.0	3.000	 2.0	 2.0
1	2010	209	17641.0	 22.0	 29.0	3.000	 3.0	 2.0
1	2010	210	16958.0	 22.0	 29.0	3.000	 2.0	 0.0
1	2010	211	14198.0	 21.0	 27.0	2.000	 3.0	 1.0
1	2010	212	12012.0	 22.0	 26.0	3.000	 2.0	 2.0
1	2010	213	15674.0	 19.0	 29.0	3.000	 2.0	 1.0
1	2010	214	13202.0	 19.0	 28.0	3.000	 2.0	 1.0
1	2010	215	7043.0	 22.0	 26.0	3.000	 2.0	 3.0
1	2010	216	16088.0	 22.0	 28.0	3.000	 3.0	 1.0
1	2010	217	16884.0	 22.0	 30.0	3.000	 2.0	 1.0
1	2010	218	14055.0	 21.0	 29.0	3.000	 2.0	 0.0
1	2010	219	13896.0	 22.0	 29.0	3.000	 3.0	 1.0
1	2010	220	12324.0	 23.0	 28.0	3.000	 3.0	 2.0
1	2010	221	12261.0	 22.0	 28.0	3.000	 2.0	 5.0
1	2010	222	10935.0	 22.0	 28.0	3.000	 2.0	 3.0
1	2010	223	10559.0	 23.0	 28.0	3.000	 3.0	 8.0
1	2010	224	13267.0	 22.0	 28.0	3.000	 3.0	11.0
1	2010	225	15312.0	 22.0	 29.0	3.000	 2.0	 4.0
1	2010	226	13515.0	 22.0	 29.0	3.000	 2.0	10.0
1	2010	227	16120.0	 22.0	 31.0	3.000	 1.0	 2.0
1	2010	228	13979.0	 23.0	 29.0	3.000	 2.0	12.0
1	2010	229	9834.0	 23.0	 28.0	3.000	 2.0	11.0
1	2010	230	14690.0	 22.0	 29.0	3.000	 2.0	 2.0
1	2010	231	18695.0	 22.0	 30.0	3.000	 2.0	 2.0
1	2010	232	8904.0	 22.0	 27.0	3.000	 2.0	 1.0
1	2010	233	4034.0	 22.0	 24.0	3.000	 2.0	76.0
1	2010	234	6932.0	 22.0	 25.0	3.000	 2.0	 1.0
1	2010	235	15376.0	 22.0	 28.0	3.000	 2.0	 2.0
1	2010	236	9619.0	 22.0	 27.0	3.000	 2.0	 1.0
1	2010	237	16571.0	 22.0	 29.0	3.000	 2.0	 8.0
1	2010	238	17401.0	 22.0	 30.0	3.000	 2.0	 2.0
1	2010	239	14949.0	 23.0	 30.0	3.000	 2.0	 9.0
1	2010	240	15627.0	 22.0	 29.0	3.000	 2.0	 3.0
1	2010	241	11509.0	 23.0	 28.0	3.000	 2.0	 1.0
1	2010	242	16844.0	 23.0	 28.0	3.000	 2.0	 2.0
1	2010	243	10769.0	 23.0	 28.0	3.000	 2.0	 1.0
1	2010	244	14623.0	 23.0	 28.0	3.000	 2.0	 1.0
1	2010	245	18085.0	 22.0	 30.0	3.000	 2.0	 1.0
1	2010	246	7426.0	 23.0	 28.0	3.000	 2.0	 4.0
1	2010	247	13022.0	 22.0	 28.0	3.000	 2.0	 4.0
1	2010	248	16446.0	 23.0	 29.0	3.000	 2.0	 2.0
1	2010	249	15533.0	 23.0	 29.0	3.000	 3.0	 2.0
1	2010	250	17412.0	 23.0	 29.0	3.000	 2.0	 2.0
1	2010	251	8520.0	 22.0	 27.0	3.000	 2.0	 1.0
1	2010	252	13432.0	 23.0	 28.0	3.000	 2.0	 1.0
1	2010	253	16780.0	 22.0	 29.0	3.000	 2.0	 6.0
1	2010	254	12824.0	 23.0	 29.0	3.000	 2.0	 6.0
1	2010	255	14435.0	 22.0	 28.0	3.000	 1.0	13.0
1	2010	256	14047.0	 22.0	 29.0	3.000	 2.0	 1.0
1	2010	257	15621.0	 22.0	 29.0	3.000	 2.0	 2.0
1	2010	258	14994.0	 23.0	 30.0	3.000	 2.0	 6.0
1	2010	259	18142.0	 22.0	 30.0	3.000	 2.0	 1.0
1	2010	260	14176.0	 22.0	 29.0	3.000	 2.0	 2.0
1	2010	261	10427.0	 23.0	 28.0	3.000	 2.0	11.0
1	2010	262	10211.0	 22.0	 27.0	3.000	 1.0	 2.0
1	2010	263	17503.0	 22.0	 30.0	3.000	 1.0	 3.0
1	2010	264	14636.0	 23.0	 28.0	3.000	 2.0	 6.0
1	2010	265	15579.0	 22.0	 30.0	3.000	 2.0	 7.0
1	2010	266	6753.0	 22.0	 26.0	3.000	 2.0	18.0
1	2010	267	7068.0	 22.0	 26.0	3.000	 1.0	14.0
1	2010	268	14816.0	 22.0	 28.0	3.000	 2.0	 5.0
1	2010	269	17076.0	 22.0	 29.0	3.000	 2.0	 2.0
1	2010	270	15638.0	 22.0	 30.0	3.000	 1.0	 5.0
1	2010	271	14742.0	 22.0	 29.0	3.000	 1.0	 5.0
1	2010	272	19317.0	 22.0	 31.0	3.000	 1.0	 2.0
1	2010	273	13797.0	 23.0	 29.0	3.000	 1.0	 7.0
1	2010	274	14270.0	 22.0	 28.0	3.000	 2.0	12.0
1	2010	275	16858.0	 23.0	 30.0	3.000	 1.0	 1.0
1	2010	276	13643.0	 23.0	 29.0	3.000	 1.0	 7.0
1	2010	277	8572.0	 22.0	 26.0	3.000	 1.0	 9.0
1	2010	278	14030.0	 22.0	 29.0	3.000	 2.0	 7.0
1	2010	279	16376.0	 22.0	 30.0	3.000	 2.0	 8.0
1	2010	280	15099.0	 23.0	 30.0	3.000	 2.0	 9.0
1	2010	281	12490.0	 23.0	 29.0	3.000	 1.0	 8.0
1	2010	282	18930.0	 22.0	 30.0	3.000	 1.0	 4.0
1	2010	283	13960.0	 22.0	 29.0	3.000	 2.0	10.0
1	2010	284	12615.0	 23.0	 27.0	3.000	 2.0	17.0
1	2010	285	16734.0	 23.0	 30.0	3.000	 1.0	15.0
1	2010	286	16224.0	 23.0	 30.0	3.000	 1.0	 5.0
1	2010	287	13036.0	 23.0	 29.0	3.000	 2.0	 8.0
1	2010	288	12377.0	 23.0	 28.0	3.000	 1.0	 1.0
1	2010	289	19737.0	 23.0	 31.0	3.000	 1.0	 1.0
1	2010	290	16260.0	 23.0	 30.0	3.000	 1.0	 6.0
1	2010	291	14390.0	 23.0	 28.0	3.000	 1.0	 5.0
1	2010	292	14223.0	 23.0	 29.0	3.000	 2.0	 9.0
1	2010	293	13749.0	 23.0	 29.0	3.000	 1.0	 8.0
1	2010	294	18147.0	 22.0	 30.0	3.000	 0.0	20.0
1	2010	295	15458.0	 22.0	 29.0	3.000	 1.0	11.0
1	2010	296	15963.0	 22.0	 29.0	3.000	 1.0	11.0
1	2010	297	15446.0	 23.0	 29.0	3.000	 2.0	 7.0
1	2010	298	16174.0	 22.0	 30.0	3.000	 2.0	 7.0
1	2010	299	10789.0	 21.0	 27.0	3.000	 1.0	 7.0
1	2010	300	16886.0	 22.0	 30.0	3.000	 1.0	 1.0
1	2010	301	14982.0	 22.0	 29.0	3.000	 1.0	 5.0
1	2010	302	19155.0	 22.0	 30.0	3.000	 1.0	 1.0
1	2010	303	11927.0	 23.0	 28.0	3.000	 1.0	 5.0
1	2010	304	16997.0	 22.0	 30.0	3.000	 1.0	 7.0
1	2010	305	16863.0	 23.0	 30.0	3.000	 1.0	 6.0
1	2010	306	11904.0	 22.0	 28.0	3.000	 1.0	 5.0
1	2010	307	16931.0	 22.0	 30.0	3.000	 1.0	 1.0
1	2010	308	13319.0	 22.0	 29.0	3.000	 1.0	 1.0
1	2010	309	17212.0	 23.0	 30.0	3.000	 1.0	 4.0
1	2010	310	13394.0	 22.0	 29.0	3.000	 1.0	11.0
1	2010	311	15636.0	 23.0	 30.0	3.000	 1.0	 3.0
1	2010	312	14231.0	 22.0	 29.0	3.000	 1.0	 8.0
1	2010	313	18632.0	 22.0	 30.0	3.000	 1.0	 0.0
1	2010	314	17450.0	 22.0	 30.0	3.000	 1.0	 2.0
1	2010	315	14783.0	 22.0	 30.0	3.000	 1.0	 1.0
1	2010	316	16378.0	 22.0	 30.0	3.000	 1.0	 1.0
1	2010	317	12583.0	 22.0	 29.0	3.000	 2.0	 6.0
1	2010	318	16560.0	 22.0	 29.0	3.000	 1.0	 2.0
1	2010	319	16698.0	 22.0	 29.0	3.000	 1.0	 2.0
1	2010	320	17842.0	 21.0	 30.0	3.000	 1.0	 5.0
1	2010	321	17412.0	 22.0	 31.0	3.000	 1.0	 6.0
1	2010	322	13660.0	 22.0	 30.0	3.000	 1.0	 7.0
1	2010	323	16204.0	 22.0	 30.0	3.000	 1.0	 1.0
1	2010	324	18029.0	 22.0	 31.0	3.000	 1.0	 1.0
1	2010	325	13823.0	 22.0	 29.0	3.000	 1.0	 8.0
1	2010	326	12832.0	 22.0	 29.0	3.000	 1.0	10.0
1	2010	327	16765.0	 22.0	 30.0	3.000	 1.0	 0.0
1	2010	328	18290.0	 22.0	 30.0	3.000	 1.0	 1.0
1	2010	329	19157.0	 22.0	 31.0	3.000	 1.0	 1.0
1	2010	330	16591.0	 23.0	 30.0	3.000	 1.0	13.0
1	2010	331	14301.0	 22.0	 29.0	3.000	 1.0	 8.0
1	2010	332	14066.0	 22.0	 29.0	3.000	 1.0	 2.0
1	2010	333	16753.0	 22.0	 30.0	3.000	 1.0	 1.0
1	2010	334	17758.0	 22.0	 30.0	3.000	 1.0	 1.0
1	2010	335	16083.0	 21.0	 30.0	3.000	 1.0	 0.0
1	2010	336	16881.0	 21.0	 30.0	3.000	 1.0	 1.0
1	2010	337	16542.0	 21.0	 30.0	3.000	 1.0	 2.0
1	2010	338	15696.0	 22.0	 30.0	3.000	 1.0	 3.0
1	2010	339	15944.0	 22.0	 30.0	3.000	 1.0	 2.0
1	2010	340	14553.0	 23.0	 29.0	3.000	 1.0	 3.0
1	2010	341	14790.0	 22.0	 30.0	3.000	 1.0	 0.0
1	2010	342	16153.0	 22.0	 30.0	3.000	 1.0	 2.0
1	2010	343	16763.0	 22.0	 30.0	3.000	 1.0	 3.0
1	2010	344	18401.0	 22.0	 30.0	3.000	 1.0	 1.0
1	2010	345	16967.0	 22.0	 30.0	3.000	 1.0	 1.0
1	2010	346	18506.0	 20.0	 31.0	3.000	 1.0	 0.0
1	2010	347	17211.0	 22.0	 30.0	3.000	 1.0	 0.0
1	2010	348	18760.0	 22.0	 31.0	3.000	 1.0	 0.0
1	2010	349	18589.0	 22.0	 32.0	3.000	 1.0	 1.0
1	2010	350	16652.0	 22.0	 31.0	3.000	 1.0	 2.0
1	2010	351	13936.0	 22.0	 30.0	3.000	 1.0	 1.0
1	2010	352	16947.0	 23.0	 31.0	3.000	 1.0	 0.0
1	2010	353	17289.0	 23.0	 31.0	3.000	 1.0	 1.0
1	2010	354	15061.0	 22.0	 31.0	3.000	 1.0	 1.0
1	2010	355	17764.0	 24.0	 31.0	3.000	 2.0	 1.0
1	2010	356	10833.0	 24.0	 29.0	3.000	 2.0	 2.0
1	2010	357	15072.0	 23.0	 29.0	3.000	 1.0	 6.0
1	2010	358	16377.0	 21.0	 31.0	3.000	 1.0	 1.0
1	2010	359	17669.0	 22.0	 31.0	3.000	 1.0	 1.0
1	2010	360	15143.0	 22.0	 30.0	3.000	 2.0	 2.0
1	2010	361	16881.0	 22.0	 31.0	3.000	 1.0	 7.0
1	2010	362	13929.0	 22.0	 30.0	3.000	 1.0	 1.0
1	2010	363	14121.0	 23.0	 30.0	3.000	 1.0	 1.0
1	2010	364	13423.0	 21.0	 29.0	3.000	 1.0	 1.0
1	2010	365	17868.0	 21.0	 31.0	3.000	 0.0	 0.0
