*---------------------------------------------------
* Station: Western
* Year: 2012
* Origin: ERA5-Reanalysis
* Columns & units
* ===================
* 1. station number
* 2. year
* 3. Day of Year
* 4. Irradiance   (kJ路m-2路d-1)
* 5. Daily minimum temperature (degC)
* 6. Daily maximum temperature (degC)
* 7. Vapour pressure (kPa)
* 8. Mean wind speed (m路s-1)
* 9. Precipitation (mm路d-1)
** WCCDESCRIPTION=Western
** WCCFORMAT=2
** WCCYEARNR=2012
*------------------------------------------------------------*
-2.41  5.74  107.00 -0.18  -0.55
1	2012	1	20375.0	 21.0	 32.0	2.000	 1.0	 0.0
1	2012	2	19516.0	 22.0	 32.0	2.000	 1.0	 0.0
1	2012	3	16185.0	 22.0	 31.0	3.000	 1.0	 1.0
1	2012	4	19212.0	 22.0	 33.0	3.000	 1.0	 0.0
1	2012	5	18761.0	 24.0	 33.0	3.000	 1.0	 0.0
1	2012	6	16549.0	 22.0	 32.0	3.000	 1.0	 1.0
1	2012	7	18990.0	 22.0	 32.0	3.000	 1.0	 0.0
1	2012	8	20408.0	 23.0	 33.0	3.000	 1.0	 0.0
1	2012	9	18469.0	 23.0	 33.0	3.000	 1.0	 0.0
1	2012	10	16674.0	 23.0	 31.0	3.000	 1.0	 1.0
1	2012	11	19785.0	 23.0	 33.0	3.000	 1.0	 0.0
1	2012	12	19332.0	 24.0	 33.0	3.000	 0.0	 0.0
1	2012	13	19666.0	 24.0	 32.0	3.000	 1.0	 0.0
1	2012	14	20710.0	 23.0	 32.0	2.000	 1.0	 0.0
1	2012	15	21987.0	 23.0	 33.0	2.000	 1.0	 0.0
1	2012	16	22588.0	 22.0	 33.0	2.000	 0.0	 0.0
1	2012	17	21898.0	 19.0	 33.0	2.000	 1.0	 0.0
1	2012	18	20485.0	 20.0	 33.0	2.000	 2.0	 0.0
1	2012	19	16501.0	 22.0	 32.0	3.000	 2.0	 1.0
1	2012	20	14491.0	 22.0	 31.0	3.000	 2.0	 9.0
1	2012	21	16798.0	 23.0	 31.0	3.000	 1.0	10.0
1	2012	22	18369.0	 21.0	 31.0	2.000	 0.0	 2.0
1	2012	23	17806.0	 22.0	 31.0	2.000	 1.0	 0.0
1	2012	24	20812.0	 21.0	 33.0	2.000	 1.0	 0.0
1	2012	25	20377.0	 23.0	 33.0	2.000	 1.0	 0.0
1	2012	26	18124.0	 23.0	 32.0	3.000	 2.0	 0.0
1	2012	27	16306.0	 23.0	 31.0	3.000	 2.0	 2.0
1	2012	28	13794.0	 23.0	 30.0	3.000	 2.0	 2.0
1	2012	29	11756.0	 23.0	 29.0	3.000	 2.0	 7.0
1	2012	30	14774.0	 23.0	 31.0	3.000	 2.0	 2.0
1	2012	31	16089.0	 23.0	 32.0	3.000	 2.0	 1.0
1	2012	32	17415.0	 23.0	 31.0	3.000	 2.0	 3.0
1	2012	33	15498.0	 23.0	 31.0	3.000	 2.0	 5.0
1	2012	34	15058.0	 23.0	 30.0	3.000	 2.0	10.0
1	2012	35	14085.0	 23.0	 31.0	3.000	 1.0	 7.0
1	2012	36	11789.0	 23.0	 29.0	3.000	 1.0	 7.0
1	2012	37	17199.0	 22.0	 31.0	3.000	 1.0	 1.0
1	2012	38	23719.0	 23.0	 32.0	2.000	 1.0	 0.0
1	2012	39	23447.0	 20.0	 32.0	2.000	 2.0	 0.0
1	2012	40	23846.0	 19.0	 33.0	2.000	 2.0	 0.0
1	2012	41	18581.0	 21.0	 31.0	2.000	 2.0	 0.0
1	2012	42	19260.0	 23.0	 33.0	3.000	 2.0	 0.0
1	2012	43	16858.0	 24.0	 31.0	3.000	 3.0	 2.0
1	2012	44	17821.0	 23.0	 32.0	3.000	 2.0	 2.0
1	2012	45	16136.0	 24.0	 31.0	3.000	 3.0	 1.0
1	2012	46	15613.0	 24.0	 31.0	3.000	 3.0	 0.0
1	2012	47	17042.0	 23.0	 31.0	3.000	 2.0	 3.0
1	2012	48	15201.0	 24.0	 31.0	3.000	 2.0	 4.0
1	2012	49	14872.0	 23.0	 30.0	3.000	 2.0	 5.0
1	2012	50	13368.0	 23.0	 30.0	3.000	 2.0	11.0
1	2012	51	14734.0	 23.0	 30.0	3.000	 2.0	 8.0
1	2012	52	12956.0	 22.0	 30.0	3.000	 1.0	 2.0
1	2012	53	17121.0	 23.0	 30.0	3.000	 1.0	 8.0
1	2012	54	14525.0	 23.0	 30.0	3.000	 1.0	15.0
1	2012	55	20685.0	 21.0	 32.0	3.000	 1.0	 3.0
1	2012	56	17311.0	 22.0	 31.0	3.000	 2.0	 1.0
1	2012	57	15096.0	 22.0	 30.0	3.000	 2.0	 2.0
1	2012	58	14585.0	 22.0	 30.0	3.000	 2.0	 8.0
1	2012	59	14071.0	 23.0	 30.0	3.000	 2.0	12.0
1	2012	60	15715.0	 23.0	 30.0	3.000	 2.0	 3.0
1	2012	61	16804.0	 23.0	 31.0	3.000	 2.0	 1.0
1	2012	62	22059.0	 21.0	 32.0	3.000	 1.0	 2.0
1	2012	63	19351.0	 21.0	 32.0	3.000	 2.0	 2.0
1	2012	64	14454.0	 23.0	 30.0	3.000	 2.0	 5.0
1	2012	65	15427.0	 22.0	 30.0	3.000	 2.0	 7.0
1	2012	66	20499.0	 22.0	 31.0	3.000	 1.0	 1.0
1	2012	67	18169.0	 23.0	 31.0	3.000	 1.0	 3.0
1	2012	68	16273.0	 23.0	 31.0	3.000	 2.0	 6.0
1	2012	69	15930.0	 23.0	 31.0	3.000	 2.0	15.0
1	2012	70	19597.0	 22.0	 31.0	3.000	 1.0	 5.0
1	2012	71	19599.0	 22.0	 32.0	3.000	 0.0	 1.0
1	2012	72	21708.0	 22.0	 33.0	3.000	 1.0	 0.0
1	2012	73	22701.0	 24.0	 34.0	3.000	 1.0	 0.0
1	2012	74	22839.0	 23.0	 34.0	3.000	 1.0	 0.0
1	2012	75	20299.0	 23.0	 33.0	3.000	 2.0	 1.0
1	2012	76	20082.0	 24.0	 33.0	3.000	 2.0	 0.0
1	2012	77	16283.0	 25.0	 31.0	3.000	 2.0	 1.0
1	2012	78	17264.0	 24.0	 31.0	3.000	 2.0	 6.0
1	2012	79	17867.0	 23.0	 32.0	3.000	 1.0	 4.0
1	2012	80	17044.0	 23.0	 32.0	3.000	 2.0	 1.0
1	2012	81	18726.0	 25.0	 32.0	3.000	 2.0	 2.0
1	2012	82	18857.0	 25.0	 31.0	3.000	 2.0	 2.0
1	2012	83	19282.0	 25.0	 31.0	3.000	 2.0	 3.0
1	2012	84	17473.0	 24.0	 31.0	3.000	 2.0	 4.0
1	2012	85	16600.0	 24.0	 31.0	3.000	 2.0	12.0
1	2012	86	17276.0	 23.0	 31.0	3.000	 2.0	 2.0
1	2012	87	18147.0	 24.0	 32.0	3.000	 2.0	 1.0
1	2012	88	16819.0	 24.0	 31.0	3.000	 2.0	 4.0
1	2012	89	18937.0	 25.0	 32.0	3.000	 2.0	 4.0
1	2012	90	19182.0	 24.0	 32.0	3.000	 2.0	 0.0
1	2012	91	19785.0	 25.0	 32.0	3.000	 2.0	 0.0
1	2012	92	19743.0	 24.0	 31.0	3.000	 2.0	 6.0
1	2012	93	17599.0	 24.0	 31.0	3.000	 1.0	 3.0
1	2012	94	15560.0	 24.0	 31.0	3.000	 2.0	 2.0
1	2012	95	12968.0	 23.0	 30.0	3.000	 1.0	11.0
1	2012	96	20226.0	 23.0	 32.0	3.000	 1.0	 4.0
1	2012	97	19127.0	 24.0	 31.0	3.000	 2.0	 1.0
1	2012	98	15632.0	 24.0	 30.0	3.000	 2.0	 3.0
1	2012	99	20707.0	 24.0	 31.0	3.000	 2.0	 1.0
1	2012	100	14365.0	 23.0	 29.0	3.000	 2.0	 9.0
1	2012	101	15338.0	 22.0	 30.0	3.000	 2.0	 4.0
1	2012	102	16788.0	 23.0	 31.0	3.000	 2.0	 3.0
1	2012	103	16374.0	 24.0	 30.0	3.000	 3.0	 5.0
1	2012	104	14325.0	 23.0	 29.0	3.000	 2.0	 7.0
1	2012	105	19675.0	 22.0	 32.0	3.000	 2.0	 3.0
1	2012	106	19059.0	 24.0	 31.0	3.000	 2.0	 2.0
1	2012	107	15497.0	 24.0	 30.0	3.000	 2.0	 8.0
1	2012	108	14037.0	 23.0	 30.0	3.000	 2.0	 6.0
1	2012	109	13172.0	 22.0	 29.0	3.000	 1.0	 6.0
1	2012	110	16783.0	 24.0	 30.0	3.000	 1.0	 5.0
1	2012	111	12743.0	 22.0	 29.0	3.000	 1.0	 1.0
1	2012	112	20151.0	 23.0	 31.0	3.000	 2.0	 0.0
1	2012	113	15701.0	 23.0	 30.0	3.000	 2.0	 3.0
1	2012	114	18447.0	 23.0	 31.0	3.000	 2.0	 5.0
1	2012	115	18341.0	 23.0	 31.0	3.000	 2.0	 5.0
1	2012	116	17363.0	 23.0	 30.0	3.000	 2.0	 9.0
1	2012	117	17694.0	 23.0	 30.0	3.000	 1.0	 3.0
1	2012	118	17282.0	 22.0	 31.0	3.000	 2.0	 0.0
1	2012	119	19330.0	 23.0	 32.0	3.000	 2.0	 1.0
1	2012	120	19937.0	 24.0	 31.0	3.000	 2.0	 2.0
1	2012	121	19368.0	 23.0	 31.0	3.000	 2.0	 3.0
1	2012	122	19771.0	 23.0	 31.0	3.000	 2.0	 1.0
1	2012	123	18980.0	 24.0	 31.0	3.000	 2.0	 7.0
1	2012	124	15739.0	 23.0	 30.0	3.000	 2.0	10.0
1	2012	125	16423.0	 23.0	 30.0	3.000	 2.0	 8.0
1	2012	126	22031.0	 22.0	 32.0	3.000	 1.0	 1.0
1	2012	127	15207.0	 23.0	 30.0	3.000	 2.0	 4.0
1	2012	128	18649.0	 23.0	 31.0	3.000	 2.0	 7.0
1	2012	129	16281.0	 23.0	 30.0	3.000	 2.0	 7.0
1	2012	130	14329.0	 22.0	 29.0	3.000	 2.0	10.0
1	2012	131	16962.0	 22.0	 30.0	3.000	 1.0	 6.0
1	2012	132	16537.0	 23.0	 30.0	3.000	 1.0	10.0
1	2012	133	18241.0	 23.0	 31.0	3.000	 2.0	 6.0
1	2012	134	14408.0	 23.0	 29.0	3.000	 2.0	13.0
1	2012	135	10184.0	 22.0	 26.0	3.000	 1.0	22.0
1	2012	136	12013.0	 22.0	 28.0	3.000	 1.0	10.0
1	2012	137	16720.0	 23.0	 29.0	3.000	 1.0	 3.0
1	2012	138	16901.0	 23.0	 30.0	3.000	 2.0	 7.0
1	2012	139	18083.0	 23.0	 30.0	3.000	 2.0	 2.0
1	2012	140	16069.0	 23.0	 30.0	3.000	 2.0	 6.0
1	2012	141	17204.0	 23.0	 31.0	3.000	 1.0	 6.0
1	2012	142	14354.0	 23.0	 30.0	3.000	 1.0	12.0
1	2012	143	14413.0	 23.0	 30.0	3.000	 1.0	 4.0
1	2012	144	17186.0	 22.0	 30.0	3.000	 1.0	 7.0
1	2012	145	14788.0	 23.0	 29.0	3.000	 2.0	 7.0
1	2012	146	14598.0	 23.0	 29.0	3.000	 2.0	 7.0
1	2012	147	13395.0	 22.0	 29.0	3.000	 2.0	 7.0
1	2012	148	14629.0	 22.0	 29.0	3.000	 1.0	 1.0
1	2012	149	12545.0	 22.0	 28.0	3.000	 2.0	 6.0
1	2012	150	11753.0	 22.0	 28.0	3.000	 2.0	13.0
1	2012	151	11549.0	 21.0	 27.0	3.000	 2.0	11.0
1	2012	152	9020.0	 22.0	 27.0	3.000	 1.0	 8.0
1	2012	153	15223.0	 21.0	 30.0	3.000	 1.0	 8.0
1	2012	154	12280.0	 22.0	 29.0	3.000	 1.0	 8.0
1	2012	155	9405.0	 22.0	 27.0	3.000	 2.0	24.0
1	2012	156	15877.0	 22.0	 30.0	3.000	 2.0	 3.0
1	2012	157	14367.0	 23.0	 30.0	3.000	 2.0	 5.0
1	2012	158	8827.0	 23.0	 27.0	3.000	 2.0	 3.0
1	2012	159	16611.0	 22.0	 29.0	3.000	 1.0	 2.0
1	2012	160	13438.0	 23.0	 29.0	3.000	 2.0	13.0
1	2012	161	17758.0	 22.0	 29.0	3.000	 1.0	 2.0
1	2012	162	17291.0	 23.0	 30.0	3.000	 2.0	 1.0
1	2012	163	15800.0	 23.0	 29.0	3.000	 2.0	 5.0
1	2012	164	11878.0	 23.0	 27.0	3.000	 2.0	 8.0
1	2012	165	11001.0	 22.0	 27.0	3.000	 2.0	 5.0
1	2012	166	10781.0	 22.0	 29.0	3.000	 2.0	 0.0
1	2012	167	11930.0	 23.0	 29.0	3.000	 2.0	11.0
1	2012	168	12877.0	 22.0	 28.0	3.000	 2.0	 6.0
1	2012	169	10823.0	 22.0	 27.0	3.000	 2.0	14.0
1	2012	170	10473.0	 22.0	 26.0	3.000	 2.0	18.0
1	2012	171	13541.0	 22.0	 28.0	3.000	 1.0	 4.0
1	2012	172	14988.0	 21.0	 29.0	3.000	 2.0	 4.0
1	2012	173	12397.0	 22.0	 28.0	3.000	 2.0	 8.0
1	2012	174	11924.0	 22.0	 27.0	3.000	 2.0	 6.0
1	2012	175	15772.0	 21.0	 28.0	3.000	 2.0	 4.0
1	2012	176	10394.0	 22.0	 28.0	3.000	 2.0	 4.0
1	2012	177	7342.0	 22.0	 25.0	3.000	 2.0	33.0
1	2012	178	12167.0	 22.0	 27.0	3.000	 2.0	10.0
1	2012	179	14819.0	 21.0	 28.0	3.000	 2.0	 7.0
1	2012	180	10359.0	 22.0	 27.0	3.000	 2.0	16.0
1	2012	181	13889.0	 22.0	 27.0	3.000	 2.0	 3.0
1	2012	182	15751.0	 22.0	 28.0	3.000	 2.0	 2.0
1	2012	183	14154.0	 22.0	 28.0	3.000	 2.0	 7.0
1	2012	184	10106.0	 22.0	 26.0	3.000	 2.0	 3.0
1	2012	185	16009.0	 22.0	 29.0	3.000	 2.0	 2.0
1	2012	186	13586.0	 21.0	 27.0	3.000	 2.0	 8.0
1	2012	187	14715.0	 21.0	 27.0	3.000	 2.0	 6.0
1	2012	188	16288.0	 20.0	 28.0	3.000	 2.0	 2.0
1	2012	189	14157.0	 21.0	 28.0	3.000	 2.0	 1.0
1	2012	190	8017.0	 22.0	 26.0	3.000	 2.0	 1.0
1	2012	191	13890.0	 22.0	 28.0	3.000	 2.0	 1.0
1	2012	192	16177.0	 22.0	 29.0	3.000	 2.0	 1.0
1	2012	193	15625.0	 22.0	 29.0	3.000	 2.0	 0.0
1	2012	194	13264.0	 22.0	 28.0	3.000	 2.0	 0.0
1	2012	195	17830.0	 21.0	 30.0	3.000	 2.0	 1.0
1	2012	196	18193.0	 23.0	 30.0	3.000	 3.0	 1.0
1	2012	197	11527.0	 22.0	 27.0	3.000	 3.0	 9.0
1	2012	198	9018.0	 22.0	 25.0	3.000	 2.0	 1.0
1	2012	199	15701.0	 21.0	 28.0	3.000	 2.0	 1.0
1	2012	200	14139.0	 22.0	 29.0	3.000	 2.0	 1.0
1	2012	201	14895.0	 21.0	 29.0	3.000	 3.0	 1.0
1	2012	202	14376.0	 22.0	 28.0	3.000	 2.0	 1.0
1	2012	203	16712.0	 22.0	 29.0	3.000	 2.0	 6.0
1	2012	204	8566.0	 22.0	 26.0	3.000	 2.0	 6.0
1	2012	205	14526.0	 22.0	 27.0	3.000	 3.0	 2.0
1	2012	206	10741.0	 22.0	 26.0	3.000	 3.0	 2.0
1	2012	207	5892.0	 22.0	 25.0	3.000	 3.0	 2.0
1	2012	208	7400.0	 22.0	 26.0	3.000	 2.0	 0.0
1	2012	209	13196.0	 22.0	 28.0	3.000	 2.0	 2.0
1	2012	210	14089.0	 22.0	 28.0	3.000	 3.0	 2.0
1	2012	211	13268.0	 22.0	 27.0	3.000	 3.0	 1.0
1	2012	212	13977.0	 22.0	 28.0	3.000	 2.0	 1.0
1	2012	213	6224.0	 22.0	 25.0	3.000	 3.0	 1.0
1	2012	214	10937.0	 22.0	 26.0	3.000	 3.0	 2.0
1	2012	215	12737.0	 22.0	 27.0	3.000	 2.0	 2.0
1	2012	216	11780.0	 22.0	 28.0	3.000	 2.0	 1.0
1	2012	217	12966.0	 21.0	 28.0	3.000	 3.0	 3.0
1	2012	218	17867.0	 22.0	 28.0	3.000	 2.0	 3.0
1	2012	219	13999.0	 22.0	 29.0	3.000	 2.0	 1.0
1	2012	220	15830.0	 21.0	 29.0	3.000	 3.0	11.0
1	2012	221	8337.0	 22.0	 26.0	3.000	 3.0	 1.0
1	2012	222	9816.0	 22.0	 27.0	3.000	 2.0	 0.0
1	2012	223	10670.0	 21.0	 27.0	2.000	 2.0	 1.0
1	2012	224	9475.0	 21.0	 25.0	3.000	 3.0	 3.0
1	2012	225	14088.0	 22.0	 27.0	3.000	 3.0	 2.0
1	2012	226	14887.0	 21.0	 28.0	2.000	 2.0	 1.0
1	2012	227	5793.0	 21.0	 25.0	2.000	 2.0	 0.0
1	2012	228	7123.0	 21.0	 25.0	2.000	 3.0	 1.0
1	2012	229	16251.0	 21.0	 27.0	3.000	 2.0	 3.0
1	2012	230	14563.0	 21.0	 28.0	3.000	 2.0	 2.0
1	2012	231	9653.0	 21.0	 26.0	3.000	 3.0	 2.0
1	2012	232	4508.0	 22.0	 24.0	3.000	 3.0	45.0
1	2012	233	17590.0	 21.0	 29.0	3.000	 2.0	 2.0
1	2012	234	13799.0	 22.0	 28.0	3.000	 2.0	 1.0
1	2012	235	4316.0	 22.0	 24.0	3.000	 3.0	12.0
1	2012	236	13756.0	 22.0	 28.0	3.000	 2.0	 3.0
1	2012	237	17646.0	 22.0	 29.0	3.000	 2.0	 1.0
1	2012	238	15892.0	 21.0	 28.0	3.000	 2.0	 2.0
1	2012	239	17030.0	 22.0	 28.0	3.000	 2.0	 2.0
1	2012	240	16772.0	 22.0	 29.0	3.000	 2.0	 2.0
1	2012	241	10623.0	 22.0	 27.0	3.000	 2.0	18.0
1	2012	242	17212.0	 22.0	 29.0	3.000	 2.0	 2.0
1	2012	243	17378.0	 22.0	 29.0	3.000	 2.0	 2.0
1	2012	244	19191.0	 22.0	 30.0	3.000	 2.0	 1.0
1	2012	245	9604.0	 22.0	 27.0	3.000	 2.0	 0.0
1	2012	246	10077.0	 22.0	 26.0	3.000	 2.0	 5.0
1	2012	247	11605.0	 22.0	 28.0	3.000	 3.0	 5.0
1	2012	248	14348.0	 22.0	 29.0	3.000	 2.0	 2.0
1	2012	249	13788.0	 22.0	 29.0	3.000	 2.0	 9.0
1	2012	250	14322.0	 22.0	 29.0	3.000	 2.0	 4.0
1	2012	251	18278.0	 22.0	 30.0	3.000	 2.0	 1.0
1	2012	252	9430.0	 22.0	 26.0	3.000	 2.0	 4.0
1	2012	253	19066.0	 22.0	 29.0	3.000	 2.0	 2.0
1	2012	254	18019.0	 22.0	 30.0	3.000	 2.0	 0.0
1	2012	255	8512.0	 23.0	 26.0	3.000	 2.0	 8.0
1	2012	256	10202.0	 22.0	 27.0	3.000	 2.0	 6.0
1	2012	257	16856.0	 22.0	 29.0	3.000	 2.0	 1.0
1	2012	258	13867.0	 22.0	 29.0	3.000	 2.0	 1.0
1	2012	259	13350.0	 22.0	 28.0	3.000	 2.0	 1.0
1	2012	260	15893.0	 22.0	 29.0	3.000	 3.0	 1.0
1	2012	261	15677.0	 23.0	 29.0	3.000	 2.0	 1.0
1	2012	262	17820.0	 21.0	 29.0	3.000	 2.0	 2.0
1	2012	263	16996.0	 22.0	 30.0	3.000	 2.0	 9.0
1	2012	264	13784.0	 23.0	 29.0	3.000	 2.0	 4.0
1	2012	265	11907.0	 22.0	 27.0	3.000	 1.0	 9.0
1	2012	266	15516.0	 22.0	 29.0	3.000	 1.0	12.0
1	2012	267	15046.0	 21.0	 29.0	3.000	 1.0	 5.0
1	2012	268	18730.0	 23.0	 30.0	3.000	 1.0	 2.0
1	2012	269	15325.0	 23.0	 30.0	3.000	 2.0	 2.0
1	2012	270	14369.0	 23.0	 28.0	3.000	 2.0	 3.0
1	2012	271	9190.0	 22.0	 26.0	3.000	 2.0	12.0
1	2012	272	8061.0	 22.0	 27.0	3.000	 1.0	 1.0
1	2012	273	16616.0	 23.0	 30.0	3.000	 1.0	 4.0
1	2012	274	11428.0	 22.0	 28.0	3.000	 2.0	14.0
1	2012	275	11922.0	 22.0	 27.0	3.000	 2.0	 8.0
1	2012	276	15094.0	 22.0	 30.0	3.000	 1.0	 2.0
1	2012	277	10137.0	 22.0	 27.0	3.000	 1.0	19.0
1	2012	278	14524.0	 22.0	 29.0	3.000	 1.0	 6.0
1	2012	279	12480.0	 22.0	 29.0	3.000	 1.0	 1.0
1	2012	280	16409.0	 22.0	 30.0	3.000	 1.0	 9.0
1	2012	281	5727.0	 22.0	 25.0	3.000	 1.0	12.0
1	2012	282	17288.0	 22.0	 30.0	3.000	 2.0	 2.0
1	2012	283	18668.0	 21.0	 30.0	3.000	 1.0	 3.0
1	2012	284	12524.0	 23.0	 29.0	3.000	 1.0	 6.0
1	2012	285	11328.0	 22.0	 28.0	3.000	 1.0	10.0
1	2012	286	14645.0	 22.0	 29.0	3.000	 2.0	 2.0
1	2012	287	16311.0	 22.0	 29.0	3.000	 1.0	 2.0
1	2012	288	16987.0	 22.0	 30.0	3.000	 1.0	12.0
1	2012	289	17697.0	 21.0	 30.0	3.000	 1.0	 3.0
1	2012	290	14814.0	 21.0	 29.0	3.000	 2.0	11.0
1	2012	291	13223.0	 23.0	 29.0	3.000	 1.0	 9.0
1	2012	292	11889.0	 23.0	 29.0	3.000	 1.0	 1.0
1	2012	293	13131.0	 22.0	 29.0	3.000	 1.0	10.0
1	2012	294	12986.0	 22.0	 29.0	3.000	 1.0	 4.0
1	2012	295	14429.0	 23.0	 29.0	3.000	 1.0	 9.0
1	2012	296	15789.0	 22.0	 29.0	3.000	 1.0	 4.0
1	2012	297	15708.0	 22.0	 29.0	3.000	 1.0	 4.0
1	2012	298	9032.0	 22.0	 27.0	3.000	 1.0	 8.0
1	2012	299	13363.0	 22.0	 28.0	3.000	 1.0	10.0
1	2012	300	17830.0	 21.0	 30.0	3.000	 1.0	 6.0
1	2012	301	14491.0	 22.0	 29.0	3.000	 1.0	17.0
1	2012	302	16660.0	 21.0	 29.0	3.000	 1.0	 3.0
1	2012	303	16728.0	 22.0	 30.0	3.000	 1.0	 0.0
1	2012	304	15122.0	 23.0	 29.0	3.000	 1.0	 1.0
1	2012	305	18108.0	 23.0	 30.0	3.000	 1.0	 3.0
1	2012	306	19524.0	 23.0	 31.0	3.000	 1.0	 0.0
1	2012	307	16890.0	 23.0	 30.0	3.000	 2.0	 1.0
1	2012	308	18999.0	 21.0	 31.0	3.000	 2.0	 4.0
1	2012	309	18549.0	 22.0	 30.0	3.000	 1.0	 3.0
1	2012	310	16191.0	 21.0	 30.0	3.000	 1.0	 0.0
1	2012	311	16844.0	 23.0	 30.0	3.000	 1.0	 2.0
1	2012	312	16924.0	 22.0	 29.0	3.000	 1.0	 2.0
1	2012	313	16393.0	 22.0	 29.0	3.000	 2.0	 2.0
1	2012	314	15832.0	 21.0	 29.0	3.000	 0.0	10.0
1	2012	315	18114.0	 21.0	 30.0	3.000	 1.0	14.0
1	2012	316	15640.0	 22.0	 30.0	3.000	 1.0	 2.0
1	2012	317	12804.0	 22.0	 29.0	3.000	 1.0	 1.0
1	2012	318	15729.0	 22.0	 30.0	3.000	 1.0	 7.0
1	2012	319	15469.0	 22.0	 30.0	3.000	 1.0	 3.0
1	2012	320	17189.0	 22.0	 30.0	3.000	 1.0	 1.0
1	2012	321	16682.0	 22.0	 31.0	3.000	 1.0	 1.0
1	2012	322	17063.0	 24.0	 30.0	3.000	 1.0	 1.0
1	2012	323	15940.0	 23.0	 30.0	3.000	 2.0	 1.0
1	2012	324	13348.0	 23.0	 30.0	3.000	 1.0	 2.0
1	2012	325	13389.0	 23.0	 29.0	3.000	 1.0	 4.0
1	2012	326	12788.0	 23.0	 29.0	3.000	 1.0	12.0
1	2012	327	13688.0	 23.0	 30.0	3.000	 1.0	 4.0
1	2012	328	13795.0	 22.0	 30.0	3.000	 1.0	 6.0
1	2012	329	14732.0	 22.0	 30.0	3.000	 1.0	10.0
1	2012	330	11547.0	 22.0	 28.0	3.000	 1.0	 3.0
1	2012	331	11985.0	 22.0	 28.0	3.000	 1.0	 4.0
1	2012	332	14815.0	 21.0	 30.0	3.000	 1.0	 1.0
1	2012	333	15449.0	 22.0	 30.0	3.000	 1.0	 5.0
1	2012	334	16195.0	 21.0	 30.0	3.000	 1.0	 0.0
1	2012	335	17664.0	 22.0	 31.0	3.000	 1.0	 1.0
1	2012	336	16342.0	 23.0	 30.0	3.000	 2.0	 1.0
1	2012	337	14287.0	 23.0	 30.0	3.000	 1.0	 2.0
1	2012	338	13542.0	 23.0	 29.0	3.000	 1.0	 5.0
1	2012	339	17515.0	 23.0	 31.0	3.000	 2.0	 0.0
1	2012	340	15409.0	 24.0	 29.0	3.000	 2.0	 3.0
1	2012	341	15677.0	 23.0	 30.0	3.000	 1.0	 0.0
1	2012	342	11543.0	 22.0	 29.0	3.000	 1.0	 4.0
1	2012	343	15117.0	 22.0	 30.0	3.000	 1.0	 0.0
1	2012	344	16474.0	 21.0	 31.0	3.000	 1.0	 1.0
1	2012	345	13541.0	 22.0	 29.0	3.000	 1.0	 4.0
1	2012	346	13294.0	 22.0	 29.0	3.000	 1.0	 8.0
1	2012	347	10728.0	 22.0	 28.0	3.000	 1.0	 3.0
1	2012	348	15846.0	 22.0	 30.0	3.000	 1.0	 0.0
1	2012	349	14585.0	 22.0	 30.0	3.000	 1.0	 2.0
1	2012	350	15038.0	 21.0	 30.0	3.000	 1.0	 1.0
1	2012	351	15459.0	 22.0	 30.0	3.000	 1.0	 2.0
1	2012	352	16128.0	 21.0	 30.0	3.000	 1.0	 1.0
1	2012	353	18075.0	 22.0	 30.0	3.000	 1.0	 1.0
1	2012	354	15572.0	 23.0	 30.0	3.000	 1.0	 1.0
1	2012	355	17902.0	 23.0	 31.0	3.000	 1.0	 0.0
1	2012	356	16113.0	 23.0	 30.0	3.000	 1.0	 0.0
1	2012	357	15374.0	 22.0	 30.0	3.000	 1.0	 2.0
1	2012	358	17164.0	 22.0	 31.0	3.000	 1.0	 0.0
1	2012	359	15749.0	 23.0	 30.0	3.000	 1.0	 2.0
1	2012	360	15885.0	 22.0	 31.0	3.000	 1.0	 0.0
1	2012	361	13952.0	 23.0	 30.0	3.000	 1.0	 1.0
1	2012	362	14909.0	 23.0	 30.0	3.000	 1.0	 1.0
1	2012	363	17409.0	 22.0	 32.0	3.000	 1.0	 0.0
1	2012	364	18010.0	 22.0	 32.0	3.000	 1.0	 0.0
1	2012	365	18494.0	 23.0	 32.0	3.000	 1.0	 0.0
1	2012	366	20638.0	 22.0	 33.0	2.000	 1.0	 0.0
