*---------------------------------------------------
* Station: Western
* Year: 2011
* Origin: ERA5-Reanalysis
* Columns & units
* ===================
* 1. station number
* 2. year
* 3. Day of Year
* 4. Irradiance   (kJ路m-2路d-1)
* 5. Daily minimum temperature (degC)
* 6. Daily maximum temperature (degC)
* 7. Vapour pressure (kPa)
* 8. Mean wind speed (m路s-1)
* 9. Precipitation (mm路d-1)
** WCCDESCRIPTION=Western
** WCCFORMAT=2
** WCCYEARNR=2011
*------------------------------------------------------------*
-2.41  5.74  107.00 -0.18  -0.55
1	2011	1	20478.0	 22.0	 32.0	2.000	 0.0	 0.0
1	2011	2	19400.0	 21.0	 31.0	2.000	 0.0	 0.0
1	2011	3	20450.0	 20.0	 32.0	2.000	 1.0	 0.0
1	2011	4	18788.0	 22.0	 32.0	3.000	 1.0	 0.0
1	2011	5	17897.0	 22.0	 32.0	3.000	 2.0	 0.0
1	2011	6	17049.0	 23.0	 32.0	3.000	 1.0	 0.0
1	2011	7	18393.0	 23.0	 32.0	3.000	 1.0	 0.0
1	2011	8	17547.0	 23.0	 32.0	3.000	 1.0	 0.0
1	2011	9	19490.0	 23.0	 32.0	2.000	 1.0	 0.0
1	2011	10	18259.0	 22.0	 31.0	2.000	 1.0	 0.0
1	2011	11	20749.0	 22.0	 33.0	2.000	 0.0	 0.0
1	2011	12	22213.0	 19.0	 33.0	2.000	 0.0	 0.0
1	2011	13	22775.0	 19.0	 33.0	2.000	 1.0	 0.0
1	2011	14	21977.0	 19.0	 33.0	2.000	 1.0	 0.0
1	2011	15	20284.0	 20.0	 33.0	2.000	 1.0	 0.0
1	2011	16	18854.0	 22.0	 32.0	2.000	 1.0	 0.0
1	2011	17	19308.0	 23.0	 33.0	2.000	 0.0	 1.0
1	2011	18	20907.0	 22.0	 33.0	2.000	 0.0	 0.0
1	2011	19	21585.0	 22.0	 33.0	2.000	 1.0	 0.0
1	2011	20	20190.0	 22.0	 33.0	2.000	 1.0	 0.0
1	2011	21	18749.0	 23.0	 32.0	3.000	 1.0	 0.0
1	2011	22	17767.0	 23.0	 32.0	3.000	 1.0	 2.0
1	2011	23	16531.0	 23.0	 32.0	3.000	 1.0	 2.0
1	2011	24	15761.0	 24.0	 32.0	3.000	 2.0	 4.0
1	2011	25	15360.0	 23.0	 31.0	3.000	 2.0	 1.0
1	2011	26	15398.0	 23.0	 31.0	3.000	 2.0	14.0
1	2011	27	15925.0	 22.0	 31.0	3.000	 2.0	 1.0
1	2011	28	15577.0	 23.0	 31.0	3.000	 2.0	 1.0
1	2011	29	18330.0	 23.0	 32.0	3.000	 2.0	 0.0
1	2011	30	15956.0	 24.0	 31.0	3.000	 2.0	 2.0
1	2011	31	14999.0	 23.0	 31.0	3.000	 2.0	 2.0
1	2011	32	15867.0	 23.0	 31.0	3.000	 2.0	 3.0
1	2011	33	16919.0	 23.0	 32.0	3.000	 2.0	 1.0
1	2011	34	15328.0	 24.0	 31.0	3.000	 2.0	 7.0
1	2011	35	11606.0	 22.0	 29.0	3.000	 0.0	11.0
1	2011	36	22400.0	 22.0	 33.0	2.000	 1.0	 0.0
1	2011	37	21929.0	 22.0	 33.0	2.000	 1.0	 0.0
1	2011	38	22493.0	 22.0	 34.0	2.000	 1.0	 0.0
1	2011	39	21015.0	 23.0	 34.0	3.000	 1.0	 0.0
1	2011	40	19364.0	 23.0	 33.0	3.000	 2.0	 1.0
1	2011	41	14095.0	 24.0	 31.0	3.000	 2.0	 4.0
1	2011	42	17454.0	 23.0	 33.0	3.000	 1.0	 0.0
1	2011	43	16923.0	 23.0	 32.0	3.000	 2.0	 3.0
1	2011	44	14045.0	 22.0	 30.0	3.000	 2.0	10.0
1	2011	45	20052.0	 22.0	 32.0	3.000	 1.0	 0.0
1	2011	46	17595.0	 23.0	 32.0	3.000	 1.0	 3.0
1	2011	47	18954.0	 23.0	 32.0	3.000	 1.0	 1.0
1	2011	48	17602.0	 24.0	 32.0	3.000	 2.0	 3.0
1	2011	49	14137.0	 24.0	 31.0	3.000	 2.0	11.0
1	2011	50	11441.0	 24.0	 28.0	3.000	 1.0	 8.0
1	2011	51	17800.0	 24.0	 33.0	3.000	 2.0	 0.0
1	2011	52	16759.0	 24.0	 32.0	3.000	 2.0	13.0
1	2011	53	13388.0	 23.0	 30.0	3.000	 2.0	 6.0
1	2011	54	11064.0	 22.0	 29.0	3.000	 2.0	10.0
1	2011	55	19772.0	 21.0	 32.0	3.000	 1.0	 1.0
1	2011	56	18462.0	 22.0	 32.0	3.000	 2.0	 1.0
1	2011	57	14959.0	 23.0	 30.0	3.000	 1.0	10.0
1	2011	58	14295.0	 23.0	 30.0	3.000	 1.0	 9.0
1	2011	59	16967.0	 22.0	 32.0	3.000	 0.0	 8.0
1	2011	60	14208.0	 24.0	 31.0	3.000	 1.0	 0.0
1	2011	61	15866.0	 24.0	 31.0	3.000	 2.0	 7.0
1	2011	62	18106.0	 22.0	 31.0	3.000	 1.0	 2.0
1	2011	63	18217.0	 22.0	 32.0	3.000	 1.0	 1.0
1	2011	64	20513.0	 23.0	 33.0	3.000	 2.0	 2.0
1	2011	65	20384.0	 22.0	 32.0	3.000	 2.0	 2.0
1	2011	66	18519.0	 23.0	 32.0	3.000	 2.0	 2.0
1	2011	67	18583.0	 24.0	 32.0	3.000	 2.0	 2.0
1	2011	68	18372.0	 24.0	 31.0	3.000	 2.0	 1.0
1	2011	69	19387.0	 23.0	 32.0	3.000	 2.0	 2.0
1	2011	70	20054.0	 23.0	 33.0	3.000	 2.0	 0.0
1	2011	71	19187.0	 24.0	 32.0	3.000	 2.0	 1.0
1	2011	72	19686.0	 24.0	 32.0	3.000	 2.0	 1.0
1	2011	73	18173.0	 24.0	 32.0	3.000	 2.0	 7.0
1	2011	74	19578.0	 23.0	 32.0	3.000	 2.0	 2.0
1	2011	75	19394.0	 24.0	 32.0	3.000	 2.0	 3.0
1	2011	76	17936.0	 24.0	 32.0	3.000	 2.0	 4.0
1	2011	77	17518.0	 24.0	 31.0	3.000	 2.0	 5.0
1	2011	78	21275.0	 23.0	 33.0	3.000	 2.0	 2.0
1	2011	79	19930.0	 22.0	 32.0	3.000	 2.0	 1.0
1	2011	80	20477.0	 23.0	 33.0	3.000	 2.0	 5.0
1	2011	81	18679.0	 23.0	 33.0	3.000	 1.0	 1.0
1	2011	82	17826.0	 22.0	 31.0	3.000	 1.0	 1.0
1	2011	83	17330.0	 22.0	 31.0	3.000	 1.0	 3.0
1	2011	84	13287.0	 23.0	 30.0	3.000	 2.0	 4.0
1	2011	85	17340.0	 22.0	 32.0	3.000	 1.0	 4.0
1	2011	86	18630.0	 22.0	 32.0	3.000	 1.0	 2.0
1	2011	87	18651.0	 23.0	 31.0	3.000	 2.0	 1.0
1	2011	88	18021.0	 23.0	 32.0	3.000	 2.0	 1.0
1	2011	89	18879.0	 24.0	 32.0	3.000	 2.0	 6.0
1	2011	90	18254.0	 24.0	 32.0	3.000	 2.0	 5.0
1	2011	91	18503.0	 24.0	 32.0	3.000	 2.0	 8.0
1	2011	92	17450.0	 23.0	 31.0	3.000	 2.0	10.0
1	2011	93	18213.0	 22.0	 31.0	3.000	 2.0	 3.0
1	2011	94	16493.0	 23.0	 31.0	3.000	 1.0	 6.0
1	2011	95	18620.0	 23.0	 31.0	3.000	 1.0	 0.0
1	2011	96	22289.0	 22.0	 33.0	3.000	 1.0	 4.0
1	2011	97	21670.0	 23.0	 33.0	3.000	 2.0	 0.0
1	2011	98	19817.0	 24.0	 32.0	3.000	 2.0	 2.0
1	2011	99	21477.0	 23.0	 32.0	3.000	 2.0	 6.0
1	2011	100	20059.0	 23.0	 31.0	3.000	 1.0	 2.0
1	2011	101	18530.0	 22.0	 31.0	3.000	 1.0	 1.0
1	2011	102	16953.0	 24.0	 31.0	3.000	 2.0	 5.0
1	2011	103	19131.0	 23.0	 32.0	3.000	 2.0	 1.0
1	2011	104	18597.0	 22.0	 31.0	3.000	 1.0	 5.0
1	2011	105	17513.0	 24.0	 31.0	3.000	 2.0	 9.0
1	2011	106	16741.0	 23.0	 31.0	3.000	 2.0	 8.0
1	2011	107	18226.0	 22.0	 31.0	3.000	 1.0	12.0
1	2011	108	11844.0	 23.0	 29.0	3.000	 1.0	 6.0
1	2011	109	21157.0	 23.0	 32.0	3.000	 2.0	 1.0
1	2011	110	20237.0	 24.0	 31.0	3.000	 2.0	 2.0
1	2011	111	17167.0	 23.0	 30.0	3.000	 2.0	 7.0
1	2011	112	15225.0	 24.0	 31.0	3.000	 2.0	 0.0
1	2011	113	15475.0	 24.0	 31.0	3.000	 3.0	 1.0
1	2011	114	10006.0	 22.0	 27.0	3.000	 1.0	 6.0
1	2011	115	22907.0	 22.0	 32.0	3.000	 0.0	 0.0
1	2011	116	15088.0	 23.0	 31.0	3.000	 2.0	15.0
1	2011	117	17690.0	 22.0	 31.0	3.000	 2.0	 0.0
1	2011	118	17153.0	 22.0	 31.0	3.000	 1.0	 9.0
1	2011	119	7904.0	 23.0	 28.0	3.000	 2.0	 0.0
1	2011	120	9436.0	 22.0	 27.0	3.000	 1.0	 3.0
1	2011	121	16758.0	 24.0	 30.0	3.000	 1.0	 4.0
1	2011	122	18139.0	 22.0	 31.0	3.000	 1.0	 4.0
1	2011	123	17063.0	 23.0	 30.0	3.000	 1.0	 6.0
1	2011	124	18295.0	 23.0	 32.0	3.000	 1.0	 0.0
1	2011	125	19543.0	 24.0	 32.0	3.000	 2.0	 1.0
1	2011	126	18906.0	 23.0	 31.0	3.000	 2.0	 5.0
1	2011	127	18321.0	 24.0	 31.0	3.000	 1.0	 2.0
1	2011	128	16113.0	 24.0	 31.0	3.000	 1.0	 3.0
1	2011	129	11758.0	 23.0	 29.0	3.000	 1.0	 8.0
1	2011	130	13795.0	 23.0	 30.0	3.000	 1.0	10.0
1	2011	131	12171.0	 23.0	 28.0	3.000	 1.0	 1.0
1	2011	132	16266.0	 23.0	 31.0	3.000	 1.0	 7.0
1	2011	133	17863.0	 22.0	 31.0	3.000	 1.0	 3.0
1	2011	134	19362.0	 22.0	 32.0	3.000	 1.0	 3.0
1	2011	135	17094.0	 24.0	 31.0	3.000	 1.0	 1.0
1	2011	136	17699.0	 23.0	 30.0	3.000	 2.0	 1.0
1	2011	137	17512.0	 23.0	 31.0	3.000	 1.0	 4.0
1	2011	138	17859.0	 23.0	 31.0	3.000	 1.0	 5.0
1	2011	139	12038.0	 23.0	 28.0	3.000	 1.0	 6.0
1	2011	140	17257.0	 23.0	 30.0	3.000	 1.0	 6.0
1	2011	141	14541.0	 22.0	 29.0	3.000	 2.0	 9.0
1	2011	142	11163.0	 22.0	 28.0	3.000	 1.0	23.0
1	2011	143	15159.0	 22.0	 29.0	3.000	 1.0	 3.0
1	2011	144	17577.0	 22.0	 30.0	3.000	 1.0	 5.0
1	2011	145	18129.0	 22.0	 30.0	3.000	 2.0	 2.0
1	2011	146	14101.0	 22.0	 29.0	3.000	 2.0	 1.0
1	2011	147	16716.0	 23.0	 30.0	3.000	 2.0	 3.0
1	2011	148	15528.0	 22.0	 29.0	3.000	 1.0	 8.0
1	2011	149	18554.0	 22.0	 30.0	3.000	 1.0	 2.0
1	2011	150	15287.0	 22.0	 29.0	3.000	 1.0	 7.0
1	2011	151	11216.0	 22.0	 28.0	3.000	 1.0	 3.0
1	2011	152	17204.0	 21.0	 30.0	3.000	 1.0	 2.0
1	2011	153	14111.0	 22.0	 29.0	3.000	 1.0	 2.0
1	2011	154	13245.0	 23.0	 27.0	3.000	 2.0	 8.0
1	2011	155	16427.0	 23.0	 31.0	3.000	 2.0	14.0
1	2011	156	2325.0	 23.0	 24.0	3.000	 1.0	71.0
1	2011	157	12910.0	 23.0	 29.0	3.000	 1.0	 7.0
1	2011	158	15486.0	 23.0	 30.0	3.000	 2.0	 3.0
1	2011	159	11687.0	 22.0	 28.0	3.000	 1.0	10.0
1	2011	160	11115.0	 22.0	 28.0	3.000	 1.0	 5.0
1	2011	161	15439.0	 22.0	 30.0	3.000	 1.0	 2.0
1	2011	162	13238.0	 22.0	 29.0	3.000	 2.0	10.0
1	2011	163	11736.0	 22.0	 28.0	3.000	 1.0	 4.0
1	2011	164	17080.0	 21.0	 30.0	3.000	 1.0	 3.0
1	2011	165	18388.0	 21.0	 30.0	3.000	 1.0	 1.0
1	2011	166	17677.0	 22.0	 30.0	3.000	 2.0	 1.0
1	2011	167	13725.0	 22.0	 29.0	3.000	 2.0	 3.0
1	2011	168	14302.0	 22.0	 28.0	3.000	 1.0	 5.0
1	2011	169	8465.0	 22.0	 28.0	3.000	 1.0	 2.0
1	2011	170	11842.0	 22.0	 28.0	3.000	 2.0	 6.0
1	2011	171	16446.0	 22.0	 30.0	3.000	 1.0	 2.0
1	2011	172	12623.0	 23.0	 28.0	3.000	 2.0	10.0
1	2011	173	14306.0	 22.0	 29.0	3.000	 2.0	 9.0
1	2011	174	13901.0	 23.0	 29.0	3.000	 2.0	 3.0
1	2011	175	10060.0	 22.0	 27.0	3.000	 2.0	15.0
1	2011	176	13730.0	 22.0	 28.0	3.000	 1.0	 7.0
1	2011	177	17556.0	 22.0	 30.0	3.000	 2.0	 3.0
1	2011	178	14455.0	 22.0	 29.0	3.000	 2.0	 1.0
1	2011	179	14686.0	 22.0	 28.0	3.000	 2.0	 1.0
1	2011	180	15309.0	 22.0	 29.0	3.000	 2.0	 3.0
1	2011	181	13301.0	 22.0	 29.0	3.000	 1.0	19.0
1	2011	182	9348.0	 22.0	 26.0	3.000	 1.0	 7.0
1	2011	183	14623.0	 22.0	 30.0	3.000	 1.0	 3.0
1	2011	184	14301.0	 23.0	 28.0	3.000	 2.0	 3.0
1	2011	185	6452.0	 22.0	 25.0	3.000	 1.0	13.0
1	2011	186	16283.0	 22.0	 29.0	3.000	 1.0	 1.0
1	2011	187	10595.0	 21.0	 27.0	3.000	 2.0	 8.0
1	2011	188	12187.0	 22.0	 27.0	3.000	 2.0	 4.0
1	2011	189	12115.0	 23.0	 27.0	3.000	 2.0	 1.0
1	2011	190	10273.0	 23.0	 26.0	3.000	 2.0	 6.0
1	2011	191	12522.0	 22.0	 27.0	3.000	 3.0	 6.0
1	2011	192	3341.0	 22.0	 24.0	3.000	 2.0	29.0
1	2011	193	15511.0	 22.0	 28.0	3.000	 2.0	 2.0
1	2011	194	15138.0	 22.0	 29.0	3.000	 2.0	 6.0
1	2011	195	13439.0	 22.0	 27.0	3.000	 2.0	12.0
1	2011	196	16328.0	 21.0	 29.0	3.000	 1.0	 3.0
1	2011	197	12893.0	 22.0	 28.0	3.000	 1.0	11.0
1	2011	198	13813.0	 21.0	 27.0	3.000	 2.0	 2.0
1	2011	199	10952.0	 22.0	 28.0	3.000	 1.0	 3.0
1	2011	200	16799.0	 22.0	 30.0	3.000	 2.0	 1.0
1	2011	201	15753.0	 23.0	 29.0	3.000	 3.0	 2.0
1	2011	202	14204.0	 22.0	 28.0	3.000	 2.0	12.0
1	2011	203	11639.0	 22.0	 28.0	3.000	 3.0	 1.0
1	2011	204	9830.0	 23.0	 27.0	3.000	 2.0	 1.0
1	2011	205	16063.0	 22.0	 28.0	3.000	 3.0	 1.0
1	2011	206	12531.0	 22.0	 27.0	2.000	 3.0	 0.0
1	2011	207	9526.0	 20.0	 26.0	2.000	 2.0	 0.0
1	2011	208	12589.0	 21.0	 27.0	3.000	 2.0	 0.0
1	2011	209	11887.0	 22.0	 27.0	3.000	 2.0	 1.0
1	2011	210	7916.0	 22.0	 26.0	3.000	 2.0	 3.0
1	2011	211	16651.0	 21.0	 28.0	3.000	 2.0	 1.0
1	2011	212	16598.0	 22.0	 29.0	3.000	 2.0	 3.0
1	2011	213	12538.0	 22.0	 29.0	3.000	 1.0	 0.0
1	2011	214	13651.0	 22.0	 28.0	3.000	 2.0	 2.0
1	2011	215	13866.0	 23.0	 28.0	3.000	 2.0	 3.0
1	2011	216	4908.0	 22.0	 24.0	3.000	 3.0	 5.0
1	2011	217	15527.0	 22.0	 28.0	3.000	 3.0	 1.0
1	2011	218	6375.0	 22.0	 26.0	3.000	 3.0	 0.0
1	2011	219	10618.0	 22.0	 27.0	3.000	 3.0	 3.0
1	2011	220	12322.0	 22.0	 28.0	3.000	 2.0	 1.0
1	2011	221	9856.0	 22.0	 27.0	3.000	 2.0	 1.0
1	2011	222	10281.0	 22.0	 28.0	3.000	 2.0	 1.0
1	2011	223	18095.0	 22.0	 30.0	3.000	 2.0	 1.0
1	2011	224	11728.0	 23.0	 28.0	3.000	 2.0	10.0
1	2011	225	9655.0	 22.0	 26.0	3.000	 3.0	 4.0
1	2011	226	16048.0	 22.0	 28.0	3.000	 3.0	 1.0
1	2011	227	12857.0	 22.0	 28.0	3.000	 2.0	 2.0
1	2011	228	12331.0	 22.0	 27.0	3.000	 3.0	 3.0
1	2011	229	12531.0	 22.0	 28.0	3.000	 3.0	 1.0
1	2011	230	16014.0	 22.0	 29.0	3.000	 3.0	 1.0
1	2011	231	16221.0	 22.0	 28.0	2.000	 2.0	 1.0
1	2011	232	14261.0	 21.0	 29.0	2.000	 2.0	 0.0
1	2011	233	14208.0	 21.0	 29.0	3.000	 2.0	 0.0
1	2011	234	16217.0	 22.0	 29.0	3.000	 3.0	 1.0
1	2011	235	11921.0	 22.0	 28.0	3.000	 2.0	 5.0
1	2011	236	14102.0	 22.0	 29.0	3.000	 2.0	 3.0
1	2011	237	14177.0	 22.0	 29.0	3.000	 2.0	 4.0
1	2011	238	11067.0	 22.0	 27.0	3.000	 2.0	 3.0
1	2011	239	12933.0	 22.0	 28.0	3.000	 2.0	13.0
1	2011	240	11815.0	 22.0	 28.0	3.000	 2.0	 8.0
1	2011	241	12055.0	 22.0	 28.0	3.000	 2.0	 1.0
1	2011	242	15989.0	 22.0	 30.0	3.000	 2.0	 7.0
1	2011	243	15963.0	 22.0	 30.0	3.000	 2.0	 6.0
1	2011	244	16274.0	 22.0	 29.0	3.000	 2.0	 1.0
1	2011	245	12406.0	 22.0	 29.0	3.000	 1.0	 2.0
1	2011	246	10386.0	 22.0	 26.0	3.000	 2.0	19.0
1	2011	247	16874.0	 22.0	 29.0	3.000	 3.0	 1.0
1	2011	248	13242.0	 22.0	 30.0	3.000	 2.0	 0.0
1	2011	249	13902.0	 23.0	 29.0	3.000	 2.0	 2.0
1	2011	250	16379.0	 22.0	 29.0	3.000	 2.0	 1.0
1	2011	251	12322.0	 23.0	 27.0	3.000	 2.0	 8.0
1	2011	252	11300.0	 23.0	 28.0	3.000	 2.0	19.0
1	2011	253	15937.0	 22.0	 29.0	3.000	 2.0	 3.0
1	2011	254	16759.0	 22.0	 30.0	3.000	 2.0	 1.0
1	2011	255	13212.0	 22.0	 28.0	3.000	 2.0	 2.0
1	2011	256	13900.0	 23.0	 28.0	3.000	 2.0	 3.0
1	2011	257	12312.0	 22.0	 28.0	3.000	 2.0	 6.0
1	2011	258	14722.0	 22.0	 28.0	3.000	 2.0	 2.0
1	2011	259	19170.0	 22.0	 30.0	3.000	 2.0	 1.0
1	2011	260	13231.0	 23.0	 28.0	3.000	 2.0	 9.0
1	2011	261	15914.0	 22.0	 28.0	3.000	 2.0	 1.0
1	2011	262	17361.0	 23.0	 30.0	3.000	 1.0	 2.0
1	2011	263	15038.0	 22.0	 29.0	3.000	 1.0	 3.0
1	2011	264	10260.0	 22.0	 26.0	3.000	 2.0	14.0
1	2011	265	18369.0	 22.0	 30.0	3.000	 1.0	 2.0
1	2011	266	14727.0	 22.0	 30.0	3.000	 1.0	 1.0
1	2011	267	13259.0	 22.0	 29.0	3.000	 1.0	 3.0
1	2011	268	18086.0	 23.0	 30.0	3.000	 2.0	 5.0
1	2011	269	13746.0	 23.0	 29.0	3.000	 1.0	 7.0
1	2011	270	15089.0	 23.0	 29.0	3.000	 2.0	17.0
1	2011	271	12981.0	 22.0	 27.0	3.000	 2.0	16.0
1	2011	272	18361.0	 22.0	 30.0	3.000	 2.0	 7.0
1	2011	273	16957.0	 22.0	 29.0	3.000	 2.0	20.0
1	2011	274	6643.0	 22.0	 25.0	3.000	 2.0	30.0
1	2011	275	10299.0	 22.0	 27.0	3.000	 1.0	 7.0
1	2011	276	17552.0	 22.0	 30.0	3.000	 1.0	 1.0
1	2011	277	16380.0	 23.0	 30.0	3.000	 1.0	 1.0
1	2011	278	15678.0	 23.0	 29.0	3.000	 2.0	 2.0
1	2011	279	15663.0	 23.0	 29.0	3.000	 2.0	 7.0
1	2011	280	13842.0	 23.0	 28.0	3.000	 2.0	 4.0
1	2011	281	14246.0	 23.0	 30.0	3.000	 1.0	 2.0
1	2011	282	13303.0	 23.0	 28.0	3.000	 1.0	14.0
1	2011	283	10414.0	 22.0	 27.0	3.000	 1.0	10.0
1	2011	284	14735.0	 22.0	 29.0	3.000	 1.0	 9.0
1	2011	285	15863.0	 22.0	 29.0	3.000	 1.0	 2.0
1	2011	286	13674.0	 22.0	 29.0	3.000	 1.0	10.0
1	2011	287	15063.0	 22.0	 29.0	3.000	 1.0	10.0
1	2011	288	16933.0	 21.0	 30.0	3.000	 1.0	 8.0
1	2011	289	13623.0	 23.0	 28.0	3.000	 1.0	 4.0
1	2011	290	16361.0	 22.0	 31.0	3.000	 1.0	 0.0
1	2011	291	14478.0	 23.0	 30.0	3.000	 1.0	 7.0
1	2011	292	16096.0	 22.0	 30.0	3.000	 1.0	 5.0
1	2011	293	17812.0	 22.0	 30.0	3.000	 1.0	 2.0
1	2011	294	14611.0	 23.0	 30.0	3.000	 1.0	 5.0
1	2011	295	11572.0	 23.0	 28.0	3.000	 2.0	 8.0
1	2011	296	12389.0	 22.0	 28.0	3.000	 2.0	 6.0
1	2011	297	18266.0	 21.0	 31.0	3.000	 1.0	 6.0
1	2011	298	8052.0	 22.0	 27.0	3.000	 1.0	12.0
1	2011	299	11541.0	 22.0	 27.0	3.000	 0.0	 7.0
1	2011	300	16217.0	 22.0	 29.0	3.000	 1.0	 1.0
1	2011	301	17394.0	 22.0	 29.0	3.000	 1.0	 2.0
1	2011	302	19808.0	 21.0	 30.0	3.000	 1.0	 1.0
1	2011	303	19812.0	 21.0	 30.0	3.000	 1.0	 1.0
1	2011	304	17940.0	 21.0	 30.0	3.000	 1.0	 1.0
1	2011	305	17295.0	 22.0	 30.0	3.000	 1.0	 2.0
1	2011	306	16026.0	 21.0	 30.0	3.000	 1.0	 3.0
1	2011	307	14155.0	 22.0	 29.0	3.000	 2.0	 3.0
1	2011	308	17141.0	 23.0	 30.0	3.000	 2.0	 2.0
1	2011	309	18455.0	 23.0	 30.0	3.000	 2.0	 3.0
1	2011	310	17471.0	 21.0	 30.0	3.000	 1.0	 4.0
1	2011	311	17391.0	 22.0	 30.0	3.000	 1.0	 6.0
1	2011	312	16509.0	 22.0	 30.0	3.000	 1.0	 1.0
1	2011	313	16985.0	 22.0	 30.0	3.000	 1.0	 1.0
1	2011	314	16980.0	 22.0	 31.0	3.000	 1.0	 1.0
1	2011	315	12420.0	 23.0	 29.0	3.000	 2.0	 8.0
1	2011	316	15696.0	 22.0	 29.0	3.000	 2.0	 2.0
1	2011	317	15627.0	 22.0	 30.0	3.000	 1.0	 2.0
1	2011	318	13990.0	 22.0	 29.0	3.000	 1.0	 3.0
1	2011	319	14994.0	 22.0	 29.0	3.000	 1.0	 1.0
1	2011	320	16386.0	 22.0	 30.0	3.000	 1.0	 1.0
1	2011	321	13543.0	 22.0	 29.0	3.000	 1.0	 3.0
1	2011	322	14522.0	 22.0	 30.0	3.000	 1.0	 5.0
1	2011	323	13760.0	 22.0	 30.0	3.000	 1.0	 1.0
1	2011	324	16490.0	 22.0	 30.0	3.000	 1.0	 3.0
1	2011	325	15113.0	 22.0	 30.0	3.000	 1.0	 1.0
1	2011	326	14835.0	 23.0	 30.0	3.000	 2.0	 2.0
1	2011	327	16784.0	 23.0	 29.0	3.000	 2.0	 2.0
1	2011	328	15622.0	 22.0	 30.0	3.000	 1.0	 1.0
1	2011	329	15233.0	 22.0	 30.0	3.000	 1.0	 2.0
1	2011	330	15249.0	 21.0	 29.0	3.000	 1.0	 2.0
1	2011	331	17344.0	 22.0	 30.0	3.000	 1.0	 1.0
1	2011	332	14624.0	 22.0	 30.0	3.000	 1.0	 1.0
1	2011	333	17579.0	 21.0	 31.0	3.000	 1.0	 2.0
1	2011	334	17188.0	 21.0	 30.0	3.000	 1.0	 2.0
1	2011	335	19277.0	 22.0	 32.0	3.000	 1.0	 0.0
1	2011	336	20545.0	 22.0	 32.0	3.000	 1.0	 0.0
1	2011	337	19026.0	 23.0	 32.0	3.000	 1.0	 0.0
1	2011	338	19576.0	 23.0	 32.0	3.000	 1.0	 0.0
1	2011	339	15953.0	 23.0	 30.0	3.000	 2.0	 3.0
1	2011	340	17369.0	 21.0	 31.0	3.000	 1.0	 1.0
1	2011	341	16752.0	 22.0	 31.0	3.000	 1.0	 1.0
1	2011	342	17324.0	 22.0	 31.0	3.000	 1.0	 1.0
1	2011	343	17360.0	 22.0	 31.0	3.000	 1.0	 0.0
1	2011	344	15591.0	 23.0	 30.0	3.000	 1.0	 2.0
1	2011	345	16234.0	 22.0	 30.0	3.000	 1.0	 1.0
1	2011	346	17773.0	 22.0	 31.0	3.000	 0.0	 0.0
1	2011	347	20821.0	 23.0	 32.0	2.000	 0.0	 0.0
1	2011	348	18412.0	 22.0	 31.0	3.000	 1.0	 0.0
1	2011	349	17449.0	 22.0	 30.0	3.000	 1.0	 1.0
1	2011	350	20944.0	 21.0	 32.0	2.000	 0.0	 0.0
1	2011	351	18685.0	 22.0	 32.0	3.000	 1.0	 0.0
1	2011	352	17628.0	 22.0	 32.0	3.000	 2.0	 0.0
1	2011	353	16057.0	 23.0	 31.0	3.000	 2.0	 7.0
1	2011	354	15076.0	 23.0	 31.0	3.000	 2.0	 2.0
1	2011	355	17372.0	 23.0	 31.0	3.000	 1.0	 1.0
1	2011	356	17266.0	 23.0	 31.0	3.000	 1.0	 1.0
1	2011	357	15233.0	 23.0	 30.0	3.000	 1.0	 1.0
1	2011	358	16582.0	 22.0	 30.0	3.000	 1.0	 1.0
1	2011	359	16140.0	 23.0	 31.0	3.000	 1.0	 0.0
1	2011	360	15340.0	 24.0	 30.0	3.000	 1.0	 1.0
1	2011	361	16182.0	 23.0	 31.0	3.000	 1.0	 2.0
1	2011	362	16012.0	 24.0	 30.0	3.000	 2.0	 2.0
1	2011	363	14194.0	 24.0	 31.0	3.000	 2.0	 1.0
1	2011	364	18674.0	 23.0	 31.0	3.000	 1.0	 0.0
1	2011	365	20249.0	 23.0	 32.0	2.000	 1.0	 0.0
