*---------------------------------------------------
* Station: Western
* Year: 2018
* Origin: ERA5-Reanalysis
* Columns & units
* ===================
* 1. station number
* 2. year
* 3. Day of Year
* 4. Irradiance   (kJ路m-2路d-1)
* 5. Daily minimum temperature (degC)
* 6. Daily maximum temperature (degC)
* 7. Vapour pressure (kPa)
* 8. Mean wind speed (m路s-1)
* 9. Precipitation (mm路d-1)
** WCCDESCRIPTION=Western
** WCCFORMAT=2
** WCCYEARNR=2018
*------------------------------------------------------------*
-2.41  5.74  107.00 -0.18  -0.55
1	2018	1	18402.0	 24.0	 32.0	3.000	 1.0	 0.0
1	2018	2	18686.0	 24.0	 32.0	3.000	 1.0	 1.0
1	2018	3	18016.0	 24.0	 31.0	3.000	 0.0	 1.0
1	2018	4	20758.0	 22.0	 33.0	2.000	 1.0	 0.0
1	2018	5	19490.0	 22.0	 32.0	2.000	 1.0	 0.0
1	2018	6	16053.0	 23.0	 30.0	3.000	 1.0	 2.0
1	2018	7	14726.0	 23.0	 30.0	3.000	 2.0	 1.0
1	2018	8	15937.0	 23.0	 32.0	3.000	 1.0	 4.0
1	2018	9	18334.0	 23.0	 32.0	3.000	 1.0	 0.0
1	2018	10	19241.0	 24.0	 32.0	3.000	 1.0	 0.0
1	2018	11	18356.0	 24.0	 32.0	3.000	 1.0	 0.0
1	2018	12	19883.0	 23.0	 33.0	3.000	 2.0	 0.0
1	2018	13	20822.0	 23.0	 33.0	3.000	 1.0	 0.0
1	2018	14	19972.0	 22.0	 32.0	3.000	 1.0	 0.0
1	2018	15	15768.0	 23.0	 31.0	3.000	 2.0	 0.0
1	2018	16	16017.0	 23.0	 31.0	3.000	 2.0	 2.0
1	2018	17	15673.0	 23.0	 31.0	3.000	 1.0	 1.0
1	2018	18	18082.0	 24.0	 33.0	3.000	 1.0	 0.0
1	2018	19	18783.0	 24.0	 33.0	3.000	 2.0	 0.0
1	2018	20	18761.0	 24.0	 33.0	3.000	 2.0	 0.0
1	2018	21	18231.0	 24.0	 33.0	3.000	 1.0	 0.0
1	2018	22	20761.0	 24.0	 34.0	3.000	 1.0	 0.0
1	2018	23	18173.0	 24.0	 32.0	3.000	 1.0	 1.0
1	2018	24	17650.0	 24.0	 32.0	3.000	 1.0	 1.0
1	2018	25	18136.0	 23.0	 33.0	3.000	 1.0	 0.0
1	2018	26	18090.0	 23.0	 32.0	3.000	 1.0	 0.0
1	2018	27	17989.0	 24.0	 32.0	3.000	 1.0	 1.0
1	2018	28	16519.0	 24.0	 32.0	3.000	 1.0	 1.0
1	2018	29	16848.0	 24.0	 32.0	3.000	 2.0	 3.0
1	2018	30	19833.0	 24.0	 34.0	3.000	 1.0	 0.0
1	2018	31	17499.0	 24.0	 32.0	3.000	 1.0	 1.0
1	2018	32	18457.0	 24.0	 32.0	3.000	 2.0	 2.0
1	2018	33	19794.0	 25.0	 33.0	3.000	 2.0	 0.0
1	2018	34	18291.0	 25.0	 34.0	3.000	 1.0	 1.0
1	2018	35	17005.0	 24.0	 32.0	3.000	 2.0	 1.0
1	2018	36	17878.0	 25.0	 33.0	3.000	 2.0	 1.0
1	2018	37	16789.0	 25.0	 32.0	3.000	 3.0	 2.0
1	2018	38	17481.0	 25.0	 33.0	3.000	 2.0	 1.0
1	2018	39	15427.0	 25.0	 33.0	3.000	 3.0	 0.0
1	2018	40	18290.0	 25.0	 33.0	3.000	 3.0	 2.0
1	2018	41	19392.0	 25.0	 34.0	3.000	 2.0	 1.0
1	2018	42	14699.0	 25.0	 32.0	3.000	 2.0	 2.0
1	2018	43	18840.0	 24.0	 34.0	3.000	 1.0	 1.0
1	2018	44	16432.0	 25.0	 32.0	3.000	 1.0	 6.0
1	2018	45	20502.0	 24.0	 35.0	3.000	 2.0	 0.0
1	2018	46	18720.0	 25.0	 34.0	3.000	 2.0	 1.0
1	2018	47	18376.0	 24.0	 34.0	3.000	 2.0	 0.0
1	2018	48	17983.0	 25.0	 33.0	3.000	 3.0	 2.0
1	2018	49	14911.0	 24.0	 31.0	3.000	 3.0	 2.0
1	2018	50	19068.0	 22.0	 33.0	3.000	 2.0	 0.0
1	2018	51	16775.0	 23.0	 32.0	3.000	 1.0	10.0
1	2018	52	16340.0	 23.0	 32.0	3.000	 3.0	 1.0
1	2018	53	18783.0	 24.0	 32.0	3.000	 3.0	 1.0
1	2018	54	19317.0	 24.0	 32.0	3.000	 3.0	 1.0
1	2018	55	16176.0	 23.0	 31.0	3.000	 2.0	 5.0
1	2018	56	12525.0	 23.0	 30.0	3.000	 2.0	13.0
1	2018	57	17305.0	 23.0	 32.0	3.000	 1.0	15.0
1	2018	58	14977.0	 23.0	 31.0	3.000	 2.0	 2.0
1	2018	59	17106.0	 23.0	 31.0	3.000	 2.0	 1.0
1	2018	60	16375.0	 24.0	 31.0	3.000	 2.0	 0.0
1	2018	61	17653.0	 24.0	 31.0	3.000	 2.0	 2.0
1	2018	62	19880.0	 23.0	 34.0	3.000	 2.0	 0.0
1	2018	63	18604.0	 24.0	 31.0	3.000	 2.0	 4.0
1	2018	64	17452.0	 23.0	 32.0	3.000	 2.0	 5.0
1	2018	65	21236.0	 22.0	 33.0	3.000	 2.0	 0.0
1	2018	66	18215.0	 24.0	 33.0	3.000	 2.0	 0.0
1	2018	67	21780.0	 23.0	 33.0	3.000	 2.0	 1.0
1	2018	68	17590.0	 24.0	 32.0	3.000	 2.0	 4.0
1	2018	69	16985.0	 24.0	 31.0	3.000	 2.0	 6.0
1	2018	70	15436.0	 24.0	 31.0	3.000	 2.0	 8.0
1	2018	71	16780.0	 24.0	 31.0	3.000	 2.0	14.0
1	2018	72	18425.0	 24.0	 32.0	3.000	 2.0	 5.0
1	2018	73	20606.0	 23.0	 33.0	3.000	 2.0	 0.0
1	2018	74	18252.0	 24.0	 31.0	3.000	 2.0	 3.0
1	2018	75	18027.0	 24.0	 32.0	3.000	 3.0	 2.0
1	2018	76	17857.0	 24.0	 31.0	3.000	 2.0	 1.0
1	2018	77	18532.0	 23.0	 32.0	3.000	 2.0	 1.0
1	2018	78	19297.0	 24.0	 32.0	3.000	 2.0	 2.0
1	2018	79	18114.0	 25.0	 32.0	3.000	 2.0	 4.0
1	2018	80	17975.0	 25.0	 31.0	3.000	 2.0	 6.0
1	2018	81	18538.0	 24.0	 32.0	3.000	 2.0	 5.0
1	2018	82	17140.0	 24.0	 31.0	3.000	 2.0	14.0
1	2018	83	14251.0	 22.0	 30.0	3.000	 1.0	14.0
1	2018	84	15139.0	 23.0	 29.0	3.000	 1.0	11.0
1	2018	85	18542.0	 24.0	 32.0	3.000	 2.0	 5.0
1	2018	86	16296.0	 24.0	 32.0	3.000	 2.0	 1.0
1	2018	87	17605.0	 24.0	 31.0	3.000	 2.0	 1.0
1	2018	88	18474.0	 24.0	 32.0	3.000	 2.0	 4.0
1	2018	89	17638.0	 24.0	 32.0	3.000	 1.0	 6.0
1	2018	90	16705.0	 23.0	 31.0	3.000	 1.0	 8.0
1	2018	91	16719.0	 24.0	 31.0	3.000	 2.0	 6.0
1	2018	92	13376.0	 24.0	 30.0	3.000	 2.0	15.0
1	2018	93	17033.0	 23.0	 32.0	3.000	 2.0	 5.0
1	2018	94	19113.0	 24.0	 32.0	3.000	 2.0	 2.0
1	2018	95	17767.0	 23.0	 30.0	3.000	 2.0	 1.0
1	2018	96	20529.0	 24.0	 32.0	3.000	 2.0	 1.0
1	2018	97	17765.0	 23.0	 31.0	3.000	 2.0	 7.0
1	2018	98	14134.0	 23.0	 30.0	3.000	 1.0	 4.0
1	2018	99	19022.0	 23.0	 31.0	3.000	 2.0	 7.0
1	2018	100	11719.0	 22.0	 28.0	3.000	 1.0	 0.0
1	2018	101	21259.0	 22.0	 31.0	3.000	 1.0	 0.0
1	2018	102	19719.0	 23.0	 32.0	3.000	 2.0	 8.0
1	2018	103	16456.0	 23.0	 30.0	3.000	 2.0	 2.0
1	2018	104	19335.0	 24.0	 31.0	3.000	 2.0	 2.0
1	2018	105	15336.0	 23.0	 31.0	3.000	 2.0	 1.0
1	2018	106	21744.0	 23.0	 33.0	3.000	 2.0	 1.0
1	2018	107	17947.0	 24.0	 31.0	3.000	 2.0	 4.0
1	2018	108	17049.0	 24.0	 30.0	3.000	 2.0	 5.0
1	2018	109	17954.0	 24.0	 30.0	3.000	 2.0	 6.0
1	2018	110	18163.0	 23.0	 31.0	3.000	 2.0	 9.0
1	2018	111	16326.0	 23.0	 30.0	3.000	 2.0	 6.0
1	2018	112	17554.0	 23.0	 31.0	3.000	 2.0	 5.0
1	2018	113	17497.0	 23.0	 31.0	3.000	 2.0	 7.0
1	2018	114	19341.0	 24.0	 31.0	3.000	 2.0	 5.0
1	2018	115	19029.0	 24.0	 31.0	3.000	 2.0	 3.0
1	2018	116	13278.0	 23.0	 29.0	3.000	 2.0	 7.0
1	2018	117	18736.0	 22.0	 31.0	3.000	 2.0	 4.0
1	2018	118	17019.0	 24.0	 31.0	3.000	 2.0	11.0
1	2018	119	12528.0	 24.0	 29.0	3.000	 2.0	10.0
1	2018	120	17741.0	 23.0	 31.0	3.000	 1.0	 5.0
1	2018	121	20829.0	 23.0	 32.0	3.000	 2.0	 9.0
1	2018	122	18749.0	 24.0	 31.0	3.000	 2.0	 5.0
1	2018	123	17421.0	 24.0	 31.0	3.000	 2.0	14.0
1	2018	124	13004.0	 23.0	 29.0	3.000	 1.0	 3.0
1	2018	125	19057.0	 22.0	 31.0	3.000	 2.0	 4.0
1	2018	126	5168.0	 23.0	 26.0	3.000	 1.0	57.0
1	2018	127	16795.0	 22.0	 30.0	3.000	 1.0	 0.0
1	2018	128	17967.0	 22.0	 31.0	3.000	 2.0	 5.0
1	2018	129	12970.0	 24.0	 29.0	3.000	 2.0	 3.0
1	2018	130	15153.0	 24.0	 30.0	3.000	 2.0	 8.0
1	2018	131	8112.0	 22.0	 26.0	3.000	 1.0	17.0
1	2018	132	17013.0	 22.0	 30.0	3.000	 1.0	 0.0
1	2018	133	8043.0	 23.0	 26.0	3.000	 1.0	 5.0
1	2018	134	18034.0	 23.0	 30.0	3.000	 2.0	 3.0
1	2018	135	15958.0	 23.0	 29.0	3.000	 2.0	 4.0
1	2018	136	16469.0	 22.0	 29.0	3.000	 1.0	 8.0
1	2018	137	14973.0	 23.0	 29.0	3.000	 1.0	 9.0
1	2018	138	14745.0	 22.0	 30.0	3.000	 1.0	 3.0
1	2018	139	14975.0	 22.0	 29.0	3.000	 1.0	 9.0
1	2018	140	17811.0	 23.0	 30.0	3.000	 2.0	 3.0
1	2018	141	19347.0	 24.0	 31.0	3.000	 2.0	 1.0
1	2018	142	17026.0	 23.0	 30.0	3.000	 2.0	 1.0
1	2018	143	16188.0	 24.0	 30.0	3.000	 2.0	10.0
1	2018	144	15345.0	 24.0	 30.0	3.000	 2.0	 3.0
1	2018	145	18504.0	 24.0	 30.0	3.000	 2.0	 2.0
1	2018	146	15372.0	 23.0	 29.0	3.000	 2.0	10.0
1	2018	147	12655.0	 23.0	 27.0	3.000	 2.0	15.0
1	2018	148	17543.0	 23.0	 30.0	3.000	 1.0	 8.0
1	2018	149	17023.0	 23.0	 30.0	3.000	 2.0	 2.0
1	2018	150	13615.0	 22.0	 29.0	3.000	 1.0	 6.0
1	2018	151	14156.0	 23.0	 29.0	3.000	 1.0	12.0
1	2018	152	16923.0	 22.0	 30.0	3.000	 1.0	 2.0
1	2018	153	15894.0	 22.0	 29.0	3.000	 1.0	 7.0
1	2018	154	10541.0	 22.0	 26.0	3.000	 1.0	10.0
1	2018	155	14876.0	 23.0	 30.0	3.000	 1.0	 7.0
1	2018	156	16861.0	 23.0	 30.0	3.000	 1.0	13.0
1	2018	157	16636.0	 23.0	 30.0	3.000	 1.0	 1.0
1	2018	158	13388.0	 23.0	 29.0	3.000	 1.0	 2.0
1	2018	159	14675.0	 23.0	 30.0	3.000	 2.0	 5.0
1	2018	160	16107.0	 24.0	 30.0	3.000	 2.0	 7.0
1	2018	161	13140.0	 23.0	 28.0	3.000	 2.0	 7.0
1	2018	162	12004.0	 22.0	 28.0	3.000	 1.0	 9.0
1	2018	163	17195.0	 23.0	 30.0	3.000	 1.0	 3.0
1	2018	164	15331.0	 23.0	 29.0	3.000	 2.0	 2.0
1	2018	165	17289.0	 22.0	 30.0	3.000	 2.0	 4.0
1	2018	166	14192.0	 23.0	 29.0	3.000	 2.0	 4.0
1	2018	167	12136.0	 23.0	 29.0	3.000	 2.0	 2.0
1	2018	168	7456.0	 23.0	 27.0	3.000	 2.0	 8.0
1	2018	169	13348.0	 22.0	 28.0	3.000	 3.0	 3.0
1	2018	170	12048.0	 22.0	 27.0	3.000	 2.0	 2.0
1	2018	171	15876.0	 22.0	 28.0	3.000	 3.0	 1.0
1	2018	172	8101.0	 22.0	 26.0	3.000	 3.0	13.0
1	2018	173	10618.0	 22.0	 26.0	3.000	 2.0	 6.0
1	2018	174	10534.0	 22.0	 27.0	3.000	 2.0	12.0
1	2018	175	12247.0	 22.0	 28.0	3.000	 2.0	 2.0
1	2018	176	16207.0	 22.0	 29.0	3.000	 2.0	 1.0
1	2018	177	12029.0	 21.0	 27.0	3.000	 2.0	 2.0
1	2018	178	16434.0	 22.0	 29.0	3.000	 2.0	 7.0
1	2018	179	11925.0	 22.0	 27.0	3.000	 1.0	 7.0
1	2018	180	10035.0	 22.0	 27.0	3.000	 2.0	 9.0
1	2018	181	11136.0	 22.0	 28.0	3.000	 2.0	 4.0
1	2018	182	3801.0	 22.0	 23.0	3.000	 2.0	37.0
1	2018	183	16757.0	 21.0	 28.0	3.000	 2.0	 9.0
1	2018	184	17504.0	 22.0	 29.0	3.000	 2.0	 1.0
1	2018	185	13971.0	 23.0	 28.0	3.000	 2.0	 2.0
1	2018	186	14769.0	 22.0	 29.0	3.000	 1.0	 8.0
1	2018	187	9549.0	 22.0	 26.0	3.000	 1.0	14.0
1	2018	188	11155.0	 22.0	 27.0	3.000	 1.0	 9.0
1	2018	189	12957.0	 21.0	 29.0	3.000	 1.0	 3.0
1	2018	190	9262.0	 22.0	 26.0	3.000	 1.0	 9.0
1	2018	191	14676.0	 22.0	 29.0	3.000	 1.0	 6.0
1	2018	192	15170.0	 22.0	 30.0	3.000	 2.0	17.0
1	2018	193	14101.0	 23.0	 28.0	3.000	 2.0	 5.0
1	2018	194	7219.0	 22.0	 25.0	3.000	 2.0	 5.0
1	2018	195	13792.0	 22.0	 29.0	3.000	 2.0	13.0
1	2018	196	10377.0	 22.0	 27.0	3.000	 2.0	 1.0
1	2018	197	11201.0	 22.0	 28.0	3.000	 2.0	 3.0
1	2018	198	10749.0	 23.0	 27.0	3.000	 2.0	 1.0
1	2018	199	15271.0	 22.0	 28.0	3.000	 2.0	 2.0
1	2018	200	16265.0	 23.0	 29.0	3.000	 2.0	 2.0
1	2018	201	13674.0	 22.0	 29.0	3.000	 2.0	 2.0
1	2018	202	10814.0	 22.0	 26.0	3.000	 2.0	13.0
1	2018	203	14817.0	 22.0	 30.0	3.000	 1.0	 2.0
1	2018	204	14200.0	 23.0	 29.0	3.000	 2.0	 1.0
1	2018	205	12822.0	 23.0	 28.0	3.000	 2.0	 4.0
1	2018	206	7248.0	 22.0	 26.0	3.000	 2.0	21.0
1	2018	207	11456.0	 22.0	 27.0	3.000	 3.0	16.0
1	2018	208	16736.0	 22.0	 30.0	3.000	 2.0	 1.0
1	2018	209	14607.0	 22.0	 30.0	3.000	 2.0	 1.0
1	2018	210	15314.0	 22.0	 29.0	3.000	 3.0	 6.0
1	2018	211	16066.0	 22.0	 28.0	3.000	 3.0	 2.0
1	2018	212	18679.0	 21.0	 29.0	2.000	 2.0	 0.0
1	2018	213	12043.0	 21.0	 28.0	2.000	 2.0	 0.0
1	2018	214	15553.0	 20.0	 28.0	2.000	 2.0	 1.0
1	2018	215	13147.0	 22.0	 28.0	3.000	 2.0	 7.0
1	2018	216	13246.0	 22.0	 28.0	3.000	 2.0	 2.0
1	2018	217	17381.0	 21.0	 29.0	2.000	 2.0	 0.0
1	2018	218	16087.0	 20.0	 28.0	2.000	 2.0	 0.0
1	2018	219	13851.0	 21.0	 27.0	2.000	 2.0	 1.0
1	2018	220	18742.0	 20.0	 28.0	3.000	 2.0	 2.0
1	2018	221	17387.0	 22.0	 29.0	3.000	 2.0	 3.0
1	2018	222	16214.0	 22.0	 29.0	3.000	 3.0	 1.0
1	2018	223	17233.0	 22.0	 29.0	3.000	 2.0	 1.0
1	2018	224	18207.0	 23.0	 29.0	3.000	 2.0	 2.0
1	2018	225	14086.0	 22.0	 29.0	3.000	 2.0	 8.0
1	2018	226	13084.0	 21.0	 28.0	3.000	 2.0	 1.0
1	2018	227	15328.0	 22.0	 28.0	3.000	 2.0	 1.0
1	2018	228	16773.0	 23.0	 29.0	3.000	 2.0	 1.0
1	2018	229	14639.0	 23.0	 29.0	3.000	 2.0	11.0
1	2018	230	11831.0	 23.0	 28.0	3.000	 3.0	 5.0
1	2018	231	11565.0	 23.0	 29.0	3.000	 2.0	13.0
1	2018	232	14712.0	 22.0	 28.0	3.000	 3.0	 2.0
1	2018	233	13344.0	 23.0	 30.0	3.000	 3.0	 1.0
1	2018	234	12268.0	 23.0	 28.0	3.000	 3.0	 5.0
1	2018	235	13706.0	 23.0	 29.0	3.000	 3.0	12.0
1	2018	236	10441.0	 23.0	 28.0	3.000	 2.0	11.0
1	2018	237	5297.0	 22.0	 25.0	3.000	 3.0	 9.0
1	2018	238	15444.0	 22.0	 29.0	3.000	 2.0	 3.0
1	2018	239	15681.0	 22.0	 30.0	3.000	 2.0	 1.0
1	2018	240	14395.0	 22.0	 29.0	3.000	 2.0	 2.0
1	2018	241	13425.0	 22.0	 29.0	3.000	 2.0	 3.0
1	2018	242	10250.0	 22.0	 28.0	3.000	 2.0	 4.0
1	2018	243	12316.0	 22.0	 28.0	3.000	 2.0	14.0
1	2018	244	11427.0	 23.0	 28.0	3.000	 3.0	 3.0
1	2018	245	15746.0	 23.0	 29.0	3.000	 2.0	 2.0
1	2018	246	17125.0	 22.0	 29.0	3.000	 2.0	 2.0
1	2018	247	12645.0	 23.0	 28.0	3.000	 2.0	14.0
1	2018	248	14385.0	 22.0	 29.0	3.000	 2.0	 7.0
1	2018	249	13394.0	 22.0	 28.0	3.000	 2.0	12.0
1	2018	250	11030.0	 22.0	 28.0	3.000	 2.0	16.0
1	2018	251	14645.0	 22.0	 29.0	3.000	 3.0	13.0
1	2018	252	15820.0	 23.0	 30.0	3.000	 2.0	 2.0
1	2018	253	15734.0	 22.0	 30.0	3.000	 2.0	 3.0
1	2018	254	13831.0	 23.0	 29.0	3.000	 2.0	13.0
1	2018	255	5853.0	 22.0	 24.0	3.000	 1.0	18.0
1	2018	256	8410.0	 22.0	 26.0	3.000	 1.0	 7.0
1	2018	257	17401.0	 22.0	 30.0	3.000	 2.0	 2.0
1	2018	258	17490.0	 23.0	 29.0	3.000	 2.0	 8.0
1	2018	259	18027.0	 21.0	 31.0	3.000	 1.0	 1.0
1	2018	260	17149.0	 22.0	 31.0	3.000	 1.0	 2.0
1	2018	261	13772.0	 23.0	 29.0	3.000	 2.0	 8.0
1	2018	262	12482.0	 23.0	 29.0	3.000	 1.0	16.0
1	2018	263	13941.0	 22.0	 30.0	3.000	 1.0	 6.0
1	2018	264	15804.0	 23.0	 29.0	3.000	 2.0	 9.0
1	2018	265	14021.0	 22.0	 28.0	3.000	 2.0	10.0
1	2018	266	10901.0	 23.0	 27.0	3.000	 1.0	18.0
1	2018	267	14949.0	 23.0	 29.0	3.000	 1.0	 2.0
1	2018	268	15630.0	 23.0	 30.0	3.000	 1.0	 8.0
1	2018	269	12229.0	 23.0	 27.0	3.000	 2.0	 9.0
1	2018	270	14052.0	 22.0	 29.0	3.000	 1.0	15.0
1	2018	271	7751.0	 22.0	 26.0	3.000	 2.0	14.0
1	2018	272	17574.0	 22.0	 31.0	3.000	 1.0	 3.0
1	2018	273	15720.0	 23.0	 30.0	3.000	 2.0	 5.0
1	2018	274	17667.0	 23.0	 31.0	3.000	 1.0	 6.0
1	2018	275	15050.0	 23.0	 30.0	3.000	 1.0	16.0
1	2018	276	16690.0	 22.0	 30.0	3.000	 2.0	 6.0
1	2018	277	12555.0	 22.0	 29.0	3.000	 1.0	10.0
1	2018	278	15942.0	 23.0	 30.0	3.000	 2.0	 7.0
1	2018	279	14352.0	 23.0	 29.0	3.000	 1.0	 3.0
1	2018	280	17610.0	 22.0	 30.0	3.000	 1.0	 1.0
1	2018	281	11099.0	 23.0	 28.0	3.000	 1.0	 7.0
1	2018	282	14018.0	 23.0	 29.0	3.000	 1.0	 9.0
1	2018	283	15643.0	 23.0	 30.0	3.000	 1.0	 8.0
1	2018	284	15671.0	 23.0	 29.0	3.000	 1.0	 2.0
1	2018	285	13227.0	 22.0	 29.0	3.000	 1.0	11.0
1	2018	286	11707.0	 22.0	 28.0	3.000	 1.0	 4.0
1	2018	287	16326.0	 23.0	 30.0	3.000	 1.0	 6.0
1	2018	288	13413.0	 22.0	 29.0	3.000	 1.0	 4.0
1	2018	289	14312.0	 21.0	 28.0	3.000	 1.0	 9.0
1	2018	290	16250.0	 22.0	 30.0	3.000	 1.0	12.0
1	2018	291	15241.0	 23.0	 28.0	3.000	 1.0	 9.0
1	2018	292	18361.0	 23.0	 30.0	3.000	 1.0	 1.0
1	2018	293	19397.0	 23.0	 31.0	3.000	 1.0	 1.0
1	2018	294	19295.0	 23.0	 31.0	3.000	 1.0	 3.0
1	2018	295	13685.0	 23.0	 30.0	3.000	 1.0	18.0
1	2018	296	12816.0	 23.0	 29.0	3.000	 1.0	 5.0
1	2018	297	13427.0	 23.0	 30.0	3.000	 1.0	 9.0
1	2018	298	15627.0	 23.0	 30.0	3.000	 0.0	 3.0
1	2018	299	17830.0	 22.0	 31.0	3.000	 1.0	 4.0
1	2018	300	17947.0	 22.0	 30.0	3.000	 1.0	 1.0
1	2018	301	19840.0	 22.0	 31.0	3.000	 1.0	 2.0
1	2018	302	15060.0	 22.0	 30.0	3.000	 1.0	 3.0
1	2018	303	15447.0	 22.0	 29.0	3.000	 1.0	 8.0
1	2018	304	15367.0	 23.0	 30.0	3.000	 1.0	 5.0
1	2018	305	16289.0	 24.0	 31.0	3.000	 2.0	13.0
1	2018	306	12896.0	 23.0	 29.0	3.000	 1.0	 4.0
1	2018	307	15758.0	 23.0	 30.0	3.000	 1.0	 1.0
1	2018	308	14034.0	 22.0	 29.0	3.000	 1.0	 7.0
1	2018	309	18190.0	 22.0	 30.0	3.000	 1.0	 5.0
1	2018	310	13236.0	 22.0	 30.0	3.000	 1.0	17.0
1	2018	311	16287.0	 22.0	 30.0	3.000	 1.0	14.0
1	2018	312	16924.0	 22.0	 30.0	3.000	 1.0	 0.0
1	2018	313	17095.0	 23.0	 30.0	3.000	 1.0	 6.0
1	2018	314	18626.0	 22.0	 31.0	3.000	 1.0	 3.0
1	2018	315	16205.0	 22.0	 30.0	3.000	 1.0	 1.0
1	2018	316	19814.0	 23.0	 32.0	3.000	 1.0	 2.0
1	2018	317	16362.0	 23.0	 30.0	3.000	 1.0	 3.0
1	2018	318	14424.0	 24.0	 30.0	3.000	 2.0	 2.0
1	2018	319	15707.0	 24.0	 30.0	3.000	 1.0	 5.0
1	2018	320	15811.0	 22.0	 31.0	3.000	 1.0	 4.0
1	2018	321	19466.0	 23.0	 32.0	3.000	 1.0	 0.0
1	2018	322	18256.0	 23.0	 31.0	3.000	 1.0	 1.0
1	2018	323	15126.0	 22.0	 30.0	3.000	 0.0	11.0
1	2018	324	14578.0	 23.0	 29.0	3.000	 0.0	 4.0
1	2018	325	17895.0	 22.0	 31.0	3.000	 1.0	 1.0
1	2018	326	13384.0	 22.0	 29.0	3.000	 1.0	 1.0
1	2018	327	16532.0	 22.0	 31.0	3.000	 1.0	 1.0
1	2018	328	13230.0	 23.0	 29.0	3.000	 1.0	 1.0
1	2018	329	15804.0	 22.0	 31.0	3.000	 1.0	 3.0
1	2018	330	14753.0	 24.0	 30.0	3.000	 2.0	 2.0
1	2018	331	15984.0	 22.0	 30.0	3.000	 1.0	 1.0
1	2018	332	16229.0	 22.0	 30.0	3.000	 1.0	 5.0
1	2018	333	14587.0	 22.0	 30.0	3.000	 1.0	 1.0
1	2018	334	14991.0	 23.0	 30.0	3.000	 2.0	 4.0
1	2018	335	15577.0	 24.0	 30.0	3.000	 1.0	 4.0
1	2018	336	15780.0	 23.0	 31.0	3.000	 1.0	 8.0
1	2018	337	13768.0	 23.0	 29.0	3.000	 1.0	 1.0
1	2018	338	16186.0	 22.0	 30.0	3.000	 1.0	 1.0
1	2018	339	17222.0	 23.0	 31.0	3.000	 1.0	 1.0
1	2018	340	19259.0	 23.0	 32.0	3.000	 1.0	 0.0
1	2018	341	16043.0	 24.0	 31.0	3.000	 1.0	 1.0
1	2018	342	16168.0	 24.0	 30.0	3.000	 1.0	 1.0
1	2018	343	18174.0	 23.0	 32.0	3.000	 1.0	 0.0
1	2018	344	15744.0	 24.0	 31.0	3.000	 1.0	 1.0
1	2018	345	16267.0	 23.0	 31.0	3.000	 1.0	 3.0
1	2018	346	15480.0	 23.0	 30.0	3.000	 1.0	12.0
1	2018	347	16549.0	 21.0	 30.0	3.000	 1.0	 1.0
1	2018	348	18475.0	 22.0	 32.0	3.000	 1.0	 0.0
1	2018	349	18976.0	 23.0	 32.0	3.000	 1.0	 0.0
1	2018	350	16837.0	 24.0	 31.0	3.000	 2.0	 1.0
1	2018	351	16853.0	 24.0	 32.0	3.000	 1.0	 0.0
1	2018	352	16597.0	 23.0	 31.0	3.000	 1.0	 2.0
1	2018	353	13092.0	 24.0	 29.0	3.000	 1.0	 1.0
1	2018	354	16578.0	 23.0	 31.0	3.000	 1.0	 0.0
1	2018	355	18539.0	 23.0	 32.0	3.000	 1.0	 0.0
1	2018	356	17456.0	 23.0	 32.0	3.000	 1.0	 0.0
1	2018	357	18317.0	 23.0	 32.0	3.000	 1.0	 0.0
1	2018	358	18301.0	 23.0	 32.0	3.000	 1.0	 0.0
1	2018	359	21084.0	 23.0	 33.0	2.000	 1.0	 0.0
1	2018	360	19739.0	 23.0	 33.0	2.000	 1.0	 0.0
1	2018	361	20210.0	 23.0	 34.0	2.000	 1.0	 0.0
1	2018	362	18743.0	 23.0	 33.0	2.000	 1.0	 0.0
1	2018	363	18275.0	 23.0	 33.0	3.000	 1.0	 0.0
1	2018	364	17281.0	 24.0	 32.0	3.000	 1.0	 1.0
1	2018	365	16986.0	 24.0	 32.0	3.000	 1.0	 1.0
