*---------------------------------------------------
* Station: Western
* Year: 2013
* Origin: ERA5-Reanalysis
* Columns & units
* ===================
* 1. station number
* 2. year
* 3. Day of Year
* 4. Irradiance   (kJ路m-2路d-1)
* 5. Daily minimum temperature (degC)
* 6. Daily maximum temperature (degC)
* 7. Vapour pressure (kPa)
* 8. Mean wind speed (m路s-1)
* 9. Precipitation (mm路d-1)
** WCCDESCRIPTION=Western
** WCCFORMAT=2
** WCCYEARNR=2013
*------------------------------------------------------------*
-2.41  5.74  107.00 -0.18  -0.55
1	2013	1	21782.0	 21.0	 33.0	2.000	 0.0	 0.0
1	2013	2	21921.0	 20.0	 33.0	2.000	 0.0	 0.0
1	2013	3	20783.0	 21.0	 33.0	2.000	 1.0	 0.0
1	2013	4	21334.0	 21.0	 34.0	2.000	 1.0	 0.0
1	2013	5	19439.0	 22.0	 32.0	2.000	 1.0	 0.0
1	2013	6	21157.0	 21.0	 32.0	2.000	 1.0	 0.0
1	2013	7	21125.0	 21.0	 33.0	2.000	 1.0	 0.0
1	2013	8	21624.0	 20.0	 34.0	2.000	 1.0	 0.0
1	2013	9	18113.0	 22.0	 32.0	3.000	 1.0	 1.0
1	2013	10	16983.0	 23.0	 32.0	3.000	 1.0	 0.0
1	2013	11	18490.0	 24.0	 33.0	3.000	 1.0	 0.0
1	2013	12	18571.0	 23.0	 33.0	3.000	 1.0	 0.0
1	2013	13	20189.0	 24.0	 34.0	3.000	 1.0	 0.0
1	2013	14	18796.0	 24.0	 33.0	3.000	 1.0	 0.0
1	2013	15	20584.0	 23.0	 35.0	3.000	 1.0	 0.0
1	2013	16	20435.0	 24.0	 35.0	3.000	 1.0	 0.0
1	2013	17	19728.0	 24.0	 34.0	3.000	 1.0	 0.0
1	2013	18	20246.0	 24.0	 34.0	3.000	 2.0	 0.0
1	2013	19	17789.0	 24.0	 33.0	3.000	 2.0	 0.0
1	2013	20	20168.0	 24.0	 35.0	3.000	 2.0	 0.0
1	2013	21	18175.0	 25.0	 34.0	3.000	 2.0	 1.0
1	2013	22	15383.0	 25.0	 32.0	3.000	 2.0	 2.0
1	2013	23	11251.0	 24.0	 31.0	3.000	 2.0	 2.0
1	2013	24	14145.0	 24.0	 32.0	3.000	 2.0	 0.0
1	2013	25	13745.0	 24.0	 31.0	3.000	 2.0	 3.0
1	2013	26	11781.0	 24.0	 31.0	3.000	 2.0	15.0
1	2013	27	17817.0	 24.0	 32.0	3.000	 2.0	 0.0
1	2013	28	21883.0	 24.0	 34.0	2.000	 1.0	 0.0
1	2013	29	21471.0	 21.0	 34.0	2.000	 1.0	 0.0
1	2013	30	21063.0	 22.0	 34.0	3.000	 1.0	 0.0
1	2013	31	19872.0	 23.0	 33.0	3.000	 1.0	 0.0
1	2013	32	23017.0	 23.0	 34.0	2.000	 1.0	 0.0
1	2013	33	22570.0	 23.0	 34.0	2.000	 0.0	 0.0
1	2013	34	21405.0	 22.0	 33.0	2.000	 1.0	 0.0
1	2013	35	18480.0	 23.0	 33.0	3.000	 1.0	 0.0
1	2013	36	21188.0	 24.0	 35.0	3.000	 1.0	 0.0
1	2013	37	19185.0	 25.0	 33.0	3.000	 2.0	 0.0
1	2013	38	18285.0	 24.0	 34.0	3.000	 1.0	 6.0
1	2013	39	17677.0	 24.0	 33.0	3.000	 2.0	 0.0
1	2013	40	20324.0	 24.0	 35.0	3.000	 2.0	 0.0
1	2013	41	19795.0	 25.0	 35.0	3.000	 2.0	 1.0
1	2013	42	11795.0	 25.0	 31.0	3.000	 2.0	 0.0
1	2013	43	21236.0	 25.0	 35.0	3.000	 2.0	 0.0
1	2013	44	20049.0	 25.0	 35.0	3.000	 2.0	 1.0
1	2013	45	19128.0	 24.0	 34.0	3.000	 2.0	 1.0
1	2013	46	18626.0	 25.0	 33.0	3.000	 2.0	 3.0
1	2013	47	15959.0	 25.0	 31.0	3.000	 2.0	 4.0
1	2013	48	18269.0	 25.0	 33.0	3.000	 3.0	 2.0
1	2013	49	18429.0	 24.0	 33.0	3.000	 2.0	 1.0
1	2013	50	12936.0	 24.0	 30.0	3.000	 2.0	 6.0
1	2013	51	17378.0	 24.0	 31.0	3.000	 2.0	 2.0
1	2013	52	19999.0	 24.0	 33.0	3.000	 1.0	 1.0
1	2013	53	12944.0	 24.0	 29.0	3.000	 1.0	 6.0
1	2013	54	20573.0	 24.0	 35.0	3.000	 2.0	 0.0
1	2013	55	17609.0	 25.0	 32.0	3.000	 3.0	 2.0
1	2013	56	14982.0	 25.0	 31.0	3.000	 2.0	 7.0
1	2013	57	15058.0	 24.0	 31.0	3.000	 2.0	 1.0
1	2013	58	19880.0	 24.0	 34.0	3.000	 2.0	 1.0
1	2013	59	17701.0	 25.0	 32.0	3.000	 2.0	 4.0
1	2013	60	19988.0	 24.0	 33.0	3.000	 2.0	 2.0
1	2013	61	18636.0	 24.0	 32.0	3.000	 2.0	 7.0
1	2013	62	17128.0	 25.0	 33.0	3.000	 2.0	 2.0
1	2013	63	17697.0	 24.0	 32.0	3.000	 2.0	 8.0
1	2013	64	16714.0	 23.0	 33.0	3.000	 1.0	 3.0
1	2013	65	17387.0	 24.0	 32.0	3.000	 2.0	 1.0
1	2013	66	18144.0	 25.0	 33.0	3.000	 2.0	 1.0
1	2013	67	17534.0	 24.0	 33.0	3.000	 2.0	 5.0
1	2013	68	14933.0	 25.0	 32.0	3.000	 2.0	13.0
1	2013	69	12610.0	 24.0	 30.0	3.000	 2.0	 8.0
1	2013	70	19681.0	 24.0	 32.0	3.000	 2.0	 2.0
1	2013	71	20515.0	 25.0	 33.0	3.000	 2.0	 3.0
1	2013	72	17468.0	 24.0	 33.0	3.000	 1.0	 4.0
1	2013	73	21476.0	 24.0	 33.0	3.000	 2.0	 1.0
1	2013	74	15965.0	 24.0	 31.0	3.000	 2.0	 3.0
1	2013	75	13959.0	 24.0	 30.0	3.000	 2.0	17.0
1	2013	76	15035.0	 22.0	 31.0	3.000	 2.0	 6.0
1	2013	77	22472.0	 23.0	 33.0	3.000	 2.0	 0.0
1	2013	78	22015.0	 24.0	 33.0	3.000	 1.0	 0.0
1	2013	79	17649.0	 25.0	 31.0	3.000	 2.0	 7.0
1	2013	80	16673.0	 25.0	 30.0	3.000	 2.0	12.0
1	2013	81	11750.0	 23.0	 30.0	3.000	 2.0	14.0
1	2013	82	22345.0	 22.0	 33.0	3.000	 2.0	 1.0
1	2013	83	19401.0	 24.0	 31.0	3.000	 2.0	 7.0
1	2013	84	19897.0	 23.0	 33.0	3.000	 2.0	 1.0
1	2013	85	18933.0	 24.0	 31.0	3.000	 2.0	 7.0
1	2013	86	15546.0	 24.0	 30.0	3.000	 2.0	 8.0
1	2013	87	17401.0	 23.0	 31.0	3.000	 1.0	12.0
1	2013	88	16768.0	 24.0	 31.0	3.000	 2.0	 3.0
1	2013	89	17345.0	 23.0	 31.0	3.000	 2.0	 0.0
1	2013	90	19121.0	 24.0	 33.0	3.000	 2.0	 2.0
1	2013	91	21751.0	 23.0	 33.0	3.000	 2.0	 1.0
1	2013	92	18655.0	 23.0	 32.0	3.000	 1.0	 9.0
1	2013	93	19542.0	 23.0	 32.0	3.000	 1.0	 4.0
1	2013	94	15003.0	 24.0	 29.0	3.000	 1.0	 8.0
1	2013	95	19610.0	 24.0	 32.0	3.000	 1.0	 3.0
1	2013	96	16897.0	 24.0	 32.0	3.000	 1.0	 6.0
1	2013	97	17207.0	 23.0	 31.0	3.000	 2.0	 2.0
1	2013	98	18295.0	 24.0	 31.0	3.000	 2.0	 6.0
1	2013	99	17741.0	 24.0	 31.0	3.000	 2.0	 5.0
1	2013	100	19445.0	 23.0	 32.0	3.000	 1.0	 2.0
1	2013	101	19356.0	 23.0	 31.0	3.000	 1.0	 0.0
1	2013	102	19817.0	 23.0	 33.0	3.000	 2.0	 1.0
1	2013	103	18507.0	 24.0	 31.0	3.000	 2.0	 2.0
1	2013	104	20328.0	 23.0	 32.0	3.000	 1.0	 1.0
1	2013	105	16706.0	 23.0	 32.0	3.000	 1.0	 6.0
1	2013	106	19158.0	 23.0	 31.0	3.000	 2.0	 3.0
1	2013	107	19694.0	 23.0	 32.0	3.000	 2.0	 5.0
1	2013	108	16795.0	 24.0	 31.0	3.000	 2.0	11.0
1	2013	109	15376.0	 24.0	 30.0	3.000	 2.0	 2.0
1	2013	110	18551.0	 23.0	 31.0	3.000	 1.0	 1.0
1	2013	111	17723.0	 23.0	 31.0	3.000	 1.0	 5.0
1	2013	112	19704.0	 24.0	 32.0	3.000	 2.0	 4.0
1	2013	113	15309.0	 24.0	 30.0	3.000	 2.0	 4.0
1	2013	114	18133.0	 23.0	 31.0	3.000	 1.0	 0.0
1	2013	115	18177.0	 24.0	 31.0	3.000	 2.0	 6.0
1	2013	116	16770.0	 24.0	 31.0	3.000	 1.0	 6.0
1	2013	117	17687.0	 23.0	 31.0	3.000	 2.0	 0.0
1	2013	118	21301.0	 23.0	 32.0	3.000	 1.0	 1.0
1	2013	119	16032.0	 24.0	 31.0	3.000	 2.0	11.0
1	2013	120	18117.0	 24.0	 31.0	3.000	 1.0	 5.0
1	2013	121	12657.0	 23.0	 28.0	3.000	 1.0	 8.0
1	2013	122	20370.0	 23.0	 32.0	3.000	 1.0	 0.0
1	2013	123	19822.0	 23.0	 32.0	3.000	 1.0	 2.0
1	2013	124	15783.0	 24.0	 30.0	3.000	 2.0	 5.0
1	2013	125	14475.0	 23.0	 30.0	3.000	 2.0	 2.0
1	2013	126	17741.0	 23.0	 31.0	3.000	 1.0	 4.0
1	2013	127	15426.0	 24.0	 31.0	3.000	 1.0	10.0
1	2013	128	18415.0	 24.0	 31.0	3.000	 1.0	 4.0
1	2013	129	14425.0	 23.0	 30.0	3.000	 2.0	 5.0
1	2013	130	16346.0	 23.0	 31.0	3.000	 2.0	 4.0
1	2013	131	12413.0	 23.0	 29.0	3.000	 1.0	 5.0
1	2013	132	13615.0	 23.0	 29.0	3.000	 1.0	 7.0
1	2013	133	15316.0	 23.0	 30.0	3.000	 1.0	11.0
1	2013	134	17164.0	 22.0	 30.0	3.000	 1.0	14.0
1	2013	135	13505.0	 23.0	 29.0	3.000	 1.0	18.0
1	2013	136	11842.0	 22.0	 28.0	3.000	 1.0	11.0
1	2013	137	15260.0	 23.0	 30.0	3.000	 2.0	 2.0
1	2013	138	15695.0	 23.0	 30.0	3.000	 1.0	10.0
1	2013	139	12132.0	 23.0	 28.0	3.000	 1.0	 4.0
1	2013	140	16742.0	 23.0	 30.0	3.000	 1.0	 9.0
1	2013	141	16707.0	 22.0	 30.0	3.000	 1.0	 4.0
1	2013	142	16116.0	 22.0	 29.0	3.000	 1.0	 6.0
1	2013	143	14686.0	 22.0	 30.0	3.000	 1.0	 0.0
1	2013	144	18315.0	 24.0	 31.0	3.000	 1.0	 5.0
1	2013	145	16953.0	 24.0	 30.0	3.000	 2.0	 3.0
1	2013	146	15429.0	 23.0	 30.0	3.000	 2.0	10.0
1	2013	147	8039.0	 22.0	 24.0	3.000	 1.0	68.0
1	2013	148	17071.0	 22.0	 29.0	3.000	 2.0	 2.0
1	2013	149	14274.0	 22.0	 29.0	3.000	 1.0	 6.0
1	2013	150	12134.0	 22.0	 29.0	3.000	 2.0	 3.0
1	2013	151	15189.0	 22.0	 30.0	3.000	 1.0	 5.0
1	2013	152	15676.0	 22.0	 29.0	3.000	 1.0	 3.0
1	2013	153	14316.0	 23.0	 29.0	3.000	 2.0	 3.0
1	2013	154	7256.0	 23.0	 26.0	3.000	 2.0	20.0
1	2013	155	10003.0	 22.0	 26.0	3.000	 2.0	10.0
1	2013	156	15661.0	 22.0	 28.0	3.000	 2.0	 7.0
1	2013	157	10643.0	 22.0	 27.0	3.000	 1.0	 5.0
1	2013	158	13858.0	 22.0	 28.0	3.000	 1.0	 4.0
1	2013	159	17337.0	 22.0	 29.0	3.000	 1.0	 2.0
1	2013	160	14403.0	 23.0	 30.0	3.000	 1.0	 7.0
1	2013	161	10945.0	 22.0	 27.0	3.000	 1.0	 4.0
1	2013	162	13692.0	 22.0	 28.0	3.000	 1.0	 8.0
1	2013	163	10512.0	 23.0	 28.0	3.000	 2.0	 1.0
1	2013	164	14967.0	 23.0	 29.0	3.000	 2.0	 5.0
1	2013	165	13369.0	 23.0	 28.0	3.000	 2.0	 1.0
1	2013	166	17348.0	 23.0	 29.0	3.000	 1.0	 1.0
1	2013	167	12416.0	 23.0	 28.0	3.000	 2.0	 2.0
1	2013	168	15558.0	 23.0	 29.0	3.000	 2.0	 7.0
1	2013	169	15069.0	 23.0	 28.0	3.000	 2.0	 4.0
1	2013	170	11543.0	 23.0	 26.0	3.000	 2.0	 7.0
1	2013	171	15475.0	 23.0	 29.0	3.000	 2.0	 2.0
1	2013	172	16025.0	 22.0	 29.0	3.000	 2.0	 1.0
1	2013	173	17421.0	 23.0	 28.0	3.000	 2.0	 2.0
1	2013	174	12261.0	 22.0	 28.0	3.000	 3.0	 1.0
1	2013	175	13140.0	 21.0	 27.0	3.000	 2.0	 0.0
1	2013	176	9598.0	 22.0	 27.0	3.000	 2.0	 1.0
1	2013	177	15403.0	 21.0	 29.0	3.000	 2.0	 0.0
1	2013	178	15198.0	 21.0	 29.0	3.000	 2.0	 1.0
1	2013	179	12842.0	 22.0	 27.0	3.000	 2.0	10.0
1	2013	180	11794.0	 22.0	 27.0	3.000	 2.0	 3.0
1	2013	181	12669.0	 22.0	 27.0	3.000	 2.0	22.0
1	2013	182	11995.0	 22.0	 28.0	3.000	 1.0	 0.0
1	2013	183	15935.0	 20.0	 29.0	3.000	 2.0	 0.0
1	2013	184	12504.0	 21.0	 28.0	3.000	 2.0	 1.0
1	2013	185	14386.0	 23.0	 28.0	3.000	 2.0	 2.0
1	2013	186	9392.0	 22.0	 27.0	3.000	 2.0	 6.0
1	2013	187	7608.0	 21.0	 25.0	3.000	 2.0	10.0
1	2013	188	15863.0	 22.0	 28.0	3.000	 2.0	 2.0
1	2013	189	13100.0	 22.0	 27.0	3.000	 3.0	 1.0
1	2013	190	10845.0	 22.0	 27.0	3.000	 2.0	 1.0
1	2013	191	13648.0	 21.0	 28.0	3.000	 2.0	 0.0
1	2013	192	10385.0	 22.0	 27.0	3.000	 2.0	12.0
1	2013	193	11156.0	 21.0	 27.0	3.000	 2.0	17.0
1	2013	194	13332.0	 21.0	 28.0	3.000	 1.0	 8.0
1	2013	195	17442.0	 21.0	 29.0	3.000	 2.0	 2.0
1	2013	196	11202.0	 22.0	 27.0	3.000	 2.0	 4.0
1	2013	197	16642.0	 22.0	 28.0	3.000	 2.0	 1.0
1	2013	198	15493.0	 22.0	 29.0	3.000	 2.0	 5.0
1	2013	199	16944.0	 22.0	 29.0	3.000	 2.0	 1.0
1	2013	200	12568.0	 22.0	 27.0	3.000	 2.0	 2.0
1	2013	201	9971.0	 22.0	 26.0	3.000	 2.0	 2.0
1	2013	202	10180.0	 22.0	 27.0	3.000	 2.0	 3.0
1	2013	203	15828.0	 22.0	 28.0	3.000	 2.0	 3.0
1	2013	204	10872.0	 22.0	 27.0	3.000	 3.0	 1.0
1	2013	205	9993.0	 22.0	 27.0	3.000	 3.0	 5.0
1	2013	206	4931.0	 22.0	 24.0	3.000	 2.0	19.0
1	2013	207	13747.0	 22.0	 27.0	3.000	 2.0	 7.0
1	2013	208	14728.0	 22.0	 28.0	3.000	 2.0	 2.0
1	2013	209	10680.0	 22.0	 26.0	3.000	 3.0	 2.0
1	2013	210	14199.0	 22.0	 27.0	3.000	 3.0	 1.0
1	2013	211	14029.0	 22.0	 28.0	3.000	 2.0	 1.0
1	2013	212	7527.0	 22.0	 26.0	3.000	 2.0	 0.0
1	2013	213	12731.0	 21.0	 27.0	3.000	 3.0	 1.0
1	2013	214	8778.0	 22.0	 26.0	2.000	 3.0	 1.0
1	2013	215	13385.0	 21.0	 28.0	2.000	 2.0	 1.0
1	2013	216	15795.0	 21.0	 29.0	3.000	 2.0	 2.0
1	2013	217	15366.0	 22.0	 29.0	3.000	 3.0	 2.0
1	2013	218	13907.0	 22.0	 28.0	3.000	 3.0	 1.0
1	2013	219	10898.0	 22.0	 27.0	3.000	 3.0	 2.0
1	2013	220	13454.0	 22.0	 28.0	3.000	 3.0	 2.0
1	2013	221	14841.0	 22.0	 26.0	2.000	 3.0	 2.0
1	2013	222	11105.0	 21.0	 27.0	2.000	 2.0	 1.0
1	2013	223	13738.0	 20.0	 27.0	2.000	 2.0	 0.0
1	2013	224	12385.0	 21.0	 27.0	2.000	 3.0	 1.0
1	2013	225	12952.0	 21.0	 27.0	2.000	 2.0	 1.0
1	2013	226	8282.0	 21.0	 26.0	2.000	 2.0	 1.0
1	2013	227	10668.0	 22.0	 27.0	2.000	 3.0	 2.0
1	2013	228	8495.0	 21.0	 26.0	3.000	 3.0	 1.0
1	2013	229	15859.0	 22.0	 27.0	3.000	 3.0	 2.0
1	2013	230	12633.0	 22.0	 28.0	3.000	 2.0	 0.0
1	2013	231	13837.0	 21.0	 29.0	3.000	 2.0	 0.0
1	2013	232	8649.0	 22.0	 26.0	3.000	 2.0	 1.0
1	2013	233	16033.0	 22.0	 28.0	3.000	 3.0	 2.0
1	2013	234	19259.0	 22.0	 30.0	3.000	 2.0	 1.0
1	2013	235	10079.0	 23.0	 27.0	3.000	 2.0	 3.0
1	2013	236	9946.0	 22.0	 27.0	3.000	 2.0	 1.0
1	2013	237	12426.0	 22.0	 28.0	3.000	 2.0	 1.0
1	2013	238	13365.0	 22.0	 28.0	3.000	 2.0	 2.0
1	2013	239	15417.0	 22.0	 29.0	3.000	 2.0	 2.0
1	2013	240	17268.0	 22.0	 29.0	3.000	 2.0	 2.0
1	2013	241	13040.0	 22.0	 28.0	3.000	 2.0	 1.0
1	2013	242	8602.0	 22.0	 27.0	3.000	 2.0	13.0
1	2013	243	12441.0	 22.0	 27.0	3.000	 2.0	19.0
1	2013	244	15823.0	 22.0	 29.0	3.000	 3.0	 2.0
1	2013	245	15021.0	 22.0	 27.0	3.000	 2.0	 2.0
1	2013	246	19243.0	 22.0	 29.0	3.000	 2.0	 3.0
1	2013	247	14741.0	 22.0	 29.0	3.000	 2.0	 2.0
1	2013	248	12948.0	 22.0	 28.0	3.000	 2.0	 4.0
1	2013	249	13710.0	 22.0	 28.0	3.000	 2.0	 1.0
1	2013	250	11801.0	 22.0	 27.0	3.000	 2.0	 5.0
1	2013	251	13388.0	 22.0	 29.0	3.000	 2.0	12.0
1	2013	252	9492.0	 22.0	 26.0	3.000	 1.0	 8.0
1	2013	253	8904.0	 22.0	 26.0	3.000	 2.0	 8.0
1	2013	254	13732.0	 22.0	 28.0	3.000	 2.0	 4.0
1	2013	255	10167.0	 22.0	 27.0	3.000	 2.0	 8.0
1	2013	256	16803.0	 22.0	 29.0	3.000	 2.0	 2.0
1	2013	257	14996.0	 22.0	 30.0	3.000	 1.0	 7.0
1	2013	258	15358.0	 22.0	 28.0	3.000	 2.0	 2.0
1	2013	259	14691.0	 23.0	 29.0	3.000	 2.0	 3.0
1	2013	260	14229.0	 22.0	 29.0	3.000	 1.0	 1.0
1	2013	261	14491.0	 21.0	 30.0	3.000	 1.0	 1.0
1	2013	262	11227.0	 23.0	 29.0	3.000	 2.0	 2.0
1	2013	263	13004.0	 23.0	 29.0	3.000	 2.0	 7.0
1	2013	264	15833.0	 23.0	 29.0	3.000	 2.0	16.0
1	2013	265	11419.0	 23.0	 28.0	3.000	 2.0	 2.0
1	2013	266	9589.0	 23.0	 27.0	3.000	 3.0	 3.0
1	2013	267	3580.0	 22.0	 24.0	3.000	 2.0	 7.0
1	2013	268	11078.0	 22.0	 28.0	3.000	 2.0	 7.0
1	2013	269	14409.0	 22.0	 28.0	3.000	 1.0	 2.0
1	2013	270	13712.0	 22.0	 28.0	3.000	 2.0	 3.0
1	2013	271	8675.0	 22.0	 25.0	3.000	 2.0	 6.0
1	2013	272	16371.0	 22.0	 29.0	3.000	 2.0	 2.0
1	2013	273	16443.0	 22.0	 29.0	3.000	 2.0	 1.0
1	2013	274	15053.0	 22.0	 28.0	3.000	 2.0	 2.0
1	2013	275	15140.0	 22.0	 29.0	3.000	 2.0	 5.0
1	2013	276	11899.0	 22.0	 28.0	3.000	 2.0	10.0
1	2013	277	11797.0	 22.0	 28.0	3.000	 2.0	10.0
1	2013	278	7051.0	 21.0	 25.0	3.000	 1.0	11.0
1	2013	279	17603.0	 21.0	 29.0	3.000	 1.0	 2.0
1	2013	280	14667.0	 22.0	 28.0	3.000	 1.0	 5.0
1	2013	281	15625.0	 22.0	 29.0	3.000	 1.0	 8.0
1	2013	282	12608.0	 22.0	 27.0	3.000	 2.0	 1.0
1	2013	283	18195.0	 22.0	 29.0	3.000	 2.0	 3.0
1	2013	284	16431.0	 20.0	 29.0	3.000	 1.0	 4.0
1	2013	285	18423.0	 22.0	 31.0	3.000	 1.0	 7.0
1	2013	286	15890.0	 23.0	 30.0	3.000	 2.0	 0.0
1	2013	287	16180.0	 23.0	 30.0	3.000	 1.0	 3.0
1	2013	288	14958.0	 22.0	 28.0	3.000	 1.0	11.0
1	2013	289	17459.0	 22.0	 30.0	3.000	 1.0	 1.0
1	2013	290	14334.0	 23.0	 29.0	3.000	 1.0	 4.0
1	2013	291	18311.0	 23.0	 31.0	3.000	 1.0	 9.0
1	2013	292	17412.0	 23.0	 30.0	3.000	 1.0	 4.0
1	2013	293	16324.0	 23.0	 30.0	3.000	 1.0	 4.0
1	2013	294	16107.0	 23.0	 29.0	3.000	 1.0	 3.0
1	2013	295	15586.0	 22.0	 30.0	3.000	 1.0	 2.0
1	2013	296	15074.0	 23.0	 29.0	3.000	 1.0	 7.0
1	2013	297	17261.0	 22.0	 31.0	3.000	 1.0	 0.0
1	2013	298	16728.0	 23.0	 29.0	3.000	 1.0	 7.0
1	2013	299	15822.0	 22.0	 29.0	3.000	 1.0	 5.0
1	2013	300	15376.0	 22.0	 30.0	3.000	 1.0	13.0
1	2013	301	20988.0	 22.0	 32.0	3.000	 1.0	 1.0
1	2013	302	15720.0	 23.0	 30.0	3.000	 1.0	16.0
1	2013	303	13623.0	 22.0	 28.0	3.000	 1.0	 5.0
1	2013	304	17625.0	 21.0	 30.0	3.000	 1.0	 3.0
1	2013	305	13735.0	 22.0	 28.0	3.000	 1.0	 9.0
1	2013	306	13135.0	 21.0	 28.0	3.000	 1.0	 4.0
1	2013	307	15415.0	 22.0	 30.0	3.000	 1.0	 4.0
1	2013	308	16584.0	 22.0	 30.0	3.000	 1.0	 6.0
1	2013	309	16049.0	 21.0	 30.0	3.000	 1.0	 1.0
1	2013	310	15909.0	 21.0	 30.0	3.000	 1.0	 1.0
1	2013	311	15490.0	 22.0	 30.0	3.000	 1.0	 3.0
1	2013	312	16423.0	 21.0	 30.0	3.000	 1.0	15.0
1	2013	313	16982.0	 22.0	 30.0	3.000	 1.0	 4.0
1	2013	314	17632.0	 21.0	 30.0	3.000	 1.0	 1.0
1	2013	315	16875.0	 22.0	 30.0	3.000	 2.0	 8.0
1	2013	316	14864.0	 23.0	 29.0	3.000	 2.0	 1.0
1	2013	317	15225.0	 23.0	 30.0	3.000	 2.0	 6.0
1	2013	318	13283.0	 22.0	 29.0	3.000	 2.0	 4.0
1	2013	319	12857.0	 23.0	 29.0	3.000	 2.0	20.0
1	2013	320	13859.0	 22.0	 29.0	3.000	 1.0	 4.0
1	2013	321	18324.0	 22.0	 30.0	3.000	 1.0	 1.0
1	2013	322	14610.0	 22.0	 30.0	3.000	 1.0	 3.0
1	2013	323	13244.0	 23.0	 29.0	3.000	 2.0	 3.0
1	2013	324	14604.0	 22.0	 29.0	3.000	 1.0	 9.0
1	2013	325	13913.0	 22.0	 29.0	3.000	 1.0	 5.0
1	2013	326	14915.0	 22.0	 30.0	3.000	 1.0	11.0
1	2013	327	14527.0	 23.0	 29.0	3.000	 1.0	 3.0
1	2013	328	12159.0	 22.0	 28.0	3.000	 2.0	12.0
1	2013	329	10618.0	 21.0	 28.0	3.000	 1.0	 3.0
1	2013	330	13415.0	 22.0	 29.0	3.000	 1.0	11.0
1	2013	331	15407.0	 22.0	 30.0	3.000	 1.0	 2.0
1	2013	332	18157.0	 22.0	 31.0	3.000	 1.0	 2.0
1	2013	333	14009.0	 22.0	 30.0	3.000	 1.0	 1.0
1	2013	334	16490.0	 24.0	 31.0	3.000	 2.0	 1.0
1	2013	335	15268.0	 23.0	 30.0	3.000	 2.0	 2.0
1	2013	336	17208.0	 23.0	 31.0	3.000	 1.0	 1.0
1	2013	337	11345.0	 22.0	 28.0	3.000	 1.0	14.0
1	2013	338	12565.0	 23.0	 29.0	3.000	 1.0	 1.0
1	2013	339	17432.0	 22.0	 31.0	3.000	 1.0	 1.0
1	2013	340	16819.0	 24.0	 30.0	3.000	 2.0	 1.0
1	2013	341	15307.0	 23.0	 29.0	3.000	 1.0	 2.0
1	2013	342	19475.0	 22.0	 30.0	3.000	 1.0	 0.0
1	2013	343	19794.0	 22.0	 31.0	3.000	 1.0	 0.0
1	2013	344	18994.0	 22.0	 30.0	3.000	 2.0	 0.0
1	2013	345	14719.0	 23.0	 30.0	3.000	 2.0	 2.0
1	2013	346	15417.0	 22.0	 30.0	3.000	 2.0	 5.0
1	2013	347	15782.0	 23.0	 30.0	3.000	 1.0	 0.0
1	2013	348	11456.0	 22.0	 27.0	3.000	 1.0	 7.0
1	2013	349	17808.0	 21.0	 30.0	3.000	 0.0	 2.0
1	2013	350	15120.0	 22.0	 28.0	3.000	 1.0	 2.0
1	2013	351	19895.0	 21.0	 31.0	2.000	 1.0	 0.0
1	2013	352	21498.0	 21.0	 31.0	2.000	 1.0	 0.0
1	2013	353	19772.0	 20.0	 30.0	2.000	 0.0	 0.0
1	2013	354	19081.0	 20.0	 30.0	3.000	 1.0	 0.0
1	2013	355	17753.0	 21.0	 31.0	3.000	 1.0	 0.0
1	2013	356	18400.0	 21.0	 31.0	3.000	 1.0	 0.0
1	2013	357	18493.0	 23.0	 31.0	3.000	 1.0	 0.0
1	2013	358	17961.0	 22.0	 31.0	2.000	 1.0	 0.0
1	2013	359	20134.0	 21.0	 32.0	2.000	 1.0	 0.0
1	2013	360	18713.0	 22.0	 32.0	3.000	 1.0	 0.0
1	2013	361	16691.0	 23.0	 32.0	3.000	 2.0	 0.0
1	2013	362	18462.0	 23.0	 32.0	3.000	 2.0	 0.0
1	2013	363	14329.0	 24.0	 30.0	3.000	 2.0	 1.0
1	2013	364	14411.0	 23.0	 30.0	3.000	 2.0	 2.0
1	2013	365	13429.0	 23.0	 29.0	3.000	 2.0	 2.0
