*---------------------------------------------------
* Station: Western
* Year: 2015
* Origin: ERA5-Reanalysis
* Columns & units
* ===================
* 1. station number
* 2. year
* 3. Day of Year
* 4. Irradiance   (kJ路m-2路d-1)
* 5. Daily minimum temperature (degC)
* 6. Daily maximum temperature (degC)
* 7. Vapour pressure (kPa)
* 8. Mean wind speed (m路s-1)
* 9. Precipitation (mm路d-1)
** WCCDESCRIPTION=Western
** WCCFORMAT=2
** WCCYEARNR=2015
*------------------------------------------------------------*
-2.41  5.74  107.00 -0.18  -0.55
1	2015	1	13388.0	 20.0	 29.0	2.000	 1.0	 0.0
1	2015	2	22101.0	 21.0	 32.0	2.000	 1.0	 0.0
1	2015	3	17863.0	 20.0	 30.0	2.000	 1.0	 0.0
1	2015	4	18158.0	 21.0	 31.0	3.000	 1.0	 0.0
1	2015	5	19641.0	 23.0	 31.0	2.000	 0.0	 0.0
1	2015	6	21062.0	 22.0	 31.0	2.000	 1.0	 0.0
1	2015	7	20837.0	 19.0	 31.0	2.000	 1.0	 0.0
1	2015	8	14381.0	 21.0	 30.0	2.000	 1.0	 0.0
1	2015	9	20634.0	 22.0	 32.0	3.000	 1.0	 0.0
1	2015	10	22656.0	 21.0	 32.0	2.000	 1.0	 0.0
1	2015	11	23076.0	 18.0	 32.0	2.000	 1.0	 0.0
1	2015	12	22923.0	 17.0	 33.0	2.000	 0.0	 0.0
1	2015	13	23339.0	 16.0	 32.0	2.000	 0.0	 0.0
1	2015	14	22455.0	 18.0	 31.0	2.000	 1.0	 0.0
1	2015	15	20959.0	 19.0	 32.0	2.000	 1.0	 0.0
1	2015	16	19180.0	 20.0	 32.0	2.000	 1.0	 0.0
1	2015	17	16231.0	 21.0	 32.0	3.000	 1.0	 0.0
1	2015	18	18938.0	 21.0	 33.0	3.000	 2.0	 0.0
1	2015	19	18884.0	 24.0	 33.0	3.000	 2.0	 0.0
1	2015	20	17720.0	 24.0	 32.0	3.000	 2.0	 3.0
1	2015	21	18015.0	 23.0	 31.0	3.000	 2.0	 1.0
1	2015	22	18805.0	 22.0	 32.0	3.000	 1.0	 0.0
1	2015	23	17003.0	 24.0	 32.0	3.000	 2.0	 1.0
1	2015	24	18646.0	 24.0	 32.0	3.000	 2.0	 2.0
1	2015	25	16322.0	 24.0	 31.0	3.000	 2.0	 4.0
1	2015	26	15864.0	 23.0	 31.0	3.000	 2.0	10.0
1	2015	27	13432.0	 23.0	 29.0	3.000	 2.0	 1.0
1	2015	28	19465.0	 24.0	 32.0	3.000	 2.0	 0.0
1	2015	29	18781.0	 24.0	 32.0	3.000	 2.0	 1.0
1	2015	30	19248.0	 24.0	 32.0	3.000	 2.0	 0.0
1	2015	31	15892.0	 24.0	 31.0	3.000	 2.0	 8.0
1	2015	32	14103.0	 23.0	 30.0	3.000	 1.0	 6.0
1	2015	33	15433.0	 24.0	 31.0	3.000	 2.0	 1.0
1	2015	34	16658.0	 24.0	 31.0	3.000	 2.0	 2.0
1	2015	35	13384.0	 24.0	 31.0	3.000	 2.0	 1.0
1	2015	36	14982.0	 24.0	 30.0	3.000	 2.0	 2.0
1	2015	37	15218.0	 24.0	 31.0	3.000	 2.0	 1.0
1	2015	38	15575.0	 24.0	 30.0	3.000	 2.0	16.0
1	2015	39	14956.0	 24.0	 31.0	3.000	 2.0	 4.0
1	2015	40	18143.0	 24.0	 32.0	3.000	 2.0	 1.0
1	2015	41	17413.0	 24.0	 32.0	3.000	 2.0	 1.0
1	2015	42	15066.0	 24.0	 31.0	3.000	 1.0	 9.0
1	2015	43	10995.0	 22.0	 28.0	3.000	 2.0	 0.0
1	2015	44	16044.0	 23.0	 31.0	3.000	 2.0	 3.0
1	2015	45	16297.0	 24.0	 31.0	3.000	 2.0	 1.0
1	2015	46	15586.0	 24.0	 31.0	3.000	 2.0	 1.0
1	2015	47	15998.0	 23.0	 31.0	3.000	 2.0	13.0
1	2015	48	15811.0	 24.0	 30.0	3.000	 2.0	13.0
1	2015	49	15874.0	 24.0	 30.0	3.000	 2.0	 2.0
1	2015	50	12689.0	 23.0	 29.0	3.000	 2.0	 8.0
1	2015	51	15384.0	 22.0	 31.0	3.000	 1.0	 2.0
1	2015	52	16990.0	 23.0	 30.0	3.000	 2.0	 4.0
1	2015	53	16445.0	 23.0	 31.0	3.000	 1.0	 3.0
1	2015	54	17562.0	 23.0	 31.0	3.000	 1.0	 0.0
1	2015	55	20320.0	 24.0	 33.0	3.000	 1.0	 0.0
1	2015	56	20269.0	 24.0	 33.0	3.000	 2.0	 0.0
1	2015	57	17379.0	 24.0	 31.0	3.000	 2.0	 1.0
1	2015	58	19136.0	 24.0	 32.0	3.000	 1.0	 2.0
1	2015	59	18047.0	 23.0	 31.0	3.000	 1.0	 4.0
1	2015	60	19743.0	 24.0	 33.0	3.000	 1.0	 0.0
1	2015	61	22901.0	 24.0	 34.0	3.000	 2.0	 0.0
1	2015	62	17791.0	 24.0	 32.0	3.000	 2.0	 1.0
1	2015	63	19357.0	 24.0	 32.0	3.000	 2.0	 2.0
1	2015	64	17993.0	 23.0	 32.0	3.000	 1.0	 6.0
1	2015	65	15963.0	 23.0	 32.0	3.000	 1.0	 3.0
1	2015	66	18442.0	 23.0	 32.0	3.000	 2.0	 2.0
1	2015	67	18351.0	 24.0	 32.0	3.000	 2.0	 5.0
1	2015	68	17245.0	 24.0	 32.0	3.000	 2.0	 4.0
1	2015	69	17232.0	 25.0	 33.0	3.000	 2.0	 2.0
1	2015	70	17653.0	 24.0	 32.0	3.000	 2.0	 2.0
1	2015	71	16756.0	 25.0	 31.0	3.000	 2.0	 7.0
1	2015	72	17777.0	 23.0	 31.0	3.000	 1.0	10.0
1	2015	73	18301.0	 23.0	 31.0	3.000	 1.0	 7.0
1	2015	74	13705.0	 24.0	 31.0	3.000	 2.0	 6.0
1	2015	75	16433.0	 24.0	 32.0	3.000	 2.0	13.0
1	2015	76	17413.0	 24.0	 31.0	3.000	 2.0	 3.0
1	2015	77	18678.0	 23.0	 31.0	3.000	 1.0	 5.0
1	2015	78	17415.0	 24.0	 31.0	3.000	 2.0	 3.0
1	2015	79	14534.0	 24.0	 31.0	3.000	 2.0	 6.0
1	2015	80	16920.0	 23.0	 31.0	3.000	 2.0	 7.0
1	2015	81	14245.0	 23.0	 31.0	3.000	 1.0	 0.0
1	2015	82	17198.0	 24.0	 31.0	3.000	 2.0	 1.0
1	2015	83	19211.0	 24.0	 32.0	3.000	 3.0	 1.0
1	2015	84	14048.0	 24.0	 30.0	3.000	 2.0	15.0
1	2015	85	16555.0	 24.0	 31.0	3.000	 2.0	 7.0
1	2015	86	16296.0	 22.0	 31.0	3.000	 2.0	 0.0
1	2015	87	13581.0	 24.0	 30.0	3.000	 2.0	 1.0
1	2015	88	19335.0	 24.0	 32.0	3.000	 2.0	 3.0
1	2015	89	16584.0	 24.0	 31.0	3.000	 2.0	 2.0
1	2015	90	14822.0	 22.0	 30.0	3.000	 1.0	 3.0
1	2015	91	15348.0	 23.0	 30.0	3.000	 1.0	 4.0
1	2015	92	20283.0	 22.0	 32.0	3.000	 1.0	 0.0
1	2015	93	18259.0	 24.0	 32.0	3.000	 2.0	 1.0
1	2015	94	15059.0	 24.0	 31.0	3.000	 2.0	12.0
1	2015	95	17610.0	 24.0	 31.0	3.000	 2.0	 8.0
1	2015	96	19542.0	 22.0	 32.0	3.000	 1.0	 1.0
1	2015	97	20457.0	 23.0	 32.0	3.000	 1.0	 1.0
1	2015	98	14681.0	 23.0	 31.0	3.000	 1.0	12.0
1	2015	99	13020.0	 23.0	 30.0	3.000	 1.0	11.0
1	2015	100	18873.0	 22.0	 31.0	3.000	 2.0	 5.0
1	2015	101	16391.0	 23.0	 31.0	3.000	 1.0	 8.0
1	2015	102	10958.0	 23.0	 28.0	3.000	 1.0	 7.0
1	2015	103	21838.0	 23.0	 32.0	3.000	 1.0	 0.0
1	2015	104	20506.0	 22.0	 32.0	3.000	 1.0	 1.0
1	2015	105	18900.0	 24.0	 31.0	3.000	 2.0	 2.0
1	2015	106	20032.0	 24.0	 31.0	3.000	 2.0	 3.0
1	2015	107	20256.0	 24.0	 31.0	3.000	 1.0	 1.0
1	2015	108	18780.0	 23.0	 31.0	3.000	 1.0	 5.0
1	2015	109	18922.0	 23.0	 31.0	3.000	 1.0	 2.0
1	2015	110	18007.0	 23.0	 31.0	3.000	 1.0	 3.0
1	2015	111	21290.0	 22.0	 32.0	3.000	 2.0	 3.0
1	2015	112	19436.0	 24.0	 32.0	3.000	 2.0	 1.0
1	2015	113	17531.0	 23.0	 31.0	3.000	 2.0	 0.0
1	2015	114	13588.0	 24.0	 30.0	3.000	 2.0	12.0
1	2015	115	16769.0	 23.0	 31.0	3.000	 2.0	 2.0
1	2015	116	21700.0	 23.0	 32.0	3.000	 2.0	 1.0
1	2015	117	19919.0	 23.0	 32.0	3.000	 2.0	 0.0
1	2015	118	16301.0	 23.0	 30.0	3.000	 2.0	 1.0
1	2015	119	17571.0	 23.0	 31.0	3.000	 2.0	 2.0
1	2015	120	20393.0	 23.0	 32.0	3.000	 2.0	 2.0
1	2015	121	17231.0	 23.0	 31.0	3.000	 2.0	 9.0
1	2015	122	17778.0	 23.0	 32.0	3.000	 2.0	 1.0
1	2015	123	18728.0	 23.0	 31.0	3.000	 2.0	 3.0
1	2015	124	11964.0	 22.0	 29.0	3.000	 1.0	 3.0
1	2015	125	15313.0	 22.0	 29.0	3.000	 1.0	 7.0
1	2015	126	16269.0	 23.0	 31.0	3.000	 1.0	12.0
1	2015	127	19253.0	 23.0	 31.0	3.000	 2.0	 0.0
1	2015	128	18665.0	 24.0	 31.0	3.000	 2.0	 3.0
1	2015	129	18752.0	 23.0	 31.0	3.000	 2.0	 2.0
1	2015	130	19129.0	 24.0	 31.0	3.000	 2.0	 1.0
1	2015	131	18199.0	 24.0	 32.0	3.000	 2.0	 1.0
1	2015	132	18180.0	 23.0	 31.0	3.000	 1.0	 3.0
1	2015	133	19779.0	 24.0	 32.0	3.000	 1.0	 1.0
1	2015	134	15398.0	 24.0	 30.0	3.000	 2.0	11.0
1	2015	135	13735.0	 24.0	 29.0	3.000	 1.0	 6.0
1	2015	136	17785.0	 22.0	 31.0	3.000	 1.0	 7.0
1	2015	137	17178.0	 24.0	 31.0	3.000	 2.0	 6.0
1	2015	138	14632.0	 24.0	 30.0	3.000	 1.0	 2.0
1	2015	139	15531.0	 24.0	 30.0	3.000	 1.0	 5.0
1	2015	140	17478.0	 23.0	 31.0	3.000	 1.0	 1.0
1	2015	141	17452.0	 23.0	 30.0	3.000	 1.0	 2.0
1	2015	142	15774.0	 23.0	 31.0	3.000	 2.0	 6.0
1	2015	143	9437.0	 23.0	 27.0	3.000	 2.0	 5.0
1	2015	144	13484.0	 22.0	 29.0	3.000	 1.0	 1.0
1	2015	145	18265.0	 23.0	 31.0	3.000	 1.0	 2.0
1	2015	146	15947.0	 24.0	 30.0	3.000	 2.0	 3.0
1	2015	147	13860.0	 23.0	 29.0	3.000	 2.0	 3.0
1	2015	148	11398.0	 22.0	 29.0	3.000	 1.0	13.0
1	2015	149	13435.0	 23.0	 29.0	3.000	 1.0	 5.0
1	2015	150	18059.0	 23.0	 30.0	3.000	 1.0	 2.0
1	2015	151	11207.0	 23.0	 29.0	3.000	 2.0	17.0
1	2015	152	10797.0	 23.0	 27.0	3.000	 2.0	 6.0
1	2015	153	13177.0	 23.0	 29.0	3.000	 2.0	 2.0
1	2015	154	14521.0	 23.0	 30.0	3.000	 0.0	 9.0
1	2015	155	10827.0	 22.0	 27.0	3.000	 1.0	20.0
1	2015	156	9910.0	 22.0	 26.0	3.000	 1.0	21.0
1	2015	157	12173.0	 23.0	 29.0	3.000	 1.0	12.0
1	2015	158	15443.0	 21.0	 29.0	3.000	 1.0	 2.0
1	2015	159	13438.0	 22.0	 29.0	3.000	 1.0	 3.0
1	2015	160	14507.0	 23.0	 29.0	3.000	 2.0	 6.0
1	2015	161	5341.0	 23.0	 25.0	3.000	 1.0	20.0
1	2015	162	17011.0	 22.0	 29.0	3.000	 1.0	 3.0
1	2015	163	17640.0	 23.0	 30.0	3.000	 2.0	 1.0
1	2015	164	14741.0	 23.0	 29.0	3.000	 2.0	 2.0
1	2015	165	12767.0	 23.0	 28.0	3.000	 1.0	 5.0
1	2015	166	13220.0	 22.0	 28.0	3.000	 2.0	 3.0
1	2015	167	11339.0	 22.0	 27.0	3.000	 2.0	 1.0
1	2015	168	14870.0	 22.0	 29.0	3.000	 2.0	 4.0
1	2015	169	14216.0	 23.0	 28.0	3.000	 3.0	 2.0
1	2015	170	13449.0	 23.0	 29.0	3.000	 2.0	 3.0
1	2015	171	15255.0	 23.0	 29.0	3.000	 2.0	 3.0
1	2015	172	11592.0	 23.0	 28.0	3.000	 2.0	 5.0
1	2015	173	11113.0	 22.0	 27.0	3.000	 2.0	 2.0
1	2015	174	17426.0	 23.0	 29.0	3.000	 2.0	 1.0
1	2015	175	15196.0	 22.0	 28.0	3.000	 2.0	 2.0
1	2015	176	12895.0	 23.0	 28.0	3.000	 2.0	 2.0
1	2015	177	12999.0	 23.0	 28.0	3.000	 2.0	 6.0
1	2015	178	16107.0	 23.0	 29.0	3.000	 2.0	 2.0
1	2015	179	10115.0	 22.0	 27.0	3.000	 2.0	16.0
1	2015	180	8890.0	 22.0	 27.0	3.000	 2.0	 4.0
1	2015	181	13769.0	 23.0	 28.0	3.000	 2.0	 3.0
1	2015	182	17158.0	 23.0	 30.0	3.000	 2.0	 6.0
1	2015	183	16322.0	 23.0	 29.0	3.000	 2.0	 2.0
1	2015	184	12061.0	 23.0	 28.0	3.000	 2.0	 1.0
1	2015	185	13511.0	 23.0	 29.0	3.000	 2.0	 4.0
1	2015	186	14445.0	 23.0	 29.0	3.000	 2.0	 2.0
1	2015	187	14771.0	 23.0	 30.0	3.000	 2.0	 2.0
1	2015	188	17566.0	 23.0	 30.0	3.000	 1.0	 1.0
1	2015	189	14589.0	 23.0	 29.0	3.000	 2.0	 2.0
1	2015	190	13282.0	 23.0	 28.0	3.000	 2.0	 7.0
1	2015	191	14028.0	 23.0	 30.0	3.000	 1.0	 7.0
1	2015	192	16146.0	 23.0	 30.0	3.000	 1.0	11.0
1	2015	193	14935.0	 23.0	 29.0	3.000	 2.0	 9.0
1	2015	194	16395.0	 23.0	 29.0	3.000	 2.0	 9.0
1	2015	195	17447.0	 22.0	 30.0	3.000	 2.0	 3.0
1	2015	196	14349.0	 23.0	 29.0	3.000	 2.0	13.0
1	2015	197	10162.0	 22.0	 27.0	3.000	 2.0	 2.0
1	2015	198	15236.0	 21.0	 29.0	3.000	 1.0	 2.0
1	2015	199	14020.0	 23.0	 29.0	3.000	 2.0	 3.0
1	2015	200	15391.0	 23.0	 29.0	3.000	 3.0	 2.0
1	2015	201	17299.0	 23.0	 28.0	3.000	 3.0	 2.0
1	2015	202	15050.0	 23.0	 27.0	3.000	 3.0	 1.0
1	2015	203	16604.0	 22.0	 28.0	3.000	 2.0	 2.0
1	2015	204	15399.0	 22.0	 28.0	3.000	 2.0	 1.0
1	2015	205	16092.0	 22.0	 29.0	3.000	 2.0	 1.0
1	2015	206	14936.0	 22.0	 27.0	3.000	 2.0	 2.0
1	2015	207	13443.0	 22.0	 28.0	3.000	 2.0	 1.0
1	2015	208	15424.0	 21.0	 27.0	3.000	 3.0	 2.0
1	2015	209	13935.0	 22.0	 27.0	3.000	 3.0	 1.0
1	2015	210	14311.0	 22.0	 28.0	3.000	 2.0	 1.0
1	2015	211	9353.0	 21.0	 27.0	2.000	 2.0	 1.0
1	2015	212	14264.0	 21.0	 27.0	3.000	 2.0	 2.0
1	2015	213	14124.0	 22.0	 27.0	3.000	 2.0	 2.0
1	2015	214	13848.0	 21.0	 29.0	3.000	 2.0	 4.0
1	2015	215	16020.0	 23.0	 29.0	3.000	 2.0	 2.0
1	2015	216	13941.0	 23.0	 28.0	3.000	 3.0	 2.0
1	2015	217	14602.0	 22.0	 29.0	3.000	 2.0	 1.0
1	2015	218	13990.0	 22.0	 29.0	3.000	 2.0	 1.0
1	2015	219	12905.0	 22.0	 29.0	3.000	 2.0	 4.0
1	2015	220	14386.0	 23.0	 28.0	3.000	 2.0	 3.0
1	2015	221	14442.0	 22.0	 29.0	3.000	 2.0	 2.0
1	2015	222	12539.0	 22.0	 28.0	3.000	 2.0	10.0
1	2015	223	15836.0	 22.0	 28.0	3.000	 3.0	 2.0
1	2015	224	18519.0	 22.0	 30.0	3.000	 2.0	 2.0
1	2015	225	17845.0	 22.0	 30.0	3.000	 2.0	 1.0
1	2015	226	8093.0	 23.0	 26.0	3.000	 2.0	 1.0
1	2015	227	8748.0	 23.0	 27.0	3.000	 3.0	 2.0
1	2015	228	13972.0	 22.0	 29.0	3.000	 2.0	 3.0
1	2015	229	13032.0	 23.0	 28.0	3.000	 2.0	 1.0
1	2015	230	6069.0	 23.0	 26.0	3.000	 2.0	 1.0
1	2015	231	7000.0	 22.0	 27.0	3.000	 2.0	 1.0
1	2015	232	8169.0	 23.0	 27.0	3.000	 2.0	 1.0
1	2015	233	8248.0	 23.0	 27.0	3.000	 2.0	 5.0
1	2015	234	12053.0	 22.0	 28.0	3.000	 2.0	 1.0
1	2015	235	11327.0	 22.0	 29.0	3.000	 1.0	 1.0
1	2015	236	12361.0	 22.0	 28.0	3.000	 2.0	 3.0
1	2015	237	13032.0	 23.0	 29.0	3.000	 3.0	 1.0
1	2015	238	16053.0	 22.0	 29.0	3.000	 2.0	 1.0
1	2015	239	10048.0	 22.0	 28.0	3.000	 2.0	 1.0
1	2015	240	13434.0	 22.0	 28.0	3.000	 2.0	 2.0
1	2015	241	17086.0	 22.0	 29.0	3.000	 2.0	 2.0
1	2015	242	16296.0	 22.0	 29.0	3.000	 2.0	 1.0
1	2015	243	16046.0	 22.0	 29.0	3.000	 3.0	 1.0
1	2015	244	8244.0	 22.0	 27.0	3.000	 2.0	 1.0
1	2015	245	12923.0	 22.0	 28.0	3.000	 3.0	 1.0
1	2015	246	13602.0	 23.0	 29.0	3.000	 2.0	 1.0
1	2015	247	14730.0	 22.0	 29.0	3.000	 2.0	 1.0
1	2015	248	15245.0	 22.0	 29.0	3.000	 2.0	 3.0
1	2015	249	4797.0	 22.0	 25.0	3.000	 2.0	 2.0
1	2015	250	16095.0	 22.0	 30.0	3.000	 2.0	 2.0
1	2015	251	10265.0	 22.0	 27.0	3.000	 2.0	 1.0
1	2015	252	14771.0	 22.0	 29.0	3.000	 2.0	 1.0
1	2015	253	13050.0	 22.0	 29.0	3.000	 2.0	 0.0
1	2015	254	16542.0	 22.0	 30.0	3.000	 1.0	 2.0
1	2015	255	16405.0	 22.0	 30.0	3.000	 2.0	 2.0
1	2015	256	17200.0	 23.0	 29.0	3.000	 3.0	 1.0
1	2015	257	15484.0	 22.0	 30.0	3.000	 2.0	 2.0
1	2015	258	4492.0	 22.0	 23.0	3.000	 2.0	23.0
1	2015	259	15396.0	 22.0	 29.0	3.000	 2.0	 3.0
1	2015	260	7907.0	 23.0	 27.0	3.000	 2.0	 0.0
1	2015	261	16293.0	 23.0	 29.0	3.000	 3.0	 2.0
1	2015	262	14601.0	 23.0	 29.0	3.000	 2.0	 2.0
1	2015	263	13699.0	 23.0	 29.0	3.000	 2.0	 2.0
1	2015	264	12995.0	 22.0	 28.0	3.000	 2.0	18.0
1	2015	265	12632.0	 22.0	 28.0	3.000	 2.0	 3.0
1	2015	266	16407.0	 22.0	 29.0	3.000	 2.0	 3.0
1	2015	267	15949.0	 22.0	 30.0	3.000	 2.0	 3.0
1	2015	268	10137.0	 23.0	 29.0	3.000	 2.0	11.0
1	2015	269	15999.0	 23.0	 29.0	3.000	 2.0	 1.0
1	2015	270	18164.0	 23.0	 30.0	3.000	 2.0	 3.0
1	2015	271	14668.0	 23.0	 29.0	3.000	 2.0	 2.0
1	2015	272	16188.0	 23.0	 29.0	3.000	 2.0	 1.0
1	2015	273	13622.0	 23.0	 29.0	3.000	 1.0	 5.0
1	2015	274	14029.0	 23.0	 29.0	3.000	 2.0	 2.0
1	2015	275	16736.0	 23.0	 29.0	3.000	 2.0	 3.0
1	2015	276	13137.0	 23.0	 29.0	3.000	 2.0	 9.0
1	2015	277	16745.0	 23.0	 30.0	3.000	 1.0	 3.0
1	2015	278	18017.0	 23.0	 31.0	3.000	 2.0	 3.0
1	2015	279	14892.0	 23.0	 30.0	3.000	 2.0	 6.0
1	2015	280	10453.0	 23.0	 27.0	3.000	 2.0	12.0
1	2015	281	15045.0	 22.0	 29.0	3.000	 1.0	 7.0
1	2015	282	12125.0	 22.0	 28.0	3.000	 1.0	 6.0
1	2015	283	14329.0	 22.0	 29.0	3.000	 1.0	 7.0
1	2015	284	17536.0	 22.0	 29.0	3.000	 1.0	 3.0
1	2015	285	18267.0	 23.0	 30.0	3.000	 1.0	 2.0
1	2015	286	18437.0	 23.0	 30.0	3.000	 1.0	 1.0
1	2015	287	14486.0	 23.0	 29.0	3.000	 2.0	 7.0
1	2015	288	13519.0	 24.0	 30.0	3.000	 1.0	10.0
1	2015	289	17601.0	 23.0	 30.0	3.000	 1.0	 3.0
1	2015	290	14826.0	 24.0	 29.0	3.000	 2.0	 2.0
1	2015	291	16897.0	 23.0	 30.0	3.000	 1.0	 2.0
1	2015	292	16400.0	 23.0	 30.0	3.000	 2.0	 4.0
1	2015	293	12742.0	 23.0	 29.0	3.000	 1.0	 6.0
1	2015	294	13622.0	 23.0	 29.0	3.000	 1.0	12.0
1	2015	295	11138.0	 23.0	 28.0	3.000	 1.0	 4.0
1	2015	296	18495.0	 23.0	 30.0	3.000	 1.0	 4.0
1	2015	297	17286.0	 23.0	 31.0	3.000	 2.0	 3.0
1	2015	298	15300.0	 23.0	 30.0	3.000	 1.0	 9.0
1	2015	299	17951.0	 22.0	 30.0	3.000	 1.0	 5.0
1	2015	300	16235.0	 23.0	 30.0	3.000	 1.0	 7.0
1	2015	301	14868.0	 23.0	 29.0	3.000	 1.0	 4.0
1	2015	302	18843.0	 23.0	 31.0	3.000	 1.0	 2.0
1	2015	303	15978.0	 23.0	 30.0	3.000	 1.0	13.0
1	2015	304	12708.0	 22.0	 28.0	3.000	 1.0	12.0
1	2015	305	9496.0	 22.0	 26.0	3.000	 1.0	11.0
1	2015	306	12393.0	 22.0	 29.0	3.000	 0.0	11.0
1	2015	307	16475.0	 22.0	 30.0	3.000	 1.0	 1.0
1	2015	308	18315.0	 21.0	 31.0	3.000	 2.0	 0.0
1	2015	309	18746.0	 23.0	 31.0	3.000	 1.0	 2.0
1	2015	310	17534.0	 22.0	 30.0	3.000	 1.0	 5.0
1	2015	311	12763.0	 22.0	 28.0	3.000	 1.0	14.0
1	2015	312	16332.0	 22.0	 30.0	3.000	 1.0	 5.0
1	2015	313	17312.0	 22.0	 30.0	3.000	 1.0	 8.0
1	2015	314	16806.0	 22.0	 30.0	3.000	 1.0	 1.0
1	2015	315	18397.0	 22.0	 31.0	3.000	 1.0	 2.0
1	2015	316	16476.0	 22.0	 31.0	3.000	 1.0	 3.0
1	2015	317	16945.0	 23.0	 31.0	3.000	 1.0	 2.0
1	2015	318	18307.0	 23.0	 31.0	3.000	 1.0	 1.0
1	2015	319	17399.0	 23.0	 30.0	3.000	 2.0	 1.0
1	2015	320	17224.0	 23.0	 30.0	3.000	 1.0	 1.0
1	2015	321	12887.0	 23.0	 28.0	3.000	 1.0	 6.0
1	2015	322	16667.0	 22.0	 30.0	3.000	 1.0	 2.0
1	2015	323	16686.0	 22.0	 30.0	3.000	 1.0	 1.0
1	2015	324	17057.0	 23.0	 30.0	3.000	 1.0	 1.0
1	2015	325	15076.0	 22.0	 30.0	3.000	 1.0	 1.0
1	2015	326	13730.0	 23.0	 29.0	3.000	 1.0	 1.0
1	2015	327	13320.0	 23.0	 29.0	3.000	 1.0	 5.0
1	2015	328	13747.0	 23.0	 30.0	3.000	 1.0	 1.0
1	2015	329	14826.0	 23.0	 31.0	3.000	 1.0	 2.0
1	2015	330	12605.0	 23.0	 30.0	3.000	 1.0	 2.0
1	2015	331	14360.0	 23.0	 30.0	3.000	 1.0	 7.0
1	2015	332	14929.0	 23.0	 30.0	3.000	 1.0	 9.0
1	2015	333	15161.0	 22.0	 30.0	3.000	 1.0	 0.0
1	2015	334	17173.0	 24.0	 31.0	3.000	 1.0	 2.0
1	2015	335	18073.0	 22.0	 31.0	3.000	 1.0	 2.0
1	2015	336	14660.0	 24.0	 30.0	3.000	 1.0	 2.0
1	2015	337	16099.0	 22.0	 30.0	3.000	 0.0	 8.0
1	2015	338	19961.0	 22.0	 32.0	3.000	 1.0	 0.0
1	2015	339	20440.0	 22.0	 32.0	3.000	 1.0	 0.0
1	2015	340	19325.0	 22.0	 31.0	3.000	 1.0	 0.0
1	2015	341	19838.0	 22.0	 32.0	3.000	 1.0	 0.0
1	2015	342	20259.0	 22.0	 32.0	3.000	 1.0	 0.0
1	2015	343	19546.0	 23.0	 31.0	3.000	 1.0	 0.0
1	2015	344	19305.0	 22.0	 31.0	3.000	 1.0	 0.0
1	2015	345	19421.0	 21.0	 32.0	3.000	 1.0	 0.0
1	2015	346	20153.0	 23.0	 32.0	3.000	 1.0	 0.0
1	2015	347	16953.0	 23.0	 31.0	3.000	 1.0	 1.0
1	2015	348	16753.0	 22.0	 30.0	3.000	 1.0	 1.0
1	2015	349	20766.0	 21.0	 33.0	3.000	 0.0	 0.0
1	2015	350	20966.0	 22.0	 32.0	2.000	 0.0	 0.0
1	2015	351	20223.0	 21.0	 31.0	2.000	 1.0	 0.0
1	2015	352	19891.0	 20.0	 32.0	2.000	 0.0	 0.0
1	2015	353	20327.0	 21.0	 32.0	2.000	 0.0	 0.0
1	2015	354	17243.0	 21.0	 31.0	2.000	 1.0	 0.0
1	2015	355	17652.0	 22.0	 32.0	2.000	 1.0	 0.0
1	2015	356	20572.0	 22.0	 33.0	3.000	 0.0	 0.0
1	2015	357	19844.0	 22.0	 32.0	2.000	 1.0	 0.0
1	2015	358	19771.0	 23.0	 33.0	3.000	 0.0	 0.0
1	2015	359	20572.0	 22.0	 33.0	2.000	 1.0	 0.0
1	2015	360	22222.0	 20.0	 33.0	2.000	 0.0	 0.0
1	2015	361	21591.0	 20.0	 34.0	2.000	 1.0	 0.0
1	2015	362	21441.0	 20.0	 34.0	2.000	 1.0	 0.0
1	2015	363	21456.0	 21.0	 34.0	2.000	 0.0	 0.0
1	2015	364	19646.0	 21.0	 33.0	3.000	 1.0	 0.0
1	2015	365	15817.0	 23.0	 32.0	3.000	 1.0	 0.0
