*---------------------------------------------------
* Station: Eastern
* Year: 2014
* Origin: ERA5-Reanalysis
* Columns & units
* ===================
* 1. station number
* 2. year
* 3. Day of Year
* 4. Irradiance   (kJ路m-2路d-1)
* 5. Daily minimum temperature (degC)
* 6. Daily maximum temperature (degC)
* 7. Vapour pressure (kPa)
* 8. Mean wind speed (m路s-1)
* 9. Precipitation (mm路d-1)
** WCCDESCRIPTION=Eastern
** WCCFORMAT=2
** WCCYEARNR=2014
*------------------------------------------------------------*
-0.45  6.42  495.00 -0.18  -0.55
1	2014	1	16868.0	 22.0	 30.0	3.000	 1.0	 1.0
1	2014	2	15631.0	 22.0	 30.0	3.000	 1.0	 2.0
1	2014	3	17035.0	 23.0	 30.0	3.000	 0.0	 1.0
1	2014	4	20532.0	 22.0	 31.0	3.000	 1.0	 0.0
1	2014	5	18708.0	 23.0	 31.0	3.000	 1.0	 0.0
1	2014	6	20132.0	 22.0	 31.0	3.000	 1.0	 0.0
1	2014	7	20420.0	 22.0	 31.0	2.000	 1.0	 0.0
1	2014	8	20628.0	 23.0	 32.0	2.000	 1.0	 0.0
1	2014	9	17894.0	 23.0	 30.0	3.000	 1.0	 1.0
1	2014	10	16251.0	 23.0	 30.0	3.000	 1.0	 1.0
1	2014	11	17175.0	 23.0	 31.0	3.000	 1.0	 0.0
1	2014	12	18033.0	 23.0	 31.0	3.000	 1.0	 0.0
1	2014	13	18214.0	 23.0	 31.0	3.000	 1.0	 0.0
1	2014	14	19849.0	 23.0	 32.0	3.000	 1.0	 0.0
1	2014	15	19935.0	 23.0	 32.0	3.000	 1.0	 0.0
1	2014	16	19825.0	 23.0	 32.0	3.000	 2.0	 0.0
1	2014	17	18669.0	 24.0	 31.0	3.000	 2.0	 1.0
1	2014	18	18526.0	 23.0	 31.0	3.000	 1.0	 4.0
1	2014	19	17799.0	 22.0	 31.0	3.000	 1.0	 2.0
1	2014	20	20599.0	 23.0	 33.0	3.000	 0.0	 0.0
1	2014	21	20748.0	 24.0	 32.0	3.000	 1.0	 0.0
1	2014	22	19926.0	 24.0	 32.0	3.000	 2.0	 0.0
1	2014	23	19159.0	 23.0	 31.0	3.000	 2.0	 1.0
1	2014	24	19834.0	 24.0	 32.0	3.000	 1.0	 2.0
1	2014	25	20425.0	 24.0	 33.0	3.000	 2.0	 0.0
1	2014	26	19835.0	 24.0	 31.0	3.000	 2.0	 0.0
1	2014	27	19758.0	 23.0	 32.0	3.000	 1.0	 0.0
1	2014	28	20652.0	 23.0	 32.0	3.000	 2.0	 0.0
1	2014	29	19134.0	 23.0	 31.0	3.000	 2.0	 0.0
1	2014	30	19188.0	 24.0	 32.0	3.000	 2.0	 4.0
1	2014	31	15871.0	 23.0	 31.0	3.000	 1.0	12.0
1	2014	32	15367.0	 23.0	 29.0	3.000	 1.0	 3.0
1	2014	33	22687.0	 22.0	 31.0	2.000	 2.0	 0.0
1	2014	34	22946.0	 21.0	 32.0	2.000	 1.0	 0.0
1	2014	35	20265.0	 21.0	 32.0	2.000	 1.0	 0.0
1	2014	36	22430.0	 23.0	 33.0	2.000	 0.0	 0.0
1	2014	37	21780.0	 23.0	 33.0	3.000	 1.0	 0.0
1	2014	38	20782.0	 23.0	 32.0	3.000	 2.0	 0.0
1	2014	39	20561.0	 23.0	 32.0	3.000	 1.0	 0.0
1	2014	40	20624.0	 24.0	 32.0	3.000	 1.0	 1.0
1	2014	41	19504.0	 23.0	 32.0	3.000	 1.0	 2.0
1	2014	42	18978.0	 23.0	 32.0	3.000	 1.0	 0.0
1	2014	43	19305.0	 24.0	 31.0	3.000	 1.0	 2.0
1	2014	44	18351.0	 23.0	 31.0	3.000	 1.0	 1.0
1	2014	45	17059.0	 23.0	 31.0	3.000	 1.0	 2.0
1	2014	46	18676.0	 23.0	 31.0	3.000	 1.0	 5.0
1	2014	47	16160.0	 23.0	 30.0	3.000	 2.0	 6.0
1	2014	48	21468.0	 22.0	 31.0	3.000	 1.0	 1.0
1	2014	49	18924.0	 23.0	 31.0	3.000	 2.0	 1.0
1	2014	50	20407.0	 24.0	 32.0	3.000	 2.0	 1.0
1	2014	51	17494.0	 23.0	 31.0	3.000	 1.0	 1.0
1	2014	52	20861.0	 23.0	 32.0	3.000	 1.0	 0.0
1	2014	53	22144.0	 24.0	 33.0	3.000	 1.0	 0.0
1	2014	54	22500.0	 24.0	 34.0	3.000	 2.0	 0.0
1	2014	55	20527.0	 24.0	 33.0	3.000	 2.0	 0.0
1	2014	56	18642.0	 24.0	 31.0	3.000	 2.0	 3.0
1	2014	57	18171.0	 23.0	 32.0	3.000	 2.0	 4.0
1	2014	58	22645.0	 23.0	 33.0	3.000	 2.0	 1.0
1	2014	59	15420.0	 23.0	 29.0	3.000	 1.0	 7.0
1	2014	60	16548.0	 23.0	 30.0	3.000	 1.0	12.0
1	2014	61	24967.0	 22.0	 33.0	2.000	 0.0	 0.0
1	2014	62	24224.0	 23.0	 33.0	2.000	 1.0	 0.0
1	2014	63	23607.0	 23.0	 33.0	3.000	 1.0	 0.0
1	2014	64	22986.0	 24.0	 33.0	3.000	 2.0	 0.0
1	2014	65	21622.0	 24.0	 32.0	3.000	 2.0	 1.0
1	2014	66	17683.0	 24.0	 31.0	3.000	 2.0	 9.0
1	2014	67	21006.0	 23.0	 31.0	3.000	 1.0	 6.0
1	2014	68	19256.0	 23.0	 31.0	3.000	 3.0	 1.0
1	2014	69	21169.0	 23.0	 31.0	3.000	 3.0	 4.0
1	2014	70	16377.0	 23.0	 30.0	3.000	 2.0	 2.0
1	2014	71	23502.0	 23.0	 33.0	3.000	 2.0	 0.0
1	2014	72	23236.0	 24.0	 33.0	3.000	 1.0	 1.0
1	2014	73	22245.0	 24.0	 32.0	3.000	 2.0	 2.0
1	2014	74	22137.0	 24.0	 32.0	3.000	 1.0	 5.0
1	2014	75	21160.0	 24.0	 32.0	3.000	 2.0	 4.0
1	2014	76	13776.0	 24.0	 30.0	3.000	 2.0	 7.0
1	2014	77	20457.0	 22.0	 31.0	3.000	 2.0	 2.0
1	2014	78	20842.0	 23.0	 33.0	3.000	 1.0	 4.0
1	2014	79	19355.0	 24.0	 31.0	3.000	 2.0	 4.0
1	2014	80	21704.0	 23.0	 32.0	3.000	 2.0	 1.0
1	2014	81	21969.0	 24.0	 32.0	3.000	 2.0	11.0
1	2014	82	16262.0	 23.0	 29.0	3.000	 2.0	16.0
1	2014	83	17255.0	 22.0	 30.0	3.000	 1.0	11.0
1	2014	84	21129.0	 23.0	 31.0	3.000	 1.0	 7.0
1	2014	85	22481.0	 23.0	 31.0	3.000	 2.0	 1.0
1	2014	86	19507.0	 23.0	 31.0	3.000	 2.0	 1.0
1	2014	87	14185.0	 23.0	 29.0	3.000	 2.0	 0.0
1	2014	88	21733.0	 24.0	 31.0	3.000	 2.0	 1.0
1	2014	89	23373.0	 23.0	 32.0	3.000	 2.0	 2.0
1	2014	90	18623.0	 24.0	 31.0	3.000	 1.0	 4.0
1	2014	91	22266.0	 24.0	 32.0	3.000	 0.0	 4.0
1	2014	92	22226.0	 24.0	 32.0	3.000	 2.0	 2.0
1	2014	93	19695.0	 24.0	 31.0	3.000	 3.0	 2.0
1	2014	94	22513.0	 24.0	 32.0	3.000	 2.0	 1.0
1	2014	95	23043.0	 23.0	 31.0	3.000	 2.0	 0.0
1	2014	96	23724.0	 23.0	 32.0	3.000	 3.0	 0.0
1	2014	97	24357.0	 23.0	 33.0	3.000	 2.0	 0.0
1	2014	98	22643.0	 24.0	 31.0	3.000	 2.0	 1.0
1	2014	99	22053.0	 24.0	 32.0	3.000	 2.0	 4.0
1	2014	100	21999.0	 23.0	 31.0	3.000	 2.0	 1.0
1	2014	101	20342.0	 23.0	 31.0	3.000	 2.0	 2.0
1	2014	102	23946.0	 24.0	 32.0	3.000	 2.0	 1.0
1	2014	103	18367.0	 24.0	 30.0	3.000	 2.0	 8.0
1	2014	104	23111.0	 23.0	 32.0	3.000	 2.0	 1.0
1	2014	105	16824.0	 23.0	 31.0	3.000	 1.0	 0.0
1	2014	106	25284.0	 23.0	 33.0	3.000	 2.0	 1.0
1	2014	107	21927.0	 24.0	 32.0	3.000	 2.0	 2.0
1	2014	108	22649.0	 24.0	 32.0	3.000	 2.0	 3.0
1	2014	109	18592.0	 24.0	 31.0	3.000	 1.0	 5.0
1	2014	110	23828.0	 23.0	 32.0	3.000	 1.0	 4.0
1	2014	111	12146.0	 23.0	 29.0	3.000	 1.0	 9.0
1	2014	112	15671.0	 24.0	 30.0	3.000	 2.0	 4.0
1	2014	113	22243.0	 24.0	 31.0	3.000	 2.0	 1.0
1	2014	114	20404.0	 23.0	 31.0	3.000	 2.0	 4.0
1	2014	115	20556.0	 24.0	 31.0	3.000	 2.0	15.0
1	2014	116	20415.0	 24.0	 31.0	3.000	 2.0	 5.0
1	2014	117	17815.0	 24.0	 30.0	3.000	 1.0	 5.0
1	2014	118	24346.0	 23.0	 32.0	3.000	 1.0	 0.0
1	2014	119	14866.0	 23.0	 28.0	3.000	 1.0	11.0
1	2014	120	19753.0	 23.0	 30.0	3.000	 2.0	 6.0
1	2014	121	16487.0	 23.0	 30.0	3.000	 1.0	 4.0
1	2014	122	19250.0	 23.0	 31.0	3.000	 1.0	 5.0
1	2014	123	22126.0	 24.0	 31.0	3.000	 1.0	 0.0
1	2014	124	22531.0	 24.0	 31.0	3.000	 1.0	 2.0
1	2014	125	16957.0	 24.0	 29.0	3.000	 2.0	 8.0
1	2014	126	11299.0	 23.0	 28.0	3.000	 1.0	10.0
1	2014	127	14923.0	 23.0	 29.0	3.000	 2.0	11.0
1	2014	128	12030.0	 23.0	 27.0	3.000	 1.0	 4.0
1	2014	129	15434.0	 23.0	 28.0	3.000	 1.0	15.0
1	2014	130	23961.0	 22.0	 31.0	3.000	 1.0	 6.0
1	2014	131	17065.0	 23.0	 30.0	3.000	 1.0	 1.0
1	2014	132	20068.0	 24.0	 31.0	3.000	 1.0	 6.0
1	2014	133	20740.0	 24.0	 31.0	3.000	 2.0	 5.0
1	2014	134	16282.0	 23.0	 29.0	3.000	 1.0	13.0
1	2014	135	9891.0	 23.0	 27.0	3.000	 0.0	 9.0
1	2014	136	16607.0	 22.0	 28.0	3.000	 1.0	 9.0
1	2014	137	20328.0	 23.0	 30.0	3.000	 2.0	 1.0
1	2014	138	21714.0	 23.0	 31.0	3.000	 1.0	 1.0
1	2014	139	21270.0	 23.0	 31.0	3.000	 0.0	14.0
1	2014	140	19165.0	 23.0	 30.0	3.000	 1.0	 7.0
1	2014	141	15404.0	 24.0	 29.0	3.000	 2.0	 6.0
1	2014	142	18117.0	 23.0	 30.0	3.000	 2.0	 4.0
1	2014	143	19048.0	 23.0	 30.0	3.000	 2.0	 7.0
1	2014	144	20562.0	 23.0	 30.0	3.000	 2.0	 2.0
1	2014	145	19004.0	 24.0	 30.0	3.000	 1.0	 1.0
1	2014	146	21537.0	 23.0	 31.0	3.000	 2.0	 1.0
1	2014	147	13925.0	 23.0	 29.0	3.000	 2.0	 6.0
1	2014	148	18399.0	 23.0	 29.0	3.000	 2.0	 1.0
1	2014	149	15764.0	 23.0	 29.0	3.000	 2.0	10.0
1	2014	150	11250.0	 23.0	 27.0	3.000	 1.0	12.0
1	2014	151	18001.0	 23.0	 29.0	3.000	 2.0	 5.0
1	2014	152	16799.0	 23.0	 29.0	3.000	 2.0	 5.0
1	2014	153	8670.0	 23.0	 26.0	3.000	 1.0	 2.0
1	2014	154	20682.0	 22.0	 30.0	3.000	 1.0	 0.0
1	2014	155	13916.0	 24.0	 29.0	3.000	 2.0	 6.0
1	2014	156	7596.0	 22.0	 26.0	3.000	 2.0	53.0
1	2014	157	8974.0	 22.0	 26.0	3.000	 1.0	15.0
1	2014	158	16439.0	 22.0	 29.0	3.000	 1.0	18.0
1	2014	159	21522.0	 22.0	 30.0	3.000	 1.0	 2.0
1	2014	160	18645.0	 23.0	 29.0	3.000	 2.0	 4.0
1	2014	161	14470.0	 23.0	 28.0	3.000	 3.0	 3.0
1	2014	162	17128.0	 22.0	 29.0	3.000	 2.0	 8.0
1	2014	163	13687.0	 22.0	 27.0	3.000	 1.0	11.0
1	2014	164	13672.0	 22.0	 27.0	3.000	 1.0	 5.0
1	2014	165	17839.0	 22.0	 28.0	3.000	 2.0	 1.0
1	2014	166	17427.0	 23.0	 29.0	3.000	 2.0	 2.0
1	2014	167	18679.0	 23.0	 29.0	3.000	 2.0	 2.0
1	2014	168	14859.0	 23.0	 29.0	3.000	 2.0	12.0
1	2014	169	7559.0	 23.0	 26.0	3.000	 1.0	20.0
1	2014	170	12258.0	 22.0	 27.0	3.000	 2.0	 2.0
1	2014	171	18572.0	 23.0	 29.0	3.000	 2.0	 2.0
1	2014	172	17710.0	 23.0	 29.0	3.000	 2.0	 4.0
1	2014	173	19793.0	 23.0	 29.0	3.000	 2.0	 2.0
1	2014	174	15758.0	 22.0	 28.0	3.000	 2.0	14.0
1	2014	175	14254.0	 22.0	 28.0	3.000	 1.0	 5.0
1	2014	176	15096.0	 22.0	 28.0	3.000	 2.0	 5.0
1	2014	177	17597.0	 22.0	 28.0	3.000	 2.0	 5.0
1	2014	178	15823.0	 22.0	 28.0	3.000	 2.0	19.0
1	2014	179	16979.0	 22.0	 28.0	3.000	 2.0	 5.0
1	2014	180	12449.0	 22.0	 28.0	3.000	 2.0	11.0
1	2014	181	15175.0	 22.0	 28.0	3.000	 1.0	11.0
1	2014	182	17221.0	 22.0	 29.0	3.000	 2.0	 4.0
1	2014	183	10747.0	 22.0	 27.0	3.000	 2.0	 6.0
1	2014	184	15703.0	 22.0	 28.0	3.000	 2.0	11.0
1	2014	185	8108.0	 22.0	 26.0	3.000	 1.0	 5.0
1	2014	186	13372.0	 22.0	 27.0	3.000	 2.0	13.0
1	2014	187	16802.0	 21.0	 28.0	3.000	 3.0	 3.0
1	2014	188	16744.0	 22.0	 27.0	3.000	 3.0	 2.0
1	2014	189	16454.0	 21.0	 27.0	2.000	 2.0	 1.0
1	2014	190	15440.0	 21.0	 28.0	2.000	 1.0	 0.0
1	2014	191	20658.0	 21.0	 28.0	3.000	 1.0	 0.0
1	2014	192	14778.0	 22.0	 27.0	3.000	 2.0	 2.0
1	2014	193	17487.0	 22.0	 28.0	3.000	 2.0	 1.0
1	2014	194	19031.0	 22.0	 28.0	3.000	 2.0	 1.0
1	2014	195	18777.0	 22.0	 28.0	3.000	 2.0	 4.0
1	2014	196	18783.0	 22.0	 29.0	3.000	 2.0	 2.0
1	2014	197	7305.0	 21.0	 25.0	3.000	 2.0	27.0
1	2014	198	6242.0	 22.0	 24.0	3.000	 3.0	 6.0
1	2014	199	11042.0	 21.0	 26.0	3.000	 2.0	 1.0
1	2014	200	16166.0	 22.0	 28.0	3.000	 2.0	 1.0
1	2014	201	15459.0	 22.0	 27.0	3.000	 2.0	 2.0
1	2014	202	16726.0	 22.0	 27.0	3.000	 3.0	 2.0
1	2014	203	14643.0	 22.0	 27.0	3.000	 3.0	 1.0
1	2014	204	13017.0	 21.0	 26.0	3.000	 2.0	 2.0
1	2014	205	19500.0	 22.0	 28.0	3.000	 3.0	 2.0
1	2014	206	16220.0	 22.0	 27.0	3.000	 3.0	 2.0
1	2014	207	14471.0	 22.0	 27.0	3.000	 2.0	 2.0
1	2014	208	13642.0	 22.0	 27.0	3.000	 2.0	 7.0
1	2014	209	14279.0	 22.0	 27.0	3.000	 2.0	 2.0
1	2014	210	16317.0	 22.0	 28.0	3.000	 2.0	 2.0
1	2014	211	13689.0	 22.0	 28.0	3.000	 2.0	 6.0
1	2014	212	12195.0	 22.0	 27.0	3.000	 2.0	 1.0
1	2014	213	11719.0	 22.0	 27.0	3.000	 3.0	 1.0
1	2014	214	15422.0	 22.0	 28.0	3.000	 3.0	 3.0
1	2014	215	17776.0	 22.0	 28.0	3.000	 2.0	 2.0
1	2014	216	17274.0	 22.0	 28.0	3.000	 2.0	 1.0
1	2014	217	13721.0	 22.0	 27.0	3.000	 3.0	 8.0
1	2014	218	17185.0	 21.0	 28.0	3.000	 3.0	 5.0
1	2014	219	15910.0	 22.0	 27.0	3.000	 3.0	 1.0
1	2014	220	13821.0	 22.0	 26.0	3.000	 3.0	 2.0
1	2014	221	17856.0	 21.0	 28.0	3.000	 3.0	 1.0
1	2014	222	19062.0	 21.0	 29.0	2.000	 2.0	 0.0
1	2014	223	15706.0	 21.0	 27.0	2.000	 2.0	 2.0
1	2014	224	16487.0	 21.0	 27.0	2.000	 3.0	 1.0
1	2014	225	13318.0	 21.0	 27.0	2.000	 3.0	 2.0
1	2014	226	13750.0	 21.0	 26.0	2.000	 2.0	 1.0
1	2014	227	14196.0	 21.0	 27.0	2.000	 2.0	 1.0
1	2014	228	8785.0	 21.0	 25.0	2.000	 3.0	 2.0
1	2014	229	17581.0	 21.0	 28.0	3.000	 3.0	 1.0
1	2014	230	15765.0	 22.0	 28.0	3.000	 1.0	 2.0
1	2014	231	5446.0	 22.0	 23.0	3.000	 0.0	44.0
1	2014	232	13174.0	 21.0	 27.0	3.000	 2.0	14.0
1	2014	233	16115.0	 21.0	 27.0	3.000	 3.0	 4.0
1	2014	234	18980.0	 22.0	 29.0	3.000	 3.0	 4.0
1	2014	235	10973.0	 21.0	 26.0	3.000	 2.0	 1.0
1	2014	236	20207.0	 21.0	 29.0	3.000	 1.0	 2.0
1	2014	237	15687.0	 22.0	 27.0	3.000	 2.0	 4.0
1	2014	238	10403.0	 22.0	 26.0	3.000	 2.0	31.0
1	2014	239	15264.0	 22.0	 27.0	3.000	 2.0	 5.0
1	2014	240	15913.0	 22.0	 29.0	3.000	 1.0	 1.0
1	2014	241	15029.0	 23.0	 28.0	3.000	 2.0	 2.0
1	2014	242	15162.0	 22.0	 27.0	3.000	 2.0	 3.0
1	2014	243	18420.0	 22.0	 29.0	3.000	 2.0	 3.0
1	2014	244	11924.0	 22.0	 26.0	3.000	 3.0	 8.0
1	2014	245	15480.0	 21.0	 27.0	3.000	 3.0	 2.0
1	2014	246	18939.0	 22.0	 28.0	3.000	 2.0	 1.0
1	2014	247	14000.0	 22.0	 28.0	3.000	 2.0	 3.0
1	2014	248	12615.0	 21.0	 27.0	3.000	 2.0	11.0
1	2014	249	14562.0	 22.0	 27.0	3.000	 2.0	 5.0
1	2014	250	19209.0	 22.0	 28.0	3.000	 2.0	 5.0
1	2014	251	15008.0	 22.0	 28.0	3.000	 2.0	13.0
1	2014	252	17561.0	 21.0	 28.0	3.000	 1.0	11.0
1	2014	253	17687.0	 21.0	 28.0	3.000	 2.0	 8.0
1	2014	254	15224.0	 22.0	 28.0	3.000	 1.0	 3.0
1	2014	255	17342.0	 22.0	 28.0	3.000	 0.0	 3.0
1	2014	256	21476.0	 22.0	 29.0	3.000	 2.0	 2.0
1	2014	257	19527.0	 22.0	 29.0	3.000	 2.0	 8.0
1	2014	258	18100.0	 22.0	 29.0	3.000	 1.0	 5.0
1	2014	259	8314.0	 22.0	 25.0	3.000	 2.0	 6.0
1	2014	260	13196.0	 22.0	 27.0	3.000	 2.0	 5.0
1	2014	261	12843.0	 22.0	 26.0	3.000	 2.0	 5.0
1	2014	262	18503.0	 21.0	 29.0	3.000	 2.0	 9.0
1	2014	263	16382.0	 22.0	 27.0	3.000	 1.0	 8.0
1	2014	264	11697.0	 22.0	 26.0	3.000	 1.0	12.0
1	2014	265	16534.0	 22.0	 28.0	3.000	 1.0	10.0
1	2014	266	16185.0	 22.0	 29.0	3.000	 1.0	 5.0
1	2014	267	14834.0	 22.0	 28.0	3.000	 2.0	 3.0
1	2014	268	17422.0	 21.0	 29.0	3.000	 1.0	 6.0
1	2014	269	18065.0	 22.0	 29.0	3.000	 2.0	 6.0
1	2014	270	5932.0	 22.0	 24.0	3.000	 2.0	16.0
1	2014	271	18762.0	 22.0	 29.0	3.000	 1.0	 7.0
1	2014	272	18682.0	 21.0	 29.0	3.000	 1.0	 3.0
1	2014	273	15476.0	 22.0	 28.0	3.000	 2.0	 2.0
1	2014	274	17171.0	 22.0	 27.0	3.000	 2.0	 4.0
1	2014	275	18645.0	 21.0	 28.0	3.000	 1.0	 2.0
1	2014	276	20284.0	 22.0	 29.0	3.000	 1.0	14.0
1	2014	277	18812.0	 22.0	 28.0	3.000	 0.0	15.0
1	2014	278	19295.0	 22.0	 28.0	3.000	 2.0	 2.0
1	2014	279	20607.0	 22.0	 29.0	3.000	 1.0	 6.0
1	2014	280	15394.0	 22.0	 28.0	3.000	 1.0	 3.0
1	2014	281	19042.0	 22.0	 29.0	3.000	 1.0	 1.0
1	2014	282	21115.0	 22.0	 29.0	3.000	 1.0	 1.0
1	2014	283	18437.0	 22.0	 29.0	3.000	 1.0	 1.0
1	2014	284	14162.0	 22.0	 27.0	3.000	 2.0	10.0
1	2014	285	10476.0	 22.0	 26.0	3.000	 2.0	 7.0
1	2014	286	14406.0	 22.0	 28.0	3.000	 1.0	 6.0
1	2014	287	19022.0	 22.0	 29.0	3.000	 1.0	 6.0
1	2014	288	16604.0	 22.0	 28.0	3.000	 1.0	 1.0
1	2014	289	19208.0	 22.0	 30.0	3.000	 1.0	 1.0
1	2014	290	17247.0	 23.0	 29.0	3.000	 2.0	 2.0
1	2014	291	18835.0	 23.0	 29.0	3.000	 1.0	 8.0
1	2014	292	12128.0	 22.0	 27.0	3.000	 0.0	 9.0
1	2014	293	17066.0	 22.0	 28.0	3.000	 1.0	 7.0
1	2014	294	18353.0	 22.0	 29.0	3.000	 1.0	 0.0
1	2014	295	19284.0	 22.0	 29.0	3.000	 1.0	 1.0
1	2014	296	20286.0	 22.0	 30.0	3.000	 1.0	 1.0
1	2014	297	17404.0	 22.0	 28.0	3.000	 1.0	 6.0
1	2014	298	16361.0	 22.0	 29.0	3.000	 1.0	13.0
1	2014	299	11246.0	 22.0	 27.0	3.000	 1.0	 7.0
1	2014	300	16199.0	 21.0	 29.0	3.000	 1.0	 1.0
1	2014	301	17545.0	 22.0	 29.0	3.000	 1.0	 1.0
1	2014	302	13729.0	 23.0	 28.0	3.000	 1.0	 1.0
1	2014	303	15946.0	 23.0	 28.0	3.000	 1.0	 2.0
1	2014	304	17612.0	 22.0	 28.0	3.000	 1.0	 1.0
1	2014	305	19638.0	 23.0	 30.0	3.000	 1.0	 1.0
1	2014	306	19714.0	 22.0	 29.0	3.000	 1.0	 1.0
1	2014	307	19738.0	 23.0	 29.0	3.000	 1.0	 1.0
1	2014	308	16832.0	 23.0	 29.0	3.000	 1.0	 7.0
1	2014	309	16485.0	 22.0	 28.0	3.000	 1.0	 6.0
1	2014	310	18977.0	 21.0	 29.0	3.000	 1.0	 0.0
1	2014	311	19218.0	 22.0	 29.0	3.000	 1.0	 1.0
1	2014	312	18580.0	 22.0	 29.0	3.000	 1.0	 2.0
1	2014	313	17782.0	 22.0	 30.0	3.000	 1.0	 4.0
1	2014	314	15880.0	 23.0	 29.0	3.000	 2.0	 7.0
1	2014	315	15764.0	 22.0	 29.0	3.000	 1.0	 9.0
1	2014	316	19306.0	 22.0	 30.0	3.000	 1.0	 4.0
1	2014	317	19414.0	 22.0	 30.0	3.000	 1.0	 0.0
1	2014	318	18831.0	 23.0	 29.0	3.000	 1.0	 1.0
1	2014	319	19966.0	 22.0	 30.0	3.000	 1.0	 1.0
1	2014	320	18494.0	 23.0	 29.0	3.000	 1.0	 1.0
1	2014	321	17597.0	 22.0	 29.0	3.000	 2.0	 2.0
1	2014	322	15252.0	 22.0	 28.0	3.000	 2.0	 5.0
1	2014	323	17301.0	 22.0	 29.0	3.000	 1.0	 4.0
1	2014	324	18317.0	 22.0	 29.0	3.000	 1.0	 1.0
1	2014	325	18788.0	 23.0	 29.0	3.000	 1.0	 1.0
1	2014	326	18810.0	 23.0	 29.0	3.000	 1.0	 0.0
1	2014	327	19955.0	 22.0	 30.0	3.000	 1.0	 2.0
1	2014	328	17314.0	 23.0	 29.0	3.000	 1.0	 2.0
1	2014	329	18213.0	 23.0	 30.0	3.000	 1.0	 1.0
1	2014	330	16253.0	 23.0	 29.0	3.000	 1.0	 1.0
1	2014	331	16782.0	 23.0	 29.0	3.000	 1.0	 8.0
1	2014	332	17986.0	 22.0	 29.0	3.000	 1.0	 1.0
1	2014	333	19134.0	 22.0	 29.0	3.000	 1.0	 1.0
1	2014	334	18576.0	 22.0	 29.0	3.000	 1.0	 0.0
1	2014	335	18865.0	 23.0	 30.0	3.000	 1.0	 1.0
1	2014	336	18262.0	 22.0	 30.0	3.000	 1.0	 0.0
1	2014	337	18178.0	 23.0	 31.0	3.000	 1.0	 0.0
1	2014	338	18509.0	 23.0	 30.0	3.000	 1.0	 0.0
1	2014	339	16268.0	 23.0	 29.0	3.000	 1.0	 1.0
1	2014	340	17887.0	 23.0	 30.0	3.000	 1.0	 1.0
1	2014	341	18539.0	 23.0	 30.0	3.000	 1.0	 0.0
1	2014	342	19049.0	 22.0	 31.0	3.000	 1.0	 0.0
1	2014	343	17725.0	 23.0	 30.0	3.000	 1.0	 1.0
1	2014	344	18613.0	 22.0	 30.0	3.000	 1.0	 0.0
1	2014	345	18180.0	 23.0	 30.0	3.000	 1.0	 0.0
1	2014	346	17194.0	 22.0	 30.0	3.000	 1.0	 1.0
1	2014	347	18182.0	 22.0	 31.0	3.000	 1.0	 0.0
1	2014	348	16412.0	 23.0	 30.0	3.000	 1.0	 0.0
1	2014	349	18884.0	 22.0	 31.0	3.000	 1.0	 0.0
1	2014	350	19026.0	 23.0	 31.0	3.000	 1.0	 0.0
1	2014	351	17751.0	 23.0	 30.0	3.000	 1.0	 1.0
1	2014	352	17944.0	 23.0	 30.0	3.000	 1.0	 0.0
1	2014	353	18885.0	 23.0	 31.0	3.000	 1.0	 0.0
1	2014	354	19411.0	 22.0	 31.0	3.000	 1.0	 0.0
1	2014	355	17603.0	 23.0	 31.0	3.000	 1.0	 3.0
1	2014	356	17042.0	 23.0	 31.0	3.000	 1.0	 0.0
1	2014	357	17267.0	 23.0	 31.0	3.000	 1.0	 0.0
1	2014	358	19913.0	 22.0	 31.0	2.000	 1.0	 0.0
1	2014	359	20051.0	 23.0	 31.0	2.000	 0.0	 0.0
1	2014	360	21494.0	 22.0	 31.0	2.000	 0.0	 0.0
1	2014	361	22016.0	 20.0	 32.0	2.000	 0.0	 0.0
1	2014	362	22221.0	 21.0	 32.0	2.000	 1.0	 0.0
1	2014	363	22137.0	 20.0	 32.0	2.000	 0.0	 0.0
1	2014	364	20593.0	 22.0	 32.0	2.000	 1.0	 0.0
1	2014	365	22003.0	 21.0	 32.0	2.000	 1.0	 0.0
