*---------------------------------------------------
* Station: Eastern
* Year: 2011
* Origin: ERA5-Reanalysis
* Columns & units
* ===================
* 1. station number
* 2. year
* 3. Day of Year
* 4. Irradiance   (kJ路m-2路d-1)
* 5. Daily minimum temperature (degC)
* 6. Daily maximum temperature (degC)
* 7. Vapour pressure (kPa)
* 8. Mean wind speed (m路s-1)
* 9. Precipitation (mm路d-1)
** WCCDESCRIPTION=Eastern
** WCCFORMAT=2
** WCCYEARNR=2011
*------------------------------------------------------------*
-0.45  6.42  495.00 -0.18  -0.55
1	2011	1	21942.0	 21.0	 31.0	2.000	 1.0	 0.0
1	2011	2	22122.0	 20.0	 32.0	2.000	 0.0	 0.0
1	2011	3	22117.0	 21.0	 33.0	2.000	 1.0	 0.0
1	2011	4	21175.0	 22.0	 33.0	2.000	 1.0	 0.0
1	2011	5	19910.0	 23.0	 32.0	2.000	 1.0	 0.0
1	2011	6	18987.0	 23.0	 33.0	2.000	 1.0	 0.0
1	2011	7	17399.0	 23.0	 31.0	3.000	 1.0	 0.0
1	2011	8	19513.0	 23.0	 32.0	2.000	 1.0	 0.0
1	2011	9	21913.0	 21.0	 32.0	2.000	 1.0	 0.0
1	2011	10	22416.0	 21.0	 32.0	2.000	 1.0	 0.0
1	2011	11	22629.0	 20.0	 32.0	2.000	 1.0	 0.0
1	2011	12	22835.0	 20.0	 32.0	2.000	 0.0	 0.0
1	2011	13	22819.0	 20.0	 33.0	2.000	 0.0	 0.0
1	2011	14	22649.0	 20.0	 33.0	2.000	 1.0	 0.0
1	2011	15	19509.0	 21.0	 32.0	2.000	 1.0	 0.0
1	2011	16	18850.0	 22.0	 31.0	2.000	 1.0	 0.0
1	2011	17	20918.0	 23.0	 32.0	2.000	 1.0	 0.0
1	2011	18	23133.0	 20.0	 33.0	2.000	 0.0	 0.0
1	2011	19	22876.0	 20.0	 33.0	2.000	 1.0	 0.0
1	2011	20	21711.0	 21.0	 32.0	2.000	 1.0	 0.0
1	2011	21	21011.0	 22.0	 32.0	2.000	 1.0	 0.0
1	2011	22	20688.0	 22.0	 33.0	2.000	 1.0	 0.0
1	2011	23	20502.0	 23.0	 33.0	3.000	 1.0	 1.0
1	2011	24	17860.0	 23.0	 31.0	3.000	 1.0	 1.0
1	2011	25	18593.0	 24.0	 32.0	3.000	 2.0	 1.0
1	2011	26	17861.0	 23.0	 31.0	3.000	 2.0	 4.0
1	2011	27	19191.0	 23.0	 32.0	3.000	 2.0	 0.0
1	2011	28	19670.0	 23.0	 33.0	3.000	 1.0	 0.0
1	2011	29	21189.0	 23.0	 33.0	3.000	 2.0	 0.0
1	2011	30	20144.0	 24.0	 32.0	3.000	 2.0	 0.0
1	2011	31	18429.0	 23.0	 32.0	3.000	 2.0	 0.0
1	2011	32	19663.0	 23.0	 32.0	3.000	 2.0	 1.0
1	2011	33	17454.0	 23.0	 31.0	3.000	 3.0	 1.0
1	2011	34	18704.0	 23.0	 32.0	3.000	 1.0	13.0
1	2011	35	15838.0	 22.0	 30.0	3.000	 0.0	 7.0
1	2011	36	17572.0	 22.0	 30.0	2.000	 1.0	 0.0
1	2011	37	19912.0	 22.0	 32.0	2.000	 0.0	 0.0
1	2011	38	23490.0	 22.0	 33.0	2.000	 0.0	 0.0
1	2011	39	21275.0	 22.0	 32.0	2.000	 1.0	 0.0
1	2011	40	21613.0	 23.0	 33.0	3.000	 1.0	 0.0
1	2011	41	16344.0	 23.0	 31.0	3.000	 2.0	 4.0
1	2011	42	15181.0	 23.0	 31.0	3.000	 1.0	 0.0
1	2011	43	19297.0	 23.0	 31.0	3.000	 2.0	 6.0
1	2011	44	17415.0	 23.0	 31.0	3.000	 2.0	 2.0
1	2011	45	20611.0	 22.0	 32.0	3.000	 1.0	 1.0
1	2011	46	20754.0	 22.0	 33.0	3.000	 1.0	 1.0
1	2011	47	21663.0	 24.0	 33.0	3.000	 1.0	 0.0
1	2011	48	21621.0	 24.0	 33.0	3.000	 2.0	 1.0
1	2011	49	18348.0	 24.0	 31.0	3.000	 2.0	 4.0
1	2011	50	11269.0	 23.0	 30.0	3.000	 1.0	 1.0
1	2011	51	19945.0	 24.0	 33.0	3.000	 2.0	 0.0
1	2011	52	20849.0	 24.0	 33.0	3.000	 2.0	 2.0
1	2011	53	20520.0	 23.0	 32.0	3.000	 2.0	 5.0
1	2011	54	13625.0	 23.0	 29.0	3.000	 2.0	 4.0
1	2011	55	19346.0	 22.0	 32.0	3.000	 2.0	 1.0
1	2011	56	20646.0	 23.0	 33.0	3.000	 2.0	 4.0
1	2011	57	16750.0	 23.0	 30.0	3.000	 1.0	11.0
1	2011	58	18691.0	 22.0	 31.0	3.000	 1.0	12.0
1	2011	59	21640.0	 22.0	 32.0	3.000	 1.0	 5.0
1	2011	60	18078.0	 23.0	 31.0	3.000	 1.0	 0.0
1	2011	61	17061.0	 24.0	 31.0	3.000	 2.0	 1.0
1	2011	62	21755.0	 23.0	 32.0	3.000	 2.0	 1.0
1	2011	63	10826.0	 22.0	 29.0	3.000	 1.0	 3.0
1	2011	64	21338.0	 23.0	 32.0	3.000	 2.0	 0.0
1	2011	65	21737.0	 23.0	 32.0	3.000	 2.0	 2.0
1	2011	66	21476.0	 23.0	 32.0	3.000	 2.0	 0.0
1	2011	67	21345.0	 23.0	 32.0	3.000	 2.0	 1.0
1	2011	68	21779.0	 24.0	 33.0	3.000	 2.0	 0.0
1	2011	69	22132.0	 24.0	 32.0	3.000	 2.0	 0.0
1	2011	70	23407.0	 24.0	 33.0	3.000	 2.0	 0.0
1	2011	71	22718.0	 24.0	 33.0	3.000	 2.0	 0.0
1	2011	72	22548.0	 24.0	 33.0	3.000	 2.0	 0.0
1	2011	73	19882.0	 24.0	 32.0	3.000	 2.0	 2.0
1	2011	74	22623.0	 23.0	 33.0	3.000	 2.0	 0.0
1	2011	75	23168.0	 23.0	 34.0	3.000	 2.0	 0.0
1	2011	76	22505.0	 24.0	 33.0	3.000	 3.0	 1.0
1	2011	77	20950.0	 24.0	 32.0	3.000	 3.0	 4.0
1	2011	78	22811.0	 23.0	 33.0	3.000	 2.0	 1.0
1	2011	79	23543.0	 23.0	 33.0	3.000	 2.0	 2.0
1	2011	80	23160.0	 23.0	 33.0	3.000	 1.0	 9.0
1	2011	81	22776.0	 23.0	 33.0	3.000	 1.0	 1.0
1	2011	82	22155.0	 23.0	 32.0	3.000	 2.0	 2.0
1	2011	83	22407.0	 23.0	 34.0	3.000	 1.0	 4.0
1	2011	84	16879.0	 23.0	 32.0	3.000	 2.0	 2.0
1	2011	85	22648.0	 23.0	 33.0	3.000	 2.0	 3.0
1	2011	86	23943.0	 23.0	 33.0	3.000	 2.0	 1.0
1	2011	87	22612.0	 23.0	 33.0	3.000	 2.0	 0.0
1	2011	88	22622.0	 24.0	 33.0	3.000	 2.0	 0.0
1	2011	89	22094.0	 24.0	 32.0	3.000	 2.0	 1.0
1	2011	90	22949.0	 23.0	 33.0	3.000	 2.0	 2.0
1	2011	91	20117.0	 24.0	 32.0	3.000	 2.0	 3.0
1	2011	92	21142.0	 23.0	 32.0	3.000	 2.0	 3.0
1	2011	93	23908.0	 23.0	 33.0	3.000	 2.0	 0.0
1	2011	94	19841.0	 23.0	 31.0	3.000	 1.0	 9.0
1	2011	95	22594.0	 23.0	 32.0	3.000	 0.0	 0.0
1	2011	96	23642.0	 23.0	 33.0	3.000	 0.0	 0.0
1	2011	97	24761.0	 24.0	 34.0	3.000	 1.0	 0.0
1	2011	98	20898.0	 24.0	 31.0	3.000	 2.0	 1.0
1	2011	99	23404.0	 23.0	 33.0	3.000	 2.0	 5.0
1	2011	100	21577.0	 23.0	 32.0	3.000	 1.0	 2.0
1	2011	101	20460.0	 24.0	 32.0	3.000	 1.0	 1.0
1	2011	102	20180.0	 24.0	 31.0	3.000	 2.0	 8.0
1	2011	103	20486.0	 24.0	 32.0	3.000	 2.0	 2.0
1	2011	104	22234.0	 23.0	 32.0	3.000	 1.0	 8.0
1	2011	105	22217.0	 24.0	 32.0	3.000	 2.0	 1.0
1	2011	106	19461.0	 24.0	 31.0	3.000	 2.0	 4.0
1	2011	107	23177.0	 23.0	 32.0	3.000	 2.0	 8.0
1	2011	108	15213.0	 23.0	 29.0	3.000	 2.0	 6.0
1	2011	109	24736.0	 23.0	 32.0	3.000	 2.0	 0.0
1	2011	110	21376.0	 24.0	 31.0	3.000	 3.0	 1.0
1	2011	111	21702.0	 24.0	 32.0	3.000	 2.0	 2.0
1	2011	112	23253.0	 24.0	 32.0	3.000	 2.0	 0.0
1	2011	113	20985.0	 24.0	 32.0	3.000	 3.0	 2.0
1	2011	114	20044.0	 23.0	 30.0	3.000	 2.0	 1.0
1	2011	115	23969.0	 23.0	 32.0	3.000	 1.0	 0.0
1	2011	116	21980.0	 23.0	 32.0	3.000	 2.0	 5.0
1	2011	117	20641.0	 23.0	 32.0	3.000	 2.0	 2.0
1	2011	118	19904.0	 23.0	 31.0	3.000	 2.0	 9.0
1	2011	119	17924.0	 23.0	 29.0	3.000	 2.0	 2.0
1	2011	120	14408.0	 23.0	 28.0	3.000	 2.0	 1.0
1	2011	121	18618.0	 23.0	 31.0	3.000	 1.0	 5.0
1	2011	122	19171.0	 23.0	 31.0	3.000	 1.0	 2.0
1	2011	123	18380.0	 24.0	 31.0	3.000	 2.0	 9.0
1	2011	124	21685.0	 23.0	 32.0	3.000	 1.0	 0.0
1	2011	125	23501.0	 24.0	 32.0	3.000	 2.0	 1.0
1	2011	126	21749.0	 24.0	 32.0	3.000	 2.0	 1.0
1	2011	127	23230.0	 24.0	 32.0	3.000	 2.0	 0.0
1	2011	128	19343.0	 24.0	 31.0	3.000	 2.0	 3.0
1	2011	129	19880.0	 23.0	 31.0	3.000	 1.0	 3.0
1	2011	130	19740.0	 23.0	 31.0	3.000	 2.0	18.0
1	2011	131	19061.0	 23.0	 31.0	3.000	 2.0	 4.0
1	2011	132	19999.0	 23.0	 31.0	3.000	 1.0	 1.0
1	2011	133	20089.0	 23.0	 31.0	3.000	 1.0	 3.0
1	2011	134	20303.0	 24.0	 31.0	3.000	 1.0	 2.0
1	2011	135	19960.0	 24.0	 31.0	3.000	 1.0	 2.0
1	2011	136	18210.0	 24.0	 31.0	3.000	 2.0	 1.0
1	2011	137	17219.0	 24.0	 31.0	3.000	 2.0	 8.0
1	2011	138	18730.0	 24.0	 31.0	3.000	 2.0	 4.0
1	2011	139	15501.0	 23.0	 28.0	3.000	 1.0	 4.0
1	2011	140	21372.0	 23.0	 31.0	3.000	 2.0	 1.0
1	2011	141	18387.0	 23.0	 30.0	3.000	 2.0	 8.0
1	2011	142	15691.0	 23.0	 28.0	3.000	 3.0	 2.0
1	2011	143	19815.0	 22.0	 29.0	3.000	 2.0	 2.0
1	2011	144	20595.0	 22.0	 30.0	3.000	 2.0	 1.0
1	2011	145	19599.0	 23.0	 29.0	3.000	 2.0	 2.0
1	2011	146	14924.0	 23.0	 28.0	3.000	 3.0	 7.0
1	2011	147	12944.0	 23.0	 27.0	3.000	 3.0	 1.0
1	2011	148	11046.0	 22.0	 27.0	3.000	 2.0	19.0
1	2011	149	19534.0	 21.0	 29.0	3.000	 2.0	 2.0
1	2011	150	16188.0	 23.0	 29.0	3.000	 1.0	11.0
1	2011	151	16539.0	 23.0	 29.0	3.000	 2.0	 2.0
1	2011	152	16325.0	 22.0	 30.0	3.000	 1.0	 6.0
1	2011	153	14224.0	 23.0	 28.0	3.000	 2.0	 2.0
1	2011	154	16437.0	 23.0	 29.0	3.000	 2.0	 6.0
1	2011	155	16612.0	 23.0	 29.0	3.000	 2.0	 8.0
1	2011	156	12319.0	 23.0	 28.0	3.000	 1.0	 8.0
1	2011	157	18075.0	 22.0	 30.0	3.000	 1.0	 0.0
1	2011	158	19237.0	 23.0	 30.0	3.000	 1.0	 5.0
1	2011	159	13678.0	 22.0	 29.0	3.000	 2.0	 8.0
1	2011	160	12881.0	 22.0	 28.0	3.000	 1.0	 3.0
1	2011	161	13250.0	 22.0	 28.0	3.000	 1.0	 1.0
1	2011	162	16418.0	 22.0	 29.0	3.000	 3.0	 9.0
1	2011	163	15572.0	 22.0	 28.0	3.000	 2.0	10.0
1	2011	164	18822.0	 21.0	 29.0	3.000	 1.0	 3.0
1	2011	165	19061.0	 22.0	 29.0	3.000	 1.0	 1.0
1	2011	166	18863.0	 22.0	 29.0	3.000	 2.0	 1.0
1	2011	167	17040.0	 22.0	 29.0	3.000	 2.0	10.0
1	2011	168	17726.0	 22.0	 28.0	3.000	 2.0	 5.0
1	2011	169	10075.0	 22.0	 27.0	3.000	 2.0	 1.0
1	2011	170	13392.0	 22.0	 28.0	3.000	 2.0	 5.0
1	2011	171	17884.0	 22.0	 29.0	3.000	 1.0	 1.0
1	2011	172	16011.0	 23.0	 29.0	3.000	 2.0	 4.0
1	2011	173	15460.0	 22.0	 28.0	3.000	 2.0	13.0
1	2011	174	16546.0	 22.0	 29.0	3.000	 2.0	 3.0
1	2011	175	13270.0	 22.0	 26.0	3.000	 2.0	19.0
1	2011	176	18049.0	 22.0	 28.0	3.000	 1.0	10.0
1	2011	177	17447.0	 22.0	 29.0	3.000	 2.0	 2.0
1	2011	178	16016.0	 22.0	 28.0	3.000	 2.0	 4.0
1	2011	179	18572.0	 22.0	 28.0	3.000	 2.0	 2.0
1	2011	180	18181.0	 22.0	 28.0	3.000	 2.0	 2.0
1	2011	181	13121.0	 22.0	 26.0	3.000	 2.0	17.0
1	2011	182	15326.0	 22.0	 27.0	3.000	 1.0	 6.0
1	2011	183	16921.0	 22.0	 29.0	3.000	 1.0	 2.0
1	2011	184	15369.0	 22.0	 29.0	3.000	 2.0	11.0
1	2011	185	10130.0	 22.0	 25.0	3.000	 2.0	11.0
1	2011	186	17303.0	 22.0	 28.0	3.000	 1.0	 1.0
1	2011	187	11573.0	 22.0	 27.0	3.000	 2.0	21.0
1	2011	188	15239.0	 22.0	 28.0	3.000	 2.0	 6.0
1	2011	189	16157.0	 22.0	 28.0	3.000	 2.0	 2.0
1	2011	190	14639.0	 23.0	 28.0	3.000	 3.0	 3.0
1	2011	191	14980.0	 22.0	 27.0	3.000	 3.0	11.0
1	2011	192	13261.0	 21.0	 26.0	3.000	 3.0	11.0
1	2011	193	17776.0	 21.0	 29.0	3.000	 1.0	 5.0
1	2011	194	16882.0	 22.0	 28.0	3.000	 2.0	 4.0
1	2011	195	15022.0	 22.0	 28.0	3.000	 2.0	 5.0
1	2011	196	16370.0	 21.0	 28.0	3.000	 1.0	 9.0
1	2011	197	12984.0	 21.0	 27.0	3.000	 1.0	 6.0
1	2011	198	18493.0	 22.0	 28.0	3.000	 2.0	 8.0
1	2011	199	7869.0	 21.0	 26.0	3.000	 2.0	14.0
1	2011	200	19544.0	 22.0	 29.0	3.000	 1.0	 1.0
1	2011	201	16495.0	 22.0	 29.0	3.000	 2.0	 2.0
1	2011	202	13415.0	 22.0	 27.0	3.000	 3.0	 6.0
1	2011	203	13778.0	 22.0	 27.0	3.000	 3.0	 1.0
1	2011	204	16359.0	 22.0	 28.0	3.000	 2.0	 3.0
1	2011	205	14133.0	 22.0	 27.0	3.000	 3.0	 1.0
1	2011	206	13039.0	 21.0	 25.0	2.000	 3.0	 2.0
1	2011	207	12251.0	 20.0	 25.0	2.000	 3.0	 0.0
1	2011	208	11789.0	 21.0	 26.0	2.000	 2.0	 1.0
1	2011	209	15063.0	 21.0	 27.0	2.000	 2.0	 1.0
1	2011	210	12073.0	 22.0	 25.0	3.000	 3.0	 1.0
1	2011	211	16702.0	 21.0	 27.0	3.000	 3.0	 3.0
1	2011	212	12894.0	 21.0	 27.0	3.000	 1.0	 1.0
1	2011	213	17556.0	 22.0	 29.0	3.000	 1.0	 1.0
1	2011	214	13976.0	 22.0	 28.0	3.000	 2.0	 6.0
1	2011	215	13621.0	 22.0	 28.0	3.000	 1.0	 4.0
1	2011	216	7061.0	 22.0	 24.0	3.000	 3.0	 4.0
1	2011	217	8645.0	 22.0	 26.0	3.000	 3.0	 1.0
1	2011	218	12972.0	 21.0	 26.0	3.000	 3.0	 2.0
1	2011	219	9319.0	 21.0	 25.0	3.000	 3.0	 3.0
1	2011	220	13018.0	 21.0	 27.0	3.000	 2.0	 5.0
1	2011	221	18306.0	 22.0	 28.0	3.000	 2.0	 1.0
1	2011	222	15620.0	 22.0	 27.0	3.000	 2.0	 1.0
1	2011	223	16263.0	 22.0	 28.0	3.000	 2.0	 1.0
1	2011	224	16888.0	 22.0	 29.0	3.000	 2.0	 6.0
1	2011	225	11827.0	 22.0	 26.0	3.000	 3.0	 2.0
1	2011	226	12542.0	 21.0	 27.0	3.000	 3.0	 1.0
1	2011	227	17989.0	 21.0	 28.0	3.000	 2.0	 2.0
1	2011	228	15007.0	 22.0	 27.0	3.000	 3.0	 3.0
1	2011	229	17530.0	 21.0	 28.0	3.000	 3.0	 2.0
1	2011	230	18540.0	 21.0	 28.0	2.000	 3.0	 1.0
1	2011	231	20321.0	 21.0	 28.0	2.000	 2.0	 0.0
1	2011	232	19472.0	 21.0	 29.0	2.000	 1.0	 0.0
1	2011	233	20190.0	 21.0	 29.0	2.000	 2.0	 0.0
1	2011	234	14058.0	 21.0	 27.0	2.000	 2.0	 2.0
1	2011	235	14470.0	 21.0	 27.0	3.000	 2.0	 7.0
1	2011	236	17812.0	 21.0	 28.0	3.000	 2.0	 8.0
1	2011	237	15714.0	 21.0	 27.0	3.000	 2.0	 5.0
1	2011	238	12761.0	 22.0	 27.0	3.000	 2.0	 4.0
1	2011	239	16778.0	 21.0	 28.0	3.000	 2.0	17.0
1	2011	240	12958.0	 22.0	 27.0	3.000	 2.0	 7.0
1	2011	241	17669.0	 21.0	 28.0	3.000	 2.0	 4.0
1	2011	242	18863.0	 21.0	 29.0	3.000	 1.0	 6.0
1	2011	243	14900.0	 22.0	 28.0	3.000	 3.0	 8.0
1	2011	244	18130.0	 22.0	 29.0	3.000	 1.0	 4.0
1	2011	245	17634.0	 22.0	 29.0	3.000	 1.0	 7.0
1	2011	246	14513.0	 22.0	 27.0	3.000	 2.0	16.0
1	2011	247	20512.0	 21.0	 29.0	3.000	 2.0	 3.0
1	2011	248	17340.0	 22.0	 28.0	3.000	 1.0	 1.0
1	2011	249	17039.0	 22.0	 29.0	3.000	 1.0	 4.0
1	2011	250	20373.0	 22.0	 29.0	3.000	 2.0	 2.0
1	2011	251	14383.0	 23.0	 27.0	3.000	 2.0	 4.0
1	2011	252	15554.0	 22.0	 27.0	3.000	 2.0	12.0
1	2011	253	16422.0	 22.0	 28.0	3.000	 2.0	 7.0
1	2011	254	17898.0	 22.0	 28.0	3.000	 1.0	 1.0
1	2011	255	16270.0	 22.0	 28.0	3.000	 1.0	 4.0
1	2011	256	16386.0	 22.0	 28.0	3.000	 2.0	12.0
1	2011	257	16031.0	 22.0	 28.0	3.000	 3.0	 2.0
1	2011	258	8296.0	 22.0	 26.0	3.000	 2.0	 0.0
1	2011	259	19497.0	 22.0	 29.0	3.000	 2.0	 5.0
1	2011	260	14528.0	 22.0	 28.0	3.000	 2.0	14.0
1	2011	261	18934.0	 22.0	 29.0	3.000	 2.0	 2.0
1	2011	262	17565.0	 22.0	 28.0	3.000	 1.0	11.0
1	2011	263	12645.0	 22.0	 27.0	3.000	 1.0	10.0
1	2011	264	13740.0	 22.0	 27.0	3.000	 2.0	19.0
1	2011	265	19975.0	 22.0	 28.0	3.000	 1.0	 2.0
1	2011	266	18907.0	 22.0	 29.0	3.000	 0.0	 6.0
1	2011	267	15477.0	 22.0	 27.0	3.000	 1.0	14.0
1	2011	268	17300.0	 22.0	 29.0	3.000	 1.0	11.0
1	2011	269	19414.0	 22.0	 29.0	3.000	 1.0	 7.0
1	2011	270	12529.0	 22.0	 27.0	3.000	 1.0	12.0
1	2011	271	15999.0	 21.0	 27.0	3.000	 1.0	 9.0
1	2011	272	15959.0	 22.0	 28.0	3.000	 1.0	 6.0
1	2011	273	18582.0	 22.0	 28.0	3.000	 1.0	 9.0
1	2011	274	7750.0	 22.0	 25.0	3.000	 0.0	13.0
1	2011	275	15485.0	 21.0	 28.0	3.000	 1.0	 2.0
1	2011	276	19451.0	 22.0	 29.0	3.000	 1.0	 4.0
1	2011	277	20391.0	 22.0	 29.0	3.000	 1.0	 1.0
1	2011	278	19608.0	 23.0	 29.0	3.000	 1.0	 3.0
1	2011	279	18382.0	 22.0	 29.0	3.000	 1.0	 1.0
1	2011	280	15260.0	 23.0	 28.0	3.000	 1.0	 4.0
1	2011	281	14470.0	 23.0	 27.0	3.000	 1.0	 7.0
1	2011	282	15568.0	 22.0	 28.0	3.000	 1.0	12.0
1	2011	283	17098.0	 23.0	 29.0	3.000	 1.0	10.0
1	2011	284	14770.0	 22.0	 28.0	3.000	 1.0	 6.0
1	2011	285	17350.0	 22.0	 29.0	3.000	 1.0	 9.0
1	2011	286	13648.0	 22.0	 27.0	3.000	 1.0	 7.0
1	2011	287	19530.0	 22.0	 29.0	3.000	 1.0	 6.0
1	2011	288	17977.0	 22.0	 28.0	3.000	 1.0	 4.0
1	2011	289	13614.0	 22.0	 28.0	3.000	 1.0	 3.0
1	2011	290	18612.0	 22.0	 29.0	3.000	 1.0	 3.0
1	2011	291	18658.0	 22.0	 29.0	3.000	 1.0	 4.0
1	2011	292	19218.0	 22.0	 29.0	3.000	 1.0	 2.0
1	2011	293	20717.0	 23.0	 30.0	3.000	 1.0	 1.0
1	2011	294	19297.0	 23.0	 29.0	3.000	 1.0	 8.0
1	2011	295	9422.0	 22.0	 25.0	3.000	 2.0	14.0
1	2011	296	13125.0	 22.0	 27.0	3.000	 1.0	15.0
1	2011	297	21501.0	 21.0	 30.0	3.000	 0.0	13.0
1	2011	298	12003.0	 22.0	 27.0	3.000	 2.0	19.0
1	2011	299	10069.0	 21.0	 25.0	3.000	 1.0	16.0
1	2011	300	18669.0	 21.0	 29.0	3.000	 1.0	 1.0
1	2011	301	19377.0	 22.0	 28.0	3.000	 1.0	 1.0
1	2011	302	21918.0	 21.0	 29.0	3.000	 1.0	 0.0
1	2011	303	21499.0	 22.0	 29.0	3.000	 1.0	 1.0
1	2011	304	21559.0	 22.0	 30.0	3.000	 1.0	 0.0
1	2011	305	19560.0	 22.0	 29.0	3.000	 1.0	 1.0
1	2011	306	19356.0	 23.0	 29.0	3.000	 1.0	 4.0
1	2011	307	17365.0	 23.0	 29.0	3.000	 1.0	 1.0
1	2011	308	18630.0	 22.0	 29.0	3.000	 2.0	 1.0
1	2011	309	19039.0	 22.0	 29.0	3.000	 1.0	 1.0
1	2011	310	20467.0	 22.0	 29.0	3.000	 1.0	 1.0
1	2011	311	20174.0	 22.0	 30.0	3.000	 1.0	 1.0
1	2011	312	19165.0	 23.0	 29.0	3.000	 1.0	 1.0
1	2011	313	20210.0	 23.0	 30.0	3.000	 1.0	 1.0
1	2011	314	21032.0	 22.0	 31.0	3.000	 1.0	 1.0
1	2011	315	17928.0	 23.0	 29.0	3.000	 1.0	 3.0
1	2011	316	19495.0	 22.0	 30.0	3.000	 1.0	 0.0
1	2011	317	19132.0	 22.0	 30.0	3.000	 1.0	 2.0
1	2011	318	18122.0	 23.0	 29.0	3.000	 1.0	 2.0
1	2011	319	19225.0	 22.0	 30.0	3.000	 1.0	 0.0
1	2011	320	18761.0	 23.0	 30.0	3.000	 1.0	 0.0
1	2011	321	17826.0	 23.0	 30.0	3.000	 1.0	 1.0
1	2011	322	19511.0	 23.0	 30.0	3.000	 1.0	 1.0
1	2011	323	19253.0	 23.0	 30.0	3.000	 1.0	 1.0
1	2011	324	19451.0	 23.0	 30.0	3.000	 1.0	 0.0
1	2011	325	19731.0	 23.0	 31.0	3.000	 1.0	 0.0
1	2011	326	19837.0	 23.0	 31.0	3.000	 1.0	 0.0
1	2011	327	19773.0	 23.0	 31.0	3.000	 2.0	 0.0
1	2011	328	19164.0	 22.0	 30.0	3.000	 1.0	 1.0
1	2011	329	18603.0	 23.0	 30.0	3.000	 1.0	 0.0
1	2011	330	19110.0	 22.0	 30.0	3.000	 1.0	 0.0
1	2011	331	19610.0	 23.0	 30.0	3.000	 1.0	 0.0
1	2011	332	19041.0	 22.0	 30.0	3.000	 1.0	 1.0
1	2011	333	19498.0	 23.0	 31.0	3.000	 1.0	 0.0
1	2011	334	19846.0	 22.0	 31.0	3.000	 1.0	 0.0
1	2011	335	20925.0	 22.0	 31.0	2.000	 1.0	 0.0
1	2011	336	21867.0	 21.0	 32.0	2.000	 1.0	 0.0
1	2011	337	21296.0	 22.0	 32.0	2.000	 0.0	 0.0
1	2011	338	21367.0	 22.0	 32.0	2.000	 1.0	 0.0
1	2011	339	19221.0	 23.0	 31.0	3.000	 1.0	 0.0
1	2011	340	19310.0	 22.0	 31.0	3.000	 1.0	 0.0
1	2011	341	18614.0	 22.0	 31.0	3.000	 1.0	 0.0
1	2011	342	18632.0	 22.0	 31.0	3.000	 1.0	 0.0
1	2011	343	19728.0	 22.0	 31.0	3.000	 1.0	 0.0
1	2011	344	18660.0	 23.0	 31.0	2.000	 1.0	 0.0
1	2011	345	21058.0	 22.0	 32.0	2.000	 1.0	 0.0
1	2011	346	21178.0	 22.0	 32.0	2.000	 1.0	 0.0
1	2011	347	21634.0	 21.0	 31.0	2.000	 1.0	 0.0
1	2011	348	20980.0	 21.0	 31.0	2.000	 1.0	 0.0
1	2011	349	21083.0	 21.0	 32.0	2.000	 1.0	 0.0
1	2011	350	21756.0	 20.0	 32.0	2.000	 1.0	 0.0
1	2011	351	20392.0	 20.0	 32.0	2.000	 1.0	 0.0
1	2011	352	18889.0	 21.0	 32.0	2.000	 1.0	 0.0
1	2011	353	19243.0	 22.0	 32.0	3.000	 1.0	 0.0
1	2011	354	19281.0	 22.0	 32.0	3.000	 1.0	 0.0
1	2011	355	19938.0	 23.0	 32.0	2.000	 1.0	 0.0
1	2011	356	19340.0	 23.0	 32.0	2.000	 1.0	 0.0
1	2011	357	19645.0	 23.0	 32.0	2.000	 1.0	 0.0
1	2011	358	20093.0	 23.0	 32.0	2.000	 0.0	 0.0
1	2011	359	18628.0	 23.0	 32.0	2.000	 1.0	 0.0
1	2011	360	17906.0	 23.0	 31.0	3.000	 1.0	 0.0
1	2011	361	18574.0	 23.0	 32.0	3.000	 1.0	 0.0
1	2011	362	18388.0	 24.0	 32.0	3.000	 1.0	 0.0
1	2011	363	19237.0	 23.0	 32.0	2.000	 1.0	 0.0
1	2011	364	21523.0	 22.0	 32.0	2.000	 1.0	 0.0
1	2011	365	22076.0	 20.0	 32.0	2.000	 0.0	 0.0
