*---------------------------------------------------
* Station: Eastern
* Year: 2017
* Origin: ERA5-Reanalysis
* Columns & units
* ===================
* 1. station number
* 2. year
* 3. Day of Year
* 4. Irradiance   (kJ路m-2路d-1)
* 5. Daily minimum temperature (degC)
* 6. Daily maximum temperature (degC)
* 7. Vapour pressure (kPa)
* 8. Mean wind speed (m路s-1)
* 9. Precipitation (mm路d-1)
** WCCDESCRIPTION=Eastern
** WCCFORMAT=2
** WCCYEARNR=2017
*------------------------------------------------------------*
-0.45  6.42  495.00 -0.18  -0.55
1	2017	1	21231.0	 22.0	 33.0	2.000	 0.0	 0.0
1	2017	2	20874.0	 23.0	 33.0	2.000	 1.0	 0.0
1	2017	3	21023.0	 23.0	 33.0	2.000	 1.0	 0.0
1	2017	4	21571.0	 23.0	 34.0	2.000	 0.0	 0.0
1	2017	5	20787.0	 23.0	 34.0	2.000	 1.0	 0.0
1	2017	6	21806.0	 22.0	 34.0	2.000	 0.0	 0.0
1	2017	7	19777.0	 23.0	 33.0	3.000	 1.0	 0.0
1	2017	8	18665.0	 24.0	 32.0	3.000	 1.0	 0.0
1	2017	9	18740.0	 24.0	 33.0	2.000	 1.0	 0.0
1	2017	10	19432.0	 23.0	 33.0	2.000	 1.0	 0.0
1	2017	11	20247.0	 23.0	 33.0	3.000	 2.0	 0.0
1	2017	12	19020.0	 24.0	 32.0	3.000	 1.0	 0.0
1	2017	13	17856.0	 23.0	 31.0	3.000	 0.0	 0.0
1	2017	14	19860.0	 22.0	 32.0	2.000	 0.0	 0.0
1	2017	15	21476.0	 23.0	 34.0	2.000	 0.0	 0.0
1	2017	16	20653.0	 22.0	 34.0	2.000	 1.0	 0.0
1	2017	17	21357.0	 22.0	 34.0	2.000	 1.0	 0.0
1	2017	18	19676.0	 23.0	 33.0	3.000	 2.0	 0.0
1	2017	19	19472.0	 24.0	 33.0	3.000	 1.0	 0.0
1	2017	20	20074.0	 24.0	 34.0	3.000	 1.0	 0.0
1	2017	21	19094.0	 24.0	 34.0	3.000	 1.0	 4.0
1	2017	22	15678.0	 23.0	 30.0	3.000	 2.0	 4.0
1	2017	23	15282.0	 23.0	 31.0	3.000	 2.0	 1.0
1	2017	24	21303.0	 23.0	 33.0	2.000	 1.0	 0.0
1	2017	25	22294.0	 22.0	 33.0	2.000	 0.0	 0.0
1	2017	26	22018.0	 23.0	 33.0	2.000	 1.0	 0.0
1	2017	27	22309.0	 23.0	 34.0	2.000	 0.0	 0.0
1	2017	28	21368.0	 23.0	 33.0	3.000	 1.0	 0.0
1	2017	29	21200.0	 23.0	 33.0	3.000	 1.0	 0.0
1	2017	30	19739.0	 24.0	 33.0	3.000	 1.0	 0.0
1	2017	31	17777.0	 24.0	 31.0	3.000	 2.0	 9.0
1	2017	32	15584.0	 24.0	 29.0	3.000	 2.0	 4.0
1	2017	33	20720.0	 23.0	 33.0	3.000	 1.0	 5.0
1	2017	34	19206.0	 23.0	 32.0	3.000	 1.0	 2.0
1	2017	35	18340.0	 24.0	 31.0	3.000	 1.0	 0.0
1	2017	36	20718.0	 24.0	 33.0	3.000	 1.0	 1.0
1	2017	37	19330.0	 24.0	 32.0	3.000	 1.0	 0.0
1	2017	38	19912.0	 24.0	 33.0	3.000	 1.0	 0.0
1	2017	39	21826.0	 24.0	 33.0	3.000	 2.0	 0.0
1	2017	40	19677.0	 24.0	 33.0	3.000	 2.0	 1.0
1	2017	41	19729.0	 24.0	 33.0	3.000	 2.0	 3.0
1	2017	42	19429.0	 24.0	 32.0	3.000	 2.0	 0.0
1	2017	43	20072.0	 24.0	 33.0	3.000	 2.0	 1.0
1	2017	44	17311.0	 24.0	 32.0	3.000	 1.0	 3.0
1	2017	45	20298.0	 24.0	 33.0	3.000	 0.0	 0.0
1	2017	46	22597.0	 24.0	 34.0	3.000	 1.0	 0.0
1	2017	47	20210.0	 24.0	 33.0	3.000	 1.0	 0.0
1	2017	48	19051.0	 25.0	 33.0	3.000	 1.0	 1.0
1	2017	49	21244.0	 24.0	 33.0	2.000	 1.0	 0.0
1	2017	50	23469.0	 23.0	 33.0	2.000	 1.0	 0.0
1	2017	51	21955.0	 23.0	 34.0	3.000	 1.0	 0.0
1	2017	52	22654.0	 24.0	 34.0	3.000	 1.0	 0.0
1	2017	53	21873.0	 24.0	 34.0	3.000	 2.0	 0.0
1	2017	54	19665.0	 24.0	 32.0	3.000	 2.0	 1.0
1	2017	55	21869.0	 24.0	 34.0	3.000	 2.0	 1.0
1	2017	56	21116.0	 24.0	 34.0	3.000	 2.0	 0.0
1	2017	57	16173.0	 24.0	 31.0	3.000	 2.0	 3.0
1	2017	58	20274.0	 22.0	 32.0	3.000	 2.0	 1.0
1	2017	59	21508.0	 24.0	 33.0	3.000	 2.0	 2.0
1	2017	60	18989.0	 24.0	 32.0	3.000	 2.0	 3.0
1	2017	61	19436.0	 24.0	 32.0	3.000	 2.0	 1.0
1	2017	62	21308.0	 24.0	 33.0	3.000	 2.0	 0.0
1	2017	63	19399.0	 25.0	 33.0	3.000	 2.0	 3.0
1	2017	64	19452.0	 24.0	 32.0	3.000	 2.0	 1.0
1	2017	65	19918.0	 24.0	 32.0	3.000	 2.0	 4.0
1	2017	66	18395.0	 24.0	 32.0	3.000	 1.0	 1.0
1	2017	67	23824.0	 23.0	 35.0	3.000	 1.0	 0.0
1	2017	68	20742.0	 24.0	 33.0	3.000	 2.0	 0.0
1	2017	69	19499.0	 24.0	 33.0	3.000	 2.0	 3.0
1	2017	70	20961.0	 24.0	 33.0	3.000	 2.0	 2.0
1	2017	71	19009.0	 24.0	 32.0	3.000	 2.0	 1.0
1	2017	72	22006.0	 24.0	 33.0	3.000	 2.0	 0.0
1	2017	73	20656.0	 24.0	 32.0	3.000	 2.0	 4.0
1	2017	74	22475.0	 24.0	 34.0	3.000	 2.0	 1.0
1	2017	75	22951.0	 24.0	 34.0	3.000	 1.0	 0.0
1	2017	76	23196.0	 24.0	 34.0	3.000	 2.0	 0.0
1	2017	77	23657.0	 24.0	 34.0	3.000	 2.0	 0.0
1	2017	78	23698.0	 24.0	 34.0	3.000	 2.0	 1.0
1	2017	79	14634.0	 24.0	 29.0	3.000	 2.0	 9.0
1	2017	80	20672.0	 23.0	 32.0	3.000	 2.0	 2.0
1	2017	81	17668.0	 24.0	 31.0	3.000	 3.0	 3.0
1	2017	82	18420.0	 23.0	 30.0	3.000	 2.0	15.0
1	2017	83	21961.0	 23.0	 31.0	3.000	 1.0	 0.0
1	2017	84	18344.0	 24.0	 31.0	3.000	 2.0	 1.0
1	2017	85	23307.0	 24.0	 32.0	3.000	 2.0	 0.0
1	2017	86	22092.0	 24.0	 32.0	3.000	 2.0	 0.0
1	2017	87	25000.0	 24.0	 35.0	3.000	 2.0	 0.0
1	2017	88	23380.0	 24.0	 35.0	3.000	 2.0	 0.0
1	2017	89	19549.0	 25.0	 32.0	3.000	 2.0	 7.0
1	2017	90	18316.0	 24.0	 33.0	3.000	 2.0	 0.0
1	2017	91	23502.0	 24.0	 34.0	3.000	 2.0	 2.0
1	2017	92	20865.0	 24.0	 32.0	3.000	 2.0	 2.0
1	2017	93	17704.0	 24.0	 31.0	3.000	 1.0	23.0
1	2017	94	20939.0	 23.0	 32.0	3.000	 1.0	 2.0
1	2017	95	22809.0	 24.0	 32.0	3.000	 2.0	 3.0
1	2017	96	19505.0	 24.0	 31.0	3.000	 2.0	 3.0
1	2017	97	20001.0	 24.0	 31.0	3.000	 1.0	12.0
1	2017	98	20259.0	 23.0	 31.0	3.000	 1.0	14.0
1	2017	99	19662.0	 24.0	 31.0	3.000	 1.0	 7.0
1	2017	100	22198.0	 24.0	 32.0	3.000	 2.0	 1.0
1	2017	101	23438.0	 23.0	 32.0	3.000	 2.0	 2.0
1	2017	102	20752.0	 24.0	 31.0	3.000	 3.0	 2.0
1	2017	103	18951.0	 24.0	 31.0	3.000	 3.0	 2.0
1	2017	104	12424.0	 24.0	 29.0	3.000	 3.0	 4.0
1	2017	105	19405.0	 23.0	 31.0	3.000	 1.0	 2.0
1	2017	106	19154.0	 23.0	 31.0	3.000	 2.0	 7.0
1	2017	107	23313.0	 23.0	 32.0	3.000	 1.0	 0.0
1	2017	108	19298.0	 24.0	 32.0	3.000	 1.0	 4.0
1	2017	109	22909.0	 24.0	 32.0	3.000	 2.0	 2.0
1	2017	110	21086.0	 24.0	 32.0	3.000	 2.0	 3.0
1	2017	111	12199.0	 24.0	 28.0	3.000	 2.0	 4.0
1	2017	112	24603.0	 22.0	 32.0	3.000	 2.0	 0.0
1	2017	113	24186.0	 23.0	 32.0	3.000	 2.0	 0.0
1	2017	114	23281.0	 24.0	 32.0	3.000	 1.0	 1.0
1	2017	115	18267.0	 24.0	 31.0	3.000	 2.0	 8.0
1	2017	116	19419.0	 24.0	 31.0	3.000	 2.0	 3.0
1	2017	117	21381.0	 23.0	 31.0	3.000	 1.0	 5.0
1	2017	118	22394.0	 23.0	 31.0	3.000	 2.0	 2.0
1	2017	119	20961.0	 24.0	 31.0	3.000	 2.0	 3.0
1	2017	120	24153.0	 24.0	 32.0	3.000	 2.0	 0.0
1	2017	121	22086.0	 24.0	 32.0	3.000	 2.0	 2.0
1	2017	122	21499.0	 23.0	 31.0	3.000	 2.0	 4.0
1	2017	123	18223.0	 24.0	 30.0	3.000	 2.0	 7.0
1	2017	124	13365.0	 23.0	 29.0	3.000	 2.0	15.0
1	2017	125	11800.0	 23.0	 29.0	3.000	 1.0	 1.0
1	2017	126	24588.0	 23.0	 33.0	3.000	 2.0	 1.0
1	2017	127	19257.0	 24.0	 31.0	3.000	 2.0	 6.0
1	2017	128	22397.0	 24.0	 31.0	3.000	 1.0	 6.0
1	2017	129	23517.0	 23.0	 32.0	3.000	 2.0	 3.0
1	2017	130	19919.0	 24.0	 31.0	3.000	 2.0	 1.0
1	2017	131	19682.0	 24.0	 31.0	3.000	 1.0	 9.0
1	2017	132	18387.0	 23.0	 31.0	3.000	 1.0	 3.0
1	2017	133	20700.0	 23.0	 31.0	3.000	 0.0	 3.0
1	2017	134	19223.0	 24.0	 31.0	3.000	 2.0	14.0
1	2017	135	17100.0	 23.0	 29.0	3.000	 3.0	 1.0
1	2017	136	14471.0	 23.0	 29.0	3.000	 2.0	10.0
1	2017	137	17588.0	 23.0	 30.0	3.000	 2.0	 3.0
1	2017	138	17244.0	 23.0	 29.0	3.000	 2.0	 2.0
1	2017	139	21501.0	 23.0	 30.0	3.000	 1.0	 0.0
1	2017	140	20895.0	 23.0	 31.0	3.000	 1.0	 3.0
1	2017	141	13489.0	 24.0	 29.0	3.000	 1.0	 1.0
1	2017	142	20378.0	 23.0	 32.0	3.000	 1.0	 0.0
1	2017	143	19012.0	 24.0	 31.0	3.000	 2.0	 2.0
1	2017	144	19665.0	 24.0	 31.0	3.000	 2.0	 3.0
1	2017	145	17511.0	 23.0	 30.0	3.000	 2.0	 8.0
1	2017	146	14861.0	 23.0	 29.0	3.000	 0.0	21.0
1	2017	147	15414.0	 22.0	 29.0	3.000	 1.0	 1.0
1	2017	148	19552.0	 23.0	 30.0	3.000	 1.0	 3.0
1	2017	149	20632.0	 24.0	 31.0	3.000	 2.0	 2.0
1	2017	150	20040.0	 23.0	 29.0	3.000	 2.0	 1.0
1	2017	151	17264.0	 23.0	 29.0	3.000	 2.0	 6.0
1	2017	152	18866.0	 23.0	 30.0	3.000	 1.0	 0.0
1	2017	153	19715.0	 23.0	 31.0	3.000	 2.0	 1.0
1	2017	154	11776.0	 23.0	 28.0	3.000	 1.0	17.0
1	2017	155	17533.0	 23.0	 29.0	3.000	 2.0	 4.0
1	2017	156	14153.0	 23.0	 28.0	3.000	 2.0	17.0
1	2017	157	14796.0	 23.0	 28.0	3.000	 2.0	 4.0
1	2017	158	17650.0	 22.0	 29.0	3.000	 1.0	 6.0
1	2017	159	18656.0	 23.0	 30.0	3.000	 1.0	 1.0
1	2017	160	20384.0	 23.0	 31.0	3.000	 1.0	 3.0
1	2017	161	12151.0	 24.0	 28.0	3.000	 2.0	10.0
1	2017	162	15939.0	 23.0	 30.0	3.000	 1.0	 5.0
1	2017	163	12093.0	 22.0	 27.0	3.000	 3.0	13.0
1	2017	164	15034.0	 22.0	 27.0	3.000	 2.0	 4.0
1	2017	165	13828.0	 23.0	 28.0	3.000	 2.0	 1.0
1	2017	166	13100.0	 23.0	 28.0	3.000	 2.0	 6.0
1	2017	167	14775.0	 22.0	 28.0	3.000	 2.0	16.0
1	2017	168	10431.0	 21.0	 27.0	3.000	 1.0	 1.0
1	2017	169	16596.0	 22.0	 29.0	3.000	 1.0	 8.0
1	2017	170	14614.0	 22.0	 28.0	3.000	 2.0	13.0
1	2017	171	8140.0	 22.0	 25.0	3.000	 3.0	 6.0
1	2017	172	11400.0	 22.0	 27.0	3.000	 1.0	 1.0
1	2017	173	17787.0	 22.0	 29.0	3.000	 1.0	 1.0
1	2017	174	15492.0	 23.0	 29.0	3.000	 2.0	 1.0
1	2017	175	13485.0	 23.0	 27.0	3.000	 3.0	 6.0
1	2017	176	15747.0	 22.0	 28.0	3.000	 1.0	 5.0
1	2017	177	11659.0	 22.0	 26.0	3.000	 0.0	 8.0
1	2017	178	17026.0	 22.0	 29.0	3.000	 1.0	 8.0
1	2017	179	16953.0	 23.0	 28.0	3.000	 2.0	 2.0
1	2017	180	14098.0	 22.0	 27.0	3.000	 1.0	 8.0
1	2017	181	18706.0	 22.0	 29.0	3.000	 2.0	 1.0
1	2017	182	16906.0	 22.0	 28.0	3.000	 2.0	 8.0
1	2017	183	12243.0	 22.0	 26.0	3.000	 2.0	 6.0
1	2017	184	17023.0	 22.0	 29.0	3.000	 2.0	 8.0
1	2017	185	14812.0	 22.0	 27.0	3.000	 2.0	 8.0
1	2017	186	14288.0	 22.0	 28.0	3.000	 2.0	 5.0
1	2017	187	9596.0	 22.0	 26.0	3.000	 2.0	35.0
1	2017	188	12696.0	 22.0	 27.0	3.000	 2.0	 8.0
1	2017	189	12870.0	 22.0	 27.0	3.000	 2.0	 4.0
1	2017	190	14920.0	 22.0	 27.0	3.000	 2.0	10.0
1	2017	191	20334.0	 21.0	 29.0	2.000	 3.0	 0.0
1	2017	192	25430.0	 20.0	 29.0	2.000	 2.0	 0.0
1	2017	193	22321.0	 20.0	 29.0	2.000	 1.0	 0.0
1	2017	194	20326.0	 21.0	 28.0	3.000	 2.0	 1.0
1	2017	195	18589.0	 21.0	 29.0	3.000	 2.0	 1.0
1	2017	196	18577.0	 21.0	 29.0	3.000	 2.0	 0.0
1	2017	197	17657.0	 22.0	 28.0	3.000	 2.0	 4.0
1	2017	198	17381.0	 22.0	 29.0	3.000	 2.0	 4.0
1	2017	199	7878.0	 22.0	 26.0	3.000	 2.0	 3.0
1	2017	200	16280.0	 22.0	 28.0	3.000	 2.0	 3.0
1	2017	201	15625.0	 22.0	 28.0	3.000	 2.0	 2.0
1	2017	202	16956.0	 22.0	 28.0	3.000	 2.0	 5.0
1	2017	203	15331.0	 22.0	 28.0	3.000	 2.0	 6.0
1	2017	204	8831.0	 22.0	 26.0	3.000	 3.0	10.0
1	2017	205	12451.0	 21.0	 26.0	3.000	 3.0	 9.0
1	2017	206	14253.0	 21.0	 27.0	3.000	 3.0	 6.0
1	2017	207	11739.0	 21.0	 26.0	3.000	 2.0	 3.0
1	2017	208	18971.0	 22.0	 28.0	3.000	 2.0	 2.0
1	2017	209	15474.0	 22.0	 28.0	3.000	 2.0	13.0
1	2017	210	17001.0	 22.0	 29.0	3.000	 2.0	10.0
1	2017	211	16068.0	 22.0	 28.0	3.000	 2.0	 2.0
1	2017	212	17200.0	 22.0	 28.0	3.000	 2.0	 3.0
1	2017	213	14894.0	 22.0	 28.0	3.000	 2.0	 8.0
1	2017	214	1742.0	 22.0	 23.0	3.000	 2.0	78.0
1	2017	215	14389.0	 21.0	 26.0	3.000	 3.0	 2.0
1	2017	216	12922.0	 22.0	 27.0	3.000	 2.0	 4.0
1	2017	217	12242.0	 22.0	 27.0	3.000	 3.0	 6.0
1	2017	218	17791.0	 22.0	 28.0	3.000	 3.0	 2.0
1	2017	219	20017.0	 22.0	 29.0	3.000	 1.0	 1.0
1	2017	220	17851.0	 22.0	 28.0	3.000	 2.0	 1.0
1	2017	221	19409.0	 22.0	 29.0	3.000	 2.0	 2.0
1	2017	222	17727.0	 22.0	 28.0	3.000	 1.0	 1.0
1	2017	223	17267.0	 22.0	 29.0	3.000	 1.0	10.0
1	2017	224	16924.0	 22.0	 29.0	3.000	 1.0	 2.0
1	2017	225	15727.0	 22.0	 28.0	3.000	 2.0	 7.0
1	2017	226	17441.0	 22.0	 29.0	3.000	 2.0	24.0
1	2017	227	6826.0	 22.0	 25.0	3.000	 3.0	43.0
1	2017	228	16795.0	 22.0	 29.0	3.000	 2.0	 0.0
1	2017	229	15531.0	 21.0	 29.0	2.000	 2.0	 2.0
1	2017	230	10227.0	 22.0	 26.0	3.000	 3.0	 2.0
1	2017	231	17350.0	 21.0	 28.0	3.000	 2.0	 1.0
1	2017	232	15866.0	 20.0	 27.0	2.000	 1.0	 1.0
1	2017	233	15648.0	 21.0	 28.0	3.000	 2.0	 1.0
1	2017	234	15357.0	 22.0	 27.0	3.000	 3.0	 4.0
1	2017	235	16185.0	 22.0	 28.0	3.000	 2.0	 1.0
1	2017	236	19351.0	 21.0	 29.0	3.000	 1.0	 3.0
1	2017	237	9385.0	 22.0	 26.0	3.000	 1.0	 4.0
1	2017	238	6082.0	 22.0	 25.0	3.000	 0.0	15.0
1	2017	239	18728.0	 22.0	 29.0	3.000	 2.0	 5.0
1	2017	240	13419.0	 21.0	 28.0	3.000	 1.0	 1.0
1	2017	241	13693.0	 22.0	 27.0	3.000	 2.0	 4.0
1	2017	242	12082.0	 22.0	 26.0	3.000	 3.0	 8.0
1	2017	243	14883.0	 22.0	 27.0	3.000	 3.0	 2.0
1	2017	244	15041.0	 22.0	 27.0	3.000	 2.0	 4.0
1	2017	245	14578.0	 21.0	 28.0	3.000	 2.0	 2.0
1	2017	246	15708.0	 22.0	 28.0	3.000	 2.0	 5.0
1	2017	247	12691.0	 21.0	 27.0	3.000	 2.0	 2.0
1	2017	248	18533.0	 22.0	 29.0	3.000	 1.0	 1.0
1	2017	249	14315.0	 22.0	 27.0	3.000	 2.0	10.0
1	2017	250	6347.0	 21.0	 24.0	3.000	 3.0	25.0
1	2017	251	14872.0	 21.0	 27.0	3.000	 1.0	 2.0
1	2017	252	15336.0	 21.0	 27.0	3.000	 1.0	 1.0
1	2017	253	19776.0	 22.0	 30.0	3.000	 1.0	 3.0
1	2017	254	13507.0	 22.0	 28.0	3.000	 1.0	 8.0
1	2017	255	8041.0	 22.0	 25.0	3.000	 2.0	28.0
1	2017	256	17357.0	 22.0	 28.0	3.000	 2.0	 2.0
1	2017	257	16419.0	 22.0	 28.0	3.000	 1.0	 1.0
1	2017	258	16594.0	 22.0	 28.0	3.000	 2.0	 2.0
1	2017	259	17590.0	 22.0	 29.0	3.000	 3.0	 4.0
1	2017	260	19405.0	 22.0	 28.0	3.000	 2.0	 3.0
1	2017	261	19059.0	 22.0	 29.0	3.000	 1.0	 2.0
1	2017	262	17588.0	 23.0	 29.0	3.000	 1.0	 2.0
1	2017	263	14881.0	 22.0	 28.0	3.000	 2.0	 1.0
1	2017	264	20125.0	 23.0	 29.0	3.000	 2.0	 1.0
1	2017	265	13153.0	 22.0	 27.0	3.000	 3.0	 2.0
1	2017	266	19964.0	 21.0	 29.0	3.000	 1.0	 2.0
1	2017	267	20455.0	 22.0	 30.0	3.000	 0.0	 4.0
1	2017	268	18669.0	 22.0	 29.0	3.000	 1.0	 4.0
1	2017	269	17495.0	 22.0	 29.0	3.000	 1.0	11.0
1	2017	270	14953.0	 22.0	 28.0	3.000	 1.0	11.0
1	2017	271	19803.0	 22.0	 29.0	3.000	 1.0	 6.0
1	2017	272	2943.0	 22.0	 23.0	3.000	 1.0	36.0
1	2017	273	18801.0	 22.0	 29.0	3.000	 1.0	 2.0
1	2017	274	18217.0	 22.0	 29.0	3.000	 1.0	10.0
1	2017	275	21522.0	 22.0	 30.0	3.000	 1.0	 1.0
1	2017	276	20306.0	 22.0	 30.0	3.000	 1.0	 3.0
1	2017	277	17194.0	 23.0	 29.0	3.000	 2.0	 5.0
1	2017	278	17498.0	 22.0	 29.0	3.000	 1.0	 4.0
1	2017	279	14041.0	 22.0	 27.0	3.000	 1.0	 8.0
1	2017	280	16189.0	 22.0	 28.0	3.000	 2.0	 8.0
1	2017	281	9464.0	 22.0	 26.0	3.000	 1.0	 8.0
1	2017	282	18729.0	 22.0	 29.0	3.000	 0.0	 1.0
1	2017	283	19944.0	 23.0	 29.0	3.000	 1.0	 4.0
1	2017	284	17196.0	 23.0	 29.0	3.000	 2.0	 7.0
1	2017	285	20808.0	 22.0	 29.0	3.000	 1.0	 5.0
1	2017	286	20304.0	 22.0	 30.0	3.000	 1.0	 6.0
1	2017	287	17990.0	 23.0	 29.0	3.000	 1.0	10.0
1	2017	288	21611.0	 22.0	 29.0	3.000	 1.0	 1.0
1	2017	289	20985.0	 23.0	 30.0	3.000	 1.0	 1.0
1	2017	290	18845.0	 23.0	 30.0	3.000	 1.0	 6.0
1	2017	291	18647.0	 23.0	 29.0	3.000	 1.0	 4.0
1	2017	292	15849.0	 22.0	 28.0	3.000	 1.0	 2.0
1	2017	293	19630.0	 22.0	 30.0	3.000	 1.0	 4.0
1	2017	294	20183.0	 23.0	 30.0	3.000	 1.0	 1.0
1	2017	295	18707.0	 23.0	 29.0	3.000	 2.0	 1.0
1	2017	296	15782.0	 23.0	 29.0	3.000	 1.0	 5.0
1	2017	297	19933.0	 23.0	 30.0	3.000	 1.0	 1.0
1	2017	298	18763.0	 23.0	 30.0	3.000	 1.0	 1.0
1	2017	299	19540.0	 23.0	 30.0	3.000	 1.0	 2.0
1	2017	300	18678.0	 23.0	 30.0	3.000	 1.0	 3.0
1	2017	301	17184.0	 23.0	 29.0	3.000	 1.0	11.0
1	2017	302	18387.0	 22.0	 29.0	3.000	 1.0	 3.0
1	2017	303	20648.0	 23.0	 30.0	3.000	 1.0	 1.0
1	2017	304	17690.0	 23.0	 30.0	3.000	 1.0	 1.0
1	2017	305	20722.0	 23.0	 30.0	3.000	 1.0	 3.0
1	2017	306	18251.0	 23.0	 30.0	3.000	 1.0	 5.0
1	2017	307	19160.0	 23.0	 30.0	3.000	 1.0	 4.0
1	2017	308	16599.0	 23.0	 29.0	3.000	 2.0	 8.0
1	2017	309	18683.0	 22.0	 29.0	3.000	 1.0	 3.0
1	2017	310	15748.0	 21.0	 28.0	3.000	 2.0	 3.0
1	2017	311	19554.0	 22.0	 29.0	3.000	 1.0	 1.0
1	2017	312	20751.0	 22.0	 30.0	3.000	 1.0	 1.0
1	2017	313	19061.0	 23.0	 30.0	3.000	 1.0	 0.0
1	2017	314	20492.0	 23.0	 30.0	3.000	 1.0	 1.0
1	2017	315	17803.0	 23.0	 29.0	3.000	 1.0	 1.0
1	2017	316	20609.0	 23.0	 30.0	3.000	 1.0	 0.0
1	2017	317	19385.0	 23.0	 30.0	3.000	 1.0	 1.0
1	2017	318	16518.0	 23.0	 29.0	3.000	 1.0	 1.0
1	2017	319	16008.0	 22.0	 29.0	3.000	 2.0	 5.0
1	2017	320	16854.0	 23.0	 30.0	3.000	 1.0	 1.0
1	2017	321	17833.0	 23.0	 29.0	3.000	 2.0	 1.0
1	2017	322	16539.0	 23.0	 29.0	3.000	 2.0	 0.0
1	2017	323	16991.0	 23.0	 29.0	3.000	 2.0	 1.0
1	2017	324	16833.0	 23.0	 29.0	3.000	 1.0	 3.0
1	2017	325	20131.0	 23.0	 30.0	3.000	 1.0	 4.0
1	2017	326	15577.0	 23.0	 29.0	3.000	 1.0	 5.0
1	2017	327	15152.0	 23.0	 28.0	3.000	 1.0	 2.0
1	2017	328	18557.0	 22.0	 30.0	3.000	 1.0	 1.0
1	2017	329	17307.0	 22.0	 29.0	3.000	 1.0	 5.0
1	2017	330	18889.0	 22.0	 30.0	3.000	 1.0	 0.0
1	2017	331	20034.0	 22.0	 30.0	3.000	 1.0	 0.0
1	2017	332	21331.0	 22.0	 31.0	3.000	 1.0	 0.0
1	2017	333	20546.0	 22.0	 31.0	3.000	 1.0	 0.0
1	2017	334	20552.0	 23.0	 31.0	3.000	 1.0	 0.0
1	2017	335	20583.0	 23.0	 32.0	3.000	 1.0	 0.0
1	2017	336	18220.0	 23.0	 30.0	3.000	 1.0	 0.0
1	2017	337	18208.0	 23.0	 30.0	3.000	 1.0	 1.0
1	2017	338	19189.0	 23.0	 31.0	3.000	 1.0	 1.0
1	2017	339	18099.0	 24.0	 31.0	3.000	 1.0	 0.0
1	2017	340	18596.0	 24.0	 32.0	3.000	 1.0	 0.0
1	2017	341	17054.0	 24.0	 31.0	3.000	 1.0	 1.0
1	2017	342	15825.0	 23.0	 29.0	3.000	 1.0	10.0
1	2017	343	14207.0	 23.0	 29.0	3.000	 1.0	 6.0
1	2017	344	19824.0	 22.0	 31.0	2.000	 0.0	 0.0
1	2017	345	20771.0	 22.0	 31.0	2.000	 0.0	 0.0
1	2017	346	17607.0	 23.0	 31.0	2.000	 1.0	 0.0
1	2017	347	20415.0	 23.0	 32.0	3.000	 1.0	 0.0
1	2017	348	18584.0	 23.0	 31.0	3.000	 1.0	 0.0
1	2017	349	18510.0	 23.0	 31.0	3.000	 1.0	 0.0
1	2017	350	16657.0	 23.0	 31.0	3.000	 1.0	 1.0
1	2017	351	17233.0	 23.0	 31.0	3.000	 2.0	 0.0
1	2017	352	18251.0	 24.0	 31.0	3.000	 2.0	 2.0
1	2017	353	14167.0	 23.0	 29.0	3.000	 2.0	 2.0
1	2017	354	15943.0	 23.0	 31.0	3.000	 1.0	 3.0
1	2017	355	16237.0	 22.0	 30.0	3.000	 0.0	 4.0
1	2017	356	20254.0	 22.0	 32.0	2.000	 0.0	 0.0
1	2017	357	21750.0	 21.0	 32.0	2.000	 1.0	 0.0
1	2017	358	22077.0	 20.0	 32.0	2.000	 0.0	 0.0
1	2017	359	21084.0	 21.0	 32.0	2.000	 1.0	 0.0
1	2017	360	20672.0	 21.0	 32.0	2.000	 1.0	 0.0
1	2017	361	21452.0	 21.0	 33.0	2.000	 0.0	 0.0
1	2017	362	21250.0	 21.0	 33.0	2.000	 1.0	 0.0
1	2017	363	20743.0	 23.0	 33.0	3.000	 1.0	 0.0
1	2017	364	19631.0	 23.0	 33.0	2.000	 0.0	 0.0
1	2017	365	20411.0	 23.0	 32.0	2.000	 0.0	 0.0
