*---------------------------------------------------
* Station: Eastern
* Year: 2018
* Origin: ERA5-Reanalysis
* Columns & units
* ===================
* 1. station number
* 2. year
* 3. Day of Year
* 4. Irradiance   (kJ路m-2路d-1)
* 5. Daily minimum temperature (degC)
* 6. Daily maximum temperature (degC)
* 7. Vapour pressure (kPa)
* 8. Mean wind speed (m路s-1)
* 9. Precipitation (mm路d-1)
** WCCDESCRIPTION=Eastern
** WCCFORMAT=2
** WCCYEARNR=2018
*------------------------------------------------------------*
-0.45  6.42  495.00 -0.18  -0.55
1	2018	1	20782.0	 22.0	 32.0	2.000	 1.0	 0.0
1	2018	2	20737.0	 22.0	 32.0	2.000	 1.0	 0.0
1	2018	3	21859.0	 21.0	 33.0	2.000	 1.0	 0.0
1	2018	4	22515.0	 21.0	 33.0	2.000	 1.0	 0.0
1	2018	5	22430.0	 20.0	 32.0	2.000	 1.0	 0.0
1	2018	6	19845.0	 21.0	 32.0	2.000	 1.0	 0.0
1	2018	7	17850.0	 23.0	 31.0	3.000	 1.0	 1.0
1	2018	8	18193.0	 23.0	 32.0	2.000	 1.0	 0.0
1	2018	9	20359.0	 23.0	 33.0	2.000	 1.0	 0.0
1	2018	10	19754.0	 23.0	 32.0	2.000	 1.0	 0.0
1	2018	11	20382.0	 23.0	 33.0	2.000	 1.0	 0.0
1	2018	12	21427.0	 23.0	 33.0	2.000	 1.0	 0.0
1	2018	13	22485.0	 21.0	 33.0	2.000	 0.0	 0.0
1	2018	14	21900.0	 21.0	 33.0	2.000	 0.0	 0.0
1	2018	15	19582.0	 22.0	 33.0	2.000	 1.0	 0.0
1	2018	16	18928.0	 23.0	 32.0	3.000	 1.0	 0.0
1	2018	17	18331.0	 23.0	 32.0	3.000	 1.0	 0.0
1	2018	18	20540.0	 23.0	 33.0	2.000	 1.0	 0.0
1	2018	19	20731.0	 23.0	 33.0	2.000	 1.0	 0.0
1	2018	20	20340.0	 23.0	 33.0	2.000	 1.0	 0.0
1	2018	21	21250.0	 23.0	 34.0	2.000	 1.0	 0.0
1	2018	22	19956.0	 22.0	 32.0	2.000	 1.0	 0.0
1	2018	23	20386.0	 23.0	 33.0	2.000	 1.0	 0.0
1	2018	24	20754.0	 23.0	 33.0	2.000	 1.0	 0.0
1	2018	25	18873.0	 23.0	 32.0	2.000	 1.0	 0.0
1	2018	26	22131.0	 22.0	 33.0	2.000	 1.0	 0.0
1	2018	27	21648.0	 23.0	 34.0	2.000	 1.0	 0.0
1	2018	28	18342.0	 23.0	 32.0	3.000	 1.0	 2.0
1	2018	29	21258.0	 23.0	 34.0	3.000	 1.0	 0.0
1	2018	30	20647.0	 23.0	 33.0	2.000	 1.0	 0.0
1	2018	31	21502.0	 24.0	 34.0	3.000	 1.0	 0.0
1	2018	32	21000.0	 23.0	 34.0	3.000	 1.0	 0.0
1	2018	33	18431.0	 24.0	 32.0	3.000	 1.0	 0.0
1	2018	34	20890.0	 23.0	 34.0	3.000	 1.0	 0.0
1	2018	35	20860.0	 25.0	 35.0	3.000	 1.0	 0.0
1	2018	36	21348.0	 24.0	 35.0	3.000	 1.0	 0.0
1	2018	37	20201.0	 25.0	 34.0	3.000	 2.0	 0.0
1	2018	38	19349.0	 25.0	 33.0	3.000	 2.0	 1.0
1	2018	39	18747.0	 25.0	 33.0	3.000	 2.0	 0.0
1	2018	40	17075.0	 24.0	 34.0	3.000	 2.0	 0.0
1	2018	41	21598.0	 24.0	 34.0	3.000	 2.0	 0.0
1	2018	42	15616.0	 25.0	 33.0	3.000	 2.0	 0.0
1	2018	43	21014.0	 24.0	 34.0	3.000	 1.0	 0.0
1	2018	44	18522.0	 25.0	 33.0	3.000	 1.0	 2.0
1	2018	45	22729.0	 24.0	 36.0	3.000	 1.0	 0.0
1	2018	46	21543.0	 24.0	 35.0	3.000	 1.0	 0.0
1	2018	47	22121.0	 24.0	 35.0	3.000	 1.0	 0.0
1	2018	48	21310.0	 25.0	 35.0	3.000	 2.0	 0.0
1	2018	49	19046.0	 25.0	 32.0	3.000	 3.0	 8.0
1	2018	50	22187.0	 23.0	 34.0	3.000	 2.0	 2.0
1	2018	51	19198.0	 24.0	 32.0	3.000	 2.0	 6.0
1	2018	52	21687.0	 22.0	 32.0	2.000	 2.0	 0.0
1	2018	53	22731.0	 23.0	 33.0	3.000	 2.0	 0.0
1	2018	54	21393.0	 24.0	 32.0	3.000	 3.0	 3.0
1	2018	55	18912.0	 24.0	 31.0	3.000	 1.0	 2.0
1	2018	56	19884.0	 23.0	 32.0	3.000	 1.0	17.0
1	2018	57	15107.0	 23.0	 30.0	3.000	 1.0	27.0
1	2018	58	20992.0	 22.0	 32.0	3.000	 1.0	 7.0
1	2018	59	20930.0	 23.0	 31.0	3.000	 1.0	 2.0
1	2018	60	18556.0	 23.0	 31.0	3.000	 2.0	 1.0
1	2018	61	20068.0	 23.0	 31.0	3.000	 2.0	 0.0
1	2018	62	23663.0	 23.0	 33.0	3.000	 1.0	 0.0
1	2018	63	20545.0	 24.0	 32.0	3.000	 2.0	 2.0
1	2018	64	20949.0	 23.0	 31.0	3.000	 2.0	 1.0
1	2018	65	23528.0	 23.0	 32.0	3.000	 2.0	 0.0
1	2018	66	21592.0	 23.0	 32.0	3.000	 2.0	 0.0
1	2018	67	23133.0	 23.0	 32.0	3.000	 2.0	 0.0
1	2018	68	20330.0	 24.0	 32.0	3.000	 2.0	 2.0
1	2018	69	17332.0	 23.0	 31.0	3.000	 3.0	 1.0
1	2018	70	20239.0	 24.0	 31.0	3.000	 2.0	 1.0
1	2018	71	19751.0	 24.0	 32.0	3.000	 3.0	 6.0
1	2018	72	19334.0	 24.0	 32.0	3.000	 2.0	 0.0
1	2018	73	23925.0	 23.0	 33.0	3.000	 2.0	 0.0
1	2018	74	22172.0	 24.0	 32.0	3.000	 3.0	 2.0
1	2018	75	16350.0	 24.0	 30.0	3.000	 3.0	 5.0
1	2018	76	20821.0	 23.0	 32.0	3.000	 2.0	 1.0
1	2018	77	19130.0	 23.0	 31.0	3.000	 2.0	 1.0
1	2018	78	22122.0	 23.0	 32.0	3.000	 2.0	 0.0
1	2018	79	21705.0	 24.0	 32.0	3.000	 3.0	 0.0
1	2018	80	20057.0	 24.0	 31.0	3.000	 2.0	 8.0
1	2018	81	21480.0	 24.0	 32.0	3.000	 1.0	 8.0
1	2018	82	17818.0	 24.0	 30.0	3.000	 1.0	21.0
1	2018	83	13419.0	 23.0	 29.0	3.000	 0.0	 5.0
1	2018	84	19402.0	 24.0	 31.0	3.000	 1.0	 8.0
1	2018	85	24746.0	 23.0	 33.0	3.000	 1.0	 0.0
1	2018	86	23146.0	 24.0	 33.0	3.000	 2.0	 0.0
1	2018	87	21465.0	 24.0	 32.0	3.000	 3.0	 0.0
1	2018	88	20707.0	 23.0	 31.0	3.000	 3.0	 1.0
1	2018	89	20760.0	 24.0	 32.0	3.000	 1.0	 3.0
1	2018	90	22116.0	 23.0	 31.0	3.000	 1.0	 2.0
1	2018	91	21416.0	 24.0	 32.0	3.000	 1.0	 2.0
1	2018	92	16395.0	 24.0	 30.0	3.000	 3.0	17.0
1	2018	93	20917.0	 23.0	 31.0	3.000	 2.0	 1.0
1	2018	94	21806.0	 24.0	 32.0	3.000	 2.0	 1.0
1	2018	95	22965.0	 24.0	 32.0	3.000	 2.0	 0.0
1	2018	96	22907.0	 24.0	 32.0	3.000	 2.0	 6.0
1	2018	97	20627.0	 24.0	 31.0	3.000	 2.0	 3.0
1	2018	98	20351.0	 23.0	 30.0	3.000	 2.0	 6.0
1	2018	99	22124.0	 23.0	 30.0	3.000	 2.0	 9.0
1	2018	100	13132.0	 23.0	 28.0	3.000	 2.0	 1.0
1	2018	101	22088.0	 22.0	 31.0	3.000	 2.0	 1.0
1	2018	102	22627.0	 23.0	 32.0	3.000	 2.0	 1.0
1	2018	103	22171.0	 24.0	 31.0	3.000	 3.0	 4.0
1	2018	104	22181.0	 24.0	 31.0	3.000	 3.0	 1.0
1	2018	105	22066.0	 23.0	 32.0	3.000	 1.0	17.0
1	2018	106	23121.0	 23.0	 32.0	3.000	 1.0	 8.0
1	2018	107	19603.0	 23.0	 31.0	3.000	 2.0	 3.0
1	2018	108	19818.0	 24.0	 31.0	3.000	 2.0	 2.0
1	2018	109	19008.0	 23.0	 30.0	3.000	 2.0	 1.0
1	2018	110	21808.0	 23.0	 31.0	3.000	 2.0	10.0
1	2018	111	17390.0	 24.0	 30.0	3.000	 2.0	 7.0
1	2018	112	18923.0	 23.0	 31.0	3.000	 2.0	 2.0
1	2018	113	19766.0	 23.0	 30.0	3.000	 2.0	 1.0
1	2018	114	20489.0	 23.0	 31.0	3.000	 2.0	 1.0
1	2018	115	21345.0	 24.0	 31.0	3.000	 2.0	 5.0
1	2018	116	18510.0	 24.0	 31.0	3.000	 2.0	 2.0
1	2018	117	23198.0	 24.0	 32.0	3.000	 2.0	 0.0
1	2018	118	20016.0	 24.0	 31.0	3.000	 1.0	 5.0
1	2018	119	16874.0	 23.0	 30.0	3.000	 2.0	18.0
1	2018	120	18336.0	 23.0	 30.0	3.000	 2.0	 2.0
1	2018	121	19903.0	 24.0	 31.0	3.000	 2.0	 9.0
1	2018	122	21747.0	 23.0	 31.0	3.000	 2.0	 5.0
1	2018	123	17112.0	 23.0	 30.0	3.000	 2.0	15.0
1	2018	124	18530.0	 23.0	 30.0	3.000	 2.0	 1.0
1	2018	125	20298.0	 23.0	 30.0	3.000	 2.0	 1.0
1	2018	126	13133.0	 23.0	 28.0	3.000	 2.0	10.0
1	2018	127	20377.0	 22.0	 31.0	3.000	 1.0	 1.0
1	2018	128	21886.0	 23.0	 31.0	3.000	 2.0	 1.0
1	2018	129	17509.0	 23.0	 30.0	3.000	 3.0	 3.0
1	2018	130	20779.0	 23.0	 30.0	3.000	 2.0	 4.0
1	2018	131	7725.0	 22.0	 25.0	3.000	 1.0	 6.0
1	2018	132	11932.0	 22.0	 27.0	3.000	 1.0	12.0
1	2018	133	6157.0	 22.0	 25.0	3.000	 1.0	14.0
1	2018	134	22065.0	 23.0	 30.0	3.000	 2.0	 2.0
1	2018	135	19636.0	 23.0	 30.0	3.000	 2.0	 3.0
1	2018	136	18254.0	 23.0	 30.0	3.000	 2.0	 3.0
1	2018	137	18675.0	 22.0	 30.0	3.000	 1.0	 7.0
1	2018	138	18311.0	 22.0	 30.0	3.000	 1.0	 2.0
1	2018	139	19118.0	 23.0	 30.0	3.000	 1.0	16.0
1	2018	140	20005.0	 23.0	 30.0	3.000	 2.0	 0.0
1	2018	141	19855.0	 23.0	 31.0	3.000	 3.0	 0.0
1	2018	142	19551.0	 23.0	 30.0	3.000	 2.0	 1.0
1	2018	143	16518.0	 24.0	 30.0	3.000	 2.0	11.0
1	2018	144	18831.0	 23.0	 30.0	3.000	 2.0	 2.0
1	2018	145	20645.0	 23.0	 30.0	3.000	 2.0	 1.0
1	2018	146	16322.0	 23.0	 29.0	3.000	 2.0	20.0
1	2018	147	12869.0	 22.0	 27.0	3.000	 2.0	19.0
1	2018	148	17882.0	 22.0	 29.0	3.000	 2.0	 1.0
1	2018	149	17681.0	 23.0	 29.0	3.000	 2.0	 3.0
1	2018	150	14770.0	 23.0	 29.0	3.000	 2.0	 8.0
1	2018	151	17821.0	 22.0	 29.0	3.000	 1.0	 9.0
1	2018	152	19506.0	 23.0	 30.0	3.000	 2.0	 1.0
1	2018	153	18198.0	 23.0	 29.0	3.000	 1.0	 9.0
1	2018	154	13948.0	 22.0	 29.0	3.000	 1.0	11.0
1	2018	155	16312.0	 22.0	 29.0	3.000	 2.0	 3.0
1	2018	156	19418.0	 23.0	 30.0	3.000	 1.0	 3.0
1	2018	157	20399.0	 23.0	 30.0	3.000	 1.0	 1.0
1	2018	158	18277.0	 23.0	 30.0	3.000	 1.0	 2.0
1	2018	159	17108.0	 23.0	 29.0	3.000	 2.0	 1.0
1	2018	160	15673.0	 23.0	 29.0	3.000	 2.0	10.0
1	2018	161	16441.0	 23.0	 29.0	3.000	 2.0	 5.0
1	2018	162	13094.0	 23.0	 28.0	3.000	 1.0	 4.0
1	2018	163	20367.0	 22.0	 30.0	3.000	 1.0	 1.0
1	2018	164	15389.0	 23.0	 29.0	3.000	 2.0	 2.0
1	2018	165	18682.0	 23.0	 30.0	3.000	 2.0	 5.0
1	2018	166	15853.0	 23.0	 29.0	3.000	 2.0	 4.0
1	2018	167	13183.0	 23.0	 28.0	3.000	 2.0	 5.0
1	2018	168	11504.0	 23.0	 26.0	3.000	 3.0	 4.0
1	2018	169	17628.0	 22.0	 29.0	3.000	 4.0	 4.0
1	2018	170	20366.0	 21.0	 29.0	2.000	 4.0	 5.0
1	2018	171	16435.0	 22.0	 28.0	3.000	 3.0	 2.0
1	2018	172	13368.0	 22.0	 27.0	3.000	 3.0	20.0
1	2018	173	16884.0	 21.0	 27.0	3.000	 3.0	 9.0
1	2018	174	14468.0	 22.0	 27.0	3.000	 2.0	 7.0
1	2018	175	13362.0	 22.0	 27.0	3.000	 2.0	 3.0
1	2018	176	18619.0	 21.0	 28.0	3.000	 1.0	 0.0
1	2018	177	17785.0	 21.0	 27.0	3.000	 1.0	 4.0
1	2018	178	17029.0	 21.0	 28.0	3.000	 2.0	 2.0
1	2018	179	13647.0	 21.0	 27.0	3.000	 2.0	 5.0
1	2018	180	14901.0	 22.0	 26.0	3.000	 2.0	 3.0
1	2018	181	10606.0	 22.0	 26.0	3.000	 3.0	 7.0
1	2018	182	7422.0	 21.0	 24.0	3.000	 2.0	33.0
1	2018	183	14526.0	 21.0	 27.0	3.000	 2.0	 2.0
1	2018	184	17928.0	 22.0	 29.0	3.000	 1.0	 3.0
1	2018	185	17024.0	 22.0	 28.0	3.000	 2.0	 4.0
1	2018	186	14538.0	 22.0	 28.0	3.000	 1.0	15.0
1	2018	187	13698.0	 22.0	 26.0	3.000	 1.0	16.0
1	2018	188	16589.0	 22.0	 28.0	3.000	 1.0	 4.0
1	2018	189	14175.0	 22.0	 27.0	3.000	 1.0	 9.0
1	2018	190	15940.0	 21.0	 27.0	3.000	 1.0	 4.0
1	2018	191	18225.0	 21.0	 29.0	3.000	 1.0	11.0
1	2018	192	15960.0	 22.0	 28.0	3.000	 1.0	 2.0
1	2018	193	15414.0	 22.0	 28.0	3.000	 2.0	 2.0
1	2018	194	16437.0	 22.0	 28.0	3.000	 2.0	 9.0
1	2018	195	13808.0	 22.0	 27.0	3.000	 2.0	 5.0
1	2018	196	17730.0	 22.0	 28.0	3.000	 3.0	 2.0
1	2018	197	10317.0	 22.0	 26.0	3.000	 2.0	11.0
1	2018	198	11610.0	 22.0	 26.0	3.000	 2.0	10.0
1	2018	199	15084.0	 22.0	 28.0	3.000	 2.0	 2.0
1	2018	200	18849.0	 22.0	 29.0	3.000	 2.0	 1.0
1	2018	201	15657.0	 22.0	 28.0	3.000	 2.0	14.0
1	2018	202	13769.0	 22.0	 27.0	3.000	 3.0	 8.0
1	2018	203	16062.0	 22.0	 28.0	3.000	 1.0	 2.0
1	2018	204	16828.0	 22.0	 29.0	3.000	 1.0	 6.0
1	2018	205	14958.0	 22.0	 28.0	3.000	 2.0	 2.0
1	2018	206	10433.0	 22.0	 26.0	3.000	 3.0	 2.0
1	2018	207	11987.0	 22.0	 27.0	3.000	 2.0	 3.0
1	2018	208	16676.0	 22.0	 29.0	3.000	 1.0	 1.0
1	2018	209	17384.0	 22.0	 28.0	3.000	 2.0	 2.0
1	2018	210	13446.0	 22.0	 27.0	3.000	 3.0	 4.0
1	2018	211	17113.0	 21.0	 28.0	2.000	 3.0	 2.0
1	2018	212	20103.0	 20.0	 28.0	2.000	 2.0	 0.0
1	2018	213	19737.0	 21.0	 28.0	2.000	 2.0	 1.0
1	2018	214	17898.0	 21.0	 28.0	2.000	 2.0	 1.0
1	2018	215	13131.0	 21.0	 27.0	3.000	 2.0	 3.0
1	2018	216	16277.0	 21.0	 28.0	3.000	 3.0	 2.0
1	2018	217	18480.0	 21.0	 28.0	2.000	 2.0	 0.0
1	2018	218	18177.0	 20.0	 28.0	2.000	 2.0	 0.0
1	2018	219	13095.0	 21.0	 26.0	2.000	 3.0	 1.0
1	2018	220	20567.0	 21.0	 29.0	3.000	 2.0	 0.0
1	2018	221	19976.0	 22.0	 29.0	3.000	 2.0	 1.0
1	2018	222	17177.0	 22.0	 28.0	3.000	 3.0	 1.0
1	2018	223	18212.0	 22.0	 28.0	3.000	 2.0	 1.0
1	2018	224	17917.0	 22.0	 30.0	3.000	 2.0	 5.0
1	2018	225	9664.0	 21.0	 26.0	3.000	 2.0	 6.0
1	2018	226	15825.0	 21.0	 27.0	3.000	 2.0	 3.0
1	2018	227	19749.0	 22.0	 29.0	3.000	 2.0	 2.0
1	2018	228	20211.0	 22.0	 30.0	3.000	 2.0	 2.0
1	2018	229	12163.0	 22.0	 27.0	3.000	 2.0	 8.0
1	2018	230	12825.0	 22.0	 27.0	3.000	 3.0	 3.0
1	2018	231	14436.0	 21.0	 28.0	3.000	 2.0	 6.0
1	2018	232	16978.0	 22.0	 29.0	3.000	 3.0	 6.0
1	2018	233	12786.0	 22.0	 28.0	3.000	 2.0	 7.0
1	2018	234	11378.0	 22.0	 27.0	3.000	 3.0	13.0
1	2018	235	13419.0	 22.0	 26.0	3.000	 3.0	 4.0
1	2018	236	7808.0	 22.0	 25.0	3.000	 2.0	13.0
1	2018	237	5110.0	 22.0	 23.0	3.000	 3.0	24.0
1	2018	238	16236.0	 22.0	 28.0	3.000	 2.0	 3.0
1	2018	239	20504.0	 21.0	 29.0	3.000	 1.0	 1.0
1	2018	240	18003.0	 21.0	 29.0	3.000	 1.0	 2.0
1	2018	241	15393.0	 22.0	 28.0	3.000	 1.0	 6.0
1	2018	242	14959.0	 22.0	 28.0	3.000	 2.0	 9.0
1	2018	243	12921.0	 22.0	 27.0	3.000	 2.0	11.0
1	2018	244	13248.0	 22.0	 27.0	3.000	 2.0	 6.0
1	2018	245	15724.0	 22.0	 28.0	3.000	 2.0	 2.0
1	2018	246	17317.0	 22.0	 29.0	3.000	 2.0	11.0
1	2018	247	9089.0	 22.0	 25.0	3.000	 1.0	17.0
1	2018	248	17456.0	 22.0	 27.0	3.000	 2.0	 7.0
1	2018	249	15393.0	 22.0	 28.0	3.000	 2.0	11.0
1	2018	250	12430.0	 22.0	 27.0	3.000	 3.0	12.0
1	2018	251	13724.0	 22.0	 28.0	3.000	 3.0	10.0
1	2018	252	14326.0	 22.0	 27.0	3.000	 2.0	 1.0
1	2018	253	16418.0	 22.0	 29.0	3.000	 1.0	 1.0
1	2018	254	12820.0	 22.0	 27.0	3.000	 1.0	 9.0
1	2018	255	11329.0	 21.0	 26.0	3.000	 1.0	22.0
1	2018	256	19000.0	 22.0	 29.0	3.000	 0.0	 1.0
1	2018	257	21600.0	 22.0	 29.0	3.000	 1.0	 7.0
1	2018	258	19951.0	 22.0	 29.0	3.000	 2.0	 2.0
1	2018	259	15575.0	 22.0	 28.0	3.000	 0.0	11.0
1	2018	260	19411.0	 22.0	 29.0	3.000	 1.0	 4.0
1	2018	261	13316.0	 22.0	 27.0	3.000	 1.0	 3.0
1	2018	262	14730.0	 22.0	 28.0	3.000	 1.0	20.0
1	2018	263	17029.0	 22.0	 29.0	3.000	 1.0	12.0
1	2018	264	15651.0	 23.0	 28.0	3.000	 1.0	11.0
1	2018	265	11879.0	 22.0	 27.0	3.000	 1.0	24.0
1	2018	266	11536.0	 22.0	 27.0	3.000	 1.0	40.0
1	2018	267	10694.0	 22.0	 27.0	3.000	 1.0	 2.0
1	2018	268	15547.0	 22.0	 29.0	3.000	 1.0	 7.0
1	2018	269	13268.0	 22.0	 27.0	3.000	 1.0	12.0
1	2018	270	16820.0	 22.0	 28.0	3.000	 1.0	 3.0
1	2018	271	15567.0	 22.0	 28.0	3.000	 2.0	 9.0
1	2018	272	19740.0	 22.0	 29.0	3.000	 1.0	 6.0
1	2018	273	17396.0	 22.0	 29.0	3.000	 1.0	14.0
1	2018	274	20229.0	 22.0	 30.0	3.000	 1.0	 2.0
1	2018	275	16963.0	 22.0	 28.0	3.000	 1.0	 8.0
1	2018	276	18802.0	 22.0	 29.0	3.000	 1.0	11.0
1	2018	277	16531.0	 23.0	 29.0	3.000	 1.0	 4.0
1	2018	278	17692.0	 23.0	 29.0	3.000	 1.0	 7.0
1	2018	279	15766.0	 22.0	 29.0	3.000	 1.0	 5.0
1	2018	280	19675.0	 22.0	 30.0	3.000	 1.0	 5.0
1	2018	281	9539.0	 22.0	 26.0	3.000	 0.0	10.0
1	2018	282	18709.0	 22.0	 29.0	3.000	 1.0	14.0
1	2018	283	16817.0	 22.0	 29.0	3.000	 1.0	 4.0
1	2018	284	15935.0	 22.0	 29.0	3.000	 0.0	10.0
1	2018	285	13988.0	 22.0	 28.0	3.000	 1.0	 9.0
1	2018	286	16557.0	 22.0	 28.0	3.000	 1.0	 7.0
1	2018	287	20774.0	 22.0	 29.0	3.000	 1.0	 1.0
1	2018	288	16223.0	 23.0	 29.0	3.000	 0.0	 3.0
1	2018	289	18001.0	 22.0	 29.0	3.000	 1.0	 8.0
1	2018	290	20311.0	 23.0	 29.0	3.000	 1.0	 4.0
1	2018	291	18803.0	 23.0	 29.0	3.000	 1.0	 2.0
1	2018	292	20655.0	 22.0	 30.0	3.000	 1.0	 0.0
1	2018	293	20733.0	 22.0	 30.0	3.000	 1.0	 1.0
1	2018	294	20599.0	 23.0	 30.0	3.000	 1.0	 4.0
1	2018	295	14456.0	 23.0	 29.0	3.000	 1.0	 9.0
1	2018	296	13399.0	 23.0	 28.0	3.000	 1.0	 3.0
1	2018	297	19197.0	 23.0	 30.0	3.000	 1.0	 5.0
1	2018	298	17458.0	 23.0	 29.0	3.000	 1.0	 1.0
1	2018	299	20106.0	 22.0	 30.0	3.000	 1.0	 3.0
1	2018	300	19841.0	 23.0	 30.0	3.000	 1.0	 3.0
1	2018	301	19161.0	 23.0	 30.0	3.000	 1.0	 5.0
1	2018	302	10314.0	 23.0	 26.0	3.000	 0.0	15.0
1	2018	303	19427.0	 22.0	 30.0	3.000	 0.0	 3.0
1	2018	304	19286.0	 23.0	 31.0	3.000	 1.0	 1.0
1	2018	305	19580.0	 23.0	 30.0	3.000	 1.0	 4.0
1	2018	306	18082.0	 23.0	 30.0	3.000	 1.0	 3.0
1	2018	307	19767.0	 22.0	 30.0	3.000	 1.0	 0.0
1	2018	308	17363.0	 22.0	 29.0	3.000	 1.0	 4.0
1	2018	309	19953.0	 22.0	 30.0	3.000	 1.0	 3.0
1	2018	310	15259.0	 23.0	 28.0	3.000	 1.0	 8.0
1	2018	311	19225.0	 23.0	 30.0	3.000	 1.0	 5.0
1	2018	312	18146.0	 22.0	 30.0	3.000	 1.0	 0.0
1	2018	313	17450.0	 23.0	 30.0	3.000	 1.0	 2.0
1	2018	314	21393.0	 23.0	 31.0	3.000	 1.0	 1.0
1	2018	315	18025.0	 23.0	 29.0	3.000	 1.0	 1.0
1	2018	316	19482.0	 23.0	 30.0	3.000	 1.0	 1.0
1	2018	317	21760.0	 23.0	 32.0	3.000	 1.0	 0.0
1	2018	318	18036.0	 24.0	 30.0	3.000	 2.0	 1.0
1	2018	319	17820.0	 23.0	 30.0	3.000	 1.0	 1.0
1	2018	320	19694.0	 23.0	 30.0	3.000	 1.0	 1.0
1	2018	321	20614.0	 23.0	 30.0	3.000	 1.0	 0.0
1	2018	322	19407.0	 23.0	 30.0	3.000	 1.0	 1.0
1	2018	323	19329.0	 23.0	 31.0	3.000	 1.0	 3.0
1	2018	324	16993.0	 23.0	 30.0	3.000	 1.0	 4.0
1	2018	325	19548.0	 23.0	 30.0	3.000	 1.0	 1.0
1	2018	326	19247.0	 23.0	 30.0	3.000	 1.0	 1.0
1	2018	327	18252.0	 23.0	 31.0	3.000	 1.0	 1.0
1	2018	328	18970.0	 23.0	 31.0	3.000	 1.0	 1.0
1	2018	329	20151.0	 23.0	 32.0	3.000	 1.0	 0.0
1	2018	330	18515.0	 23.0	 30.0	3.000	 2.0	 1.0
1	2018	331	19018.0	 23.0	 30.0	3.000	 1.0	 0.0
1	2018	332	18750.0	 23.0	 31.0	3.000	 1.0	 0.0
1	2018	333	18127.0	 24.0	 31.0	3.000	 1.0	 0.0
1	2018	334	19688.0	 23.0	 32.0	3.000	 1.0	 0.0
1	2018	335	18225.0	 24.0	 31.0	3.000	 1.0	 3.0
1	2018	336	18526.0	 23.0	 31.0	3.000	 1.0	 1.0
1	2018	337	18805.0	 23.0	 31.0	3.000	 1.0	 0.0
1	2018	338	18540.0	 24.0	 31.0	3.000	 1.0	 0.0
1	2018	339	17836.0	 23.0	 31.0	3.000	 1.0	 1.0
1	2018	340	20247.0	 23.0	 32.0	3.000	 1.0	 0.0
1	2018	341	19145.0	 23.0	 32.0	2.000	 1.0	 0.0
1	2018	342	16543.0	 23.0	 32.0	2.000	 1.0	 0.0
1	2018	343	20180.0	 23.0	 32.0	2.000	 1.0	 0.0
1	2018	344	20017.0	 23.0	 32.0	2.000	 1.0	 0.0
1	2018	345	18896.0	 23.0	 32.0	2.000	 1.0	 0.0
1	2018	346	18256.0	 23.0	 31.0	3.000	 1.0	 1.0
1	2018	347	16344.0	 23.0	 30.0	3.000	 1.0	 2.0
1	2018	348	19897.0	 22.0	 32.0	3.000	 1.0	 0.0
1	2018	349	20458.0	 23.0	 33.0	3.000	 1.0	 0.0
1	2018	350	18865.0	 23.0	 32.0	3.000	 1.0	 0.0
1	2018	351	19586.0	 23.0	 33.0	3.000	 1.0	 0.0
1	2018	352	18020.0	 24.0	 32.0	3.000	 1.0	 1.0
1	2018	353	18734.0	 23.0	 32.0	3.000	 1.0	 0.0
1	2018	354	18031.0	 23.0	 32.0	3.000	 1.0	 0.0
1	2018	355	20235.0	 23.0	 33.0	2.000	 1.0	 0.0
1	2018	356	19709.0	 23.0	 32.0	2.000	 1.0	 0.0
1	2018	357	20934.0	 22.0	 33.0	2.000	 0.0	 0.0
1	2018	358	21265.0	 22.0	 33.0	2.000	 0.0	 0.0
1	2018	359	21908.0	 22.0	 33.0	2.000	 0.0	 0.0
1	2018	360	20895.0	 22.0	 33.0	2.000	 0.0	 0.0
1	2018	361	21722.0	 22.0	 34.0	2.000	 1.0	 0.0
1	2018	362	20057.0	 22.0	 33.0	2.000	 1.0	 0.0
1	2018	363	19169.0	 22.0	 33.0	2.000	 1.0	 0.0
1	2018	364	20057.0	 23.0	 33.0	2.000	 1.0	 0.0
1	2018	365	18348.0	 23.0	 32.0	3.000	 1.0	 0.0
