*---------------------------------------------------
* Station: Eastern
* Year: 2013
* Origin: ERA5-Reanalysis
* Columns & units
* ===================
* 1. station number
* 2. year
* 3. Day of Year
* 4. Irradiance   (kJ路m-2路d-1)
* 5. Daily minimum temperature (degC)
* 6. Daily maximum temperature (degC)
* 7. Vapour pressure (kPa)
* 8. Mean wind speed (m路s-1)
* 9. Precipitation (mm路d-1)
** WCCDESCRIPTION=Eastern
** WCCFORMAT=2
** WCCYEARNR=2013
*------------------------------------------------------------*
-0.45  6.42  495.00 -0.18  -0.55
1	2013	1	22115.0	 21.0	 31.0	2.000	 1.0	 0.0
1	2013	2	22026.0	 20.0	 32.0	2.000	 0.0	 0.0
1	2013	3	21962.0	 20.0	 32.0	2.000	 0.0	 0.0
1	2013	4	21891.0	 21.0	 33.0	2.000	 1.0	 0.0
1	2013	5	21924.0	 21.0	 32.0	1.000	 1.0	 0.0
1	2013	6	22908.0	 20.0	 32.0	2.000	 0.0	 0.0
1	2013	7	22652.0	 19.0	 32.0	2.000	 0.0	 0.0
1	2013	8	22216.0	 20.0	 33.0	2.000	 1.0	 0.0
1	2013	9	18564.0	 22.0	 31.0	2.000	 1.0	 0.0
1	2013	10	21244.0	 23.0	 33.0	2.000	 0.0	 0.0
1	2013	11	19667.0	 23.0	 32.0	3.000	 1.0	 0.0
1	2013	12	21836.0	 22.0	 33.0	2.000	 0.0	 0.0
1	2013	13	21714.0	 22.0	 33.0	2.000	 1.0	 0.0
1	2013	14	20976.0	 22.0	 32.0	3.000	 1.0	 0.0
1	2013	15	19879.0	 23.0	 33.0	2.000	 0.0	 0.0
1	2013	16	22307.0	 23.0	 34.0	2.000	 0.0	 0.0
1	2013	17	20469.0	 24.0	 33.0	3.000	 1.0	 0.0
1	2013	18	21983.0	 24.0	 34.0	2.000	 1.0	 0.0
1	2013	19	20615.0	 24.0	 33.0	3.000	 2.0	 0.0
1	2013	20	20134.0	 24.0	 34.0	3.000	 1.0	 0.0
1	2013	21	20505.0	 25.0	 34.0	3.000	 1.0	 0.0
1	2013	22	17502.0	 25.0	 33.0	3.000	 1.0	 2.0
1	2013	23	17910.0	 24.0	 32.0	3.000	 1.0	 3.0
1	2013	24	20314.0	 24.0	 34.0	3.000	 2.0	 0.0
1	2013	25	20059.0	 24.0	 33.0	3.000	 2.0	 2.0
1	2013	26	16990.0	 24.0	 32.0	3.000	 2.0	 3.0
1	2013	27	18494.0	 24.0	 32.0	3.000	 1.0	 0.0
1	2013	28	21002.0	 24.0	 34.0	2.000	 1.0	 0.0
1	2013	29	21629.0	 22.0	 33.0	2.000	 1.0	 0.0
1	2013	30	22526.0	 22.0	 33.0	2.000	 1.0	 0.0
1	2013	31	21834.0	 22.0	 33.0	2.000	 1.0	 0.0
1	2013	32	23676.0	 22.0	 32.0	2.000	 1.0	 0.0
1	2013	33	24238.0	 20.0	 33.0	2.000	 0.0	 0.0
1	2013	34	23287.0	 20.0	 33.0	2.000	 1.0	 0.0
1	2013	35	21767.0	 22.0	 33.0	2.000	 1.0	 0.0
1	2013	36	23072.0	 22.0	 34.0	2.000	 1.0	 0.0
1	2013	37	20565.0	 24.0	 33.0	3.000	 1.0	 0.0
1	2013	38	20563.0	 24.0	 34.0	3.000	 1.0	 0.0
1	2013	39	21759.0	 24.0	 34.0	2.000	 1.0	 0.0
1	2013	40	22389.0	 23.0	 35.0	2.000	 1.0	 0.0
1	2013	41	21097.0	 24.0	 34.0	3.000	 1.0	 0.0
1	2013	42	19387.0	 24.0	 34.0	3.000	 1.0	 0.0
1	2013	43	20437.0	 24.0	 33.0	3.000	 1.0	 0.0
1	2013	44	20325.0	 24.0	 34.0	3.000	 2.0	 0.0
1	2013	45	22210.0	 24.0	 34.0	3.000	 1.0	 0.0
1	2013	46	22335.0	 24.0	 34.0	3.000	 2.0	 0.0
1	2013	47	21711.0	 24.0	 35.0	3.000	 1.0	 0.0
1	2013	48	21549.0	 24.0	 34.0	3.000	 3.0	 0.0
1	2013	49	22312.0	 24.0	 34.0	3.000	 2.0	 0.0
1	2013	50	17558.0	 24.0	 32.0	3.000	 2.0	 1.0
1	2013	51	20547.0	 24.0	 32.0	3.000	 2.0	 0.0
1	2013	52	20027.0	 24.0	 32.0	3.000	 1.0	 0.0
1	2013	53	16882.0	 24.0	 32.0	3.000	 1.0	 1.0
1	2013	54	21619.0	 24.0	 34.0	3.000	 1.0	 0.0
1	2013	55	20550.0	 24.0	 34.0	3.000	 3.0	 2.0
1	2013	56	18181.0	 24.0	 32.0	3.000	 3.0	 3.0
1	2013	57	20586.0	 23.0	 33.0	3.000	 2.0	 1.0
1	2013	58	20663.0	 24.0	 33.0	3.000	 2.0	 0.0
1	2013	59	21540.0	 25.0	 34.0	3.000	 2.0	 0.0
1	2013	60	21545.0	 24.0	 34.0	3.000	 2.0	 0.0
1	2013	61	21772.0	 24.0	 34.0	3.000	 2.0	 2.0
1	2013	62	22826.0	 24.0	 35.0	3.000	 2.0	 0.0
1	2013	63	20838.0	 24.0	 34.0	3.000	 2.0	 3.0
1	2013	64	13194.0	 23.0	 31.0	3.000	 1.0	 0.0
1	2013	65	21531.0	 25.0	 34.0	3.000	 2.0	 0.0
1	2013	66	22736.0	 24.0	 35.0	3.000	 2.0	 0.0
1	2013	67	21661.0	 24.0	 34.0	3.000	 2.0	 1.0
1	2013	68	18048.0	 25.0	 32.0	3.000	 3.0	 7.0
1	2013	69	14577.0	 24.0	 31.0	3.000	 2.0	 0.0
1	2013	70	21212.0	 24.0	 33.0	3.000	 2.0	 1.0
1	2013	71	21864.0	 24.0	 33.0	3.000	 2.0	 0.0
1	2013	72	21797.0	 24.0	 33.0	3.000	 2.0	 2.0
1	2013	73	22872.0	 24.0	 33.0	3.000	 1.0	 1.0
1	2013	74	21159.0	 24.0	 33.0	3.000	 2.0	24.0
1	2013	75	15725.0	 24.0	 30.0	3.000	 2.0	 7.0
1	2013	76	19172.0	 23.0	 31.0	3.000	 2.0	 3.0
1	2013	77	24451.0	 23.0	 33.0	3.000	 2.0	 0.0
1	2013	78	23602.0	 24.0	 33.0	3.000	 1.0	 1.0
1	2013	79	20238.0	 24.0	 33.0	3.000	 2.0	 1.0
1	2013	80	18154.0	 24.0	 32.0	3.000	 3.0	 2.0
1	2013	81	16932.0	 24.0	 30.0	3.000	 3.0	 3.0
1	2013	82	22389.0	 23.0	 32.0	3.000	 2.0	 3.0
1	2013	83	16980.0	 24.0	 30.0	3.000	 2.0	 3.0
1	2013	84	21902.0	 24.0	 33.0	3.000	 2.0	 3.0
1	2013	85	21578.0	 24.0	 31.0	3.000	 2.0	 1.0
1	2013	86	20096.0	 23.0	 31.0	3.000	 2.0	 0.0
1	2013	87	19423.0	 24.0	 31.0	3.000	 1.0	 6.0
1	2013	88	20140.0	 23.0	 32.0	3.000	 2.0	 0.0
1	2013	89	22026.0	 24.0	 32.0	3.000	 2.0	 4.0
1	2013	90	23882.0	 23.0	 33.0	3.000	 2.0	 3.0
1	2013	91	24563.0	 23.0	 33.0	3.000	 2.0	 1.0
1	2013	92	19673.0	 24.0	 31.0	3.000	 2.0	 2.0
1	2013	93	23744.0	 24.0	 32.0	3.000	 2.0	 0.0
1	2013	94	21428.0	 23.0	 32.0	3.000	 2.0	 9.0
1	2013	95	21735.0	 24.0	 32.0	3.000	 1.0	 6.0
1	2013	96	20388.0	 24.0	 31.0	3.000	 1.0	 8.0
1	2013	97	20445.0	 23.0	 31.0	3.000	 1.0	 2.0
1	2013	98	20513.0	 23.0	 31.0	3.000	 2.0	 2.0
1	2013	99	18398.0	 24.0	 30.0	3.000	 2.0	 3.0
1	2013	100	19506.0	 24.0	 31.0	3.000	 1.0	 0.0
1	2013	101	24547.0	 23.0	 33.0	3.000	 1.0	 0.0
1	2013	102	22573.0	 24.0	 33.0	3.000	 2.0	 3.0
1	2013	103	20380.0	 24.0	 32.0	3.000	 2.0	 1.0
1	2013	104	22574.0	 23.0	 32.0	3.000	 1.0	 3.0
1	2013	105	17638.0	 24.0	 30.0	3.000	 2.0	14.0
1	2013	106	20776.0	 23.0	 31.0	3.000	 2.0	 3.0
1	2013	107	21219.0	 24.0	 31.0	3.000	 2.0	 2.0
1	2013	108	18165.0	 24.0	 30.0	3.000	 2.0	 4.0
1	2013	109	17871.0	 23.0	 30.0	3.000	 2.0	 7.0
1	2013	110	23498.0	 23.0	 31.0	3.000	 1.0	 0.0
1	2013	111	22445.0	 24.0	 32.0	3.000	 1.0	 4.0
1	2013	112	20813.0	 23.0	 31.0	3.000	 1.0	 6.0
1	2013	113	20018.0	 24.0	 30.0	3.000	 2.0	 2.0
1	2013	114	23231.0	 23.0	 32.0	3.000	 2.0	 0.0
1	2013	115	23035.0	 24.0	 32.0	3.000	 2.0	 1.0
1	2013	116	16437.0	 24.0	 30.0	3.000	 1.0	 2.0
1	2013	117	21154.0	 23.0	 31.0	3.000	 2.0	 0.0
1	2013	118	23447.0	 24.0	 32.0	3.000	 1.0	 6.0
1	2013	119	20311.0	 24.0	 32.0	3.000	 2.0	 3.0
1	2013	120	21141.0	 24.0	 31.0	3.000	 2.0	 6.0
1	2013	121	9378.0	 23.0	 26.0	3.000	 1.0	15.0
1	2013	122	18968.0	 22.0	 31.0	3.000	 1.0	 0.0
1	2013	123	21960.0	 23.0	 31.0	3.000	 2.0	 3.0
1	2013	124	21821.0	 24.0	 32.0	3.000	 1.0	 2.0
1	2013	125	18046.0	 23.0	 30.0	3.000	 2.0	 1.0
1	2013	126	21560.0	 24.0	 31.0	3.000	 1.0	 3.0
1	2013	127	21849.0	 24.0	 31.0	3.000	 2.0	 2.0
1	2013	128	19838.0	 24.0	 30.0	3.000	 2.0	 7.0
1	2013	129	15792.0	 23.0	 30.0	3.000	 2.0	 4.0
1	2013	130	19256.0	 23.0	 31.0	3.000	 2.0	 5.0
1	2013	131	16863.0	 23.0	 29.0	3.000	 1.0	 2.0
1	2013	132	19548.0	 23.0	 30.0	3.000	 1.0	 4.0
1	2013	133	17782.0	 23.0	 29.0	3.000	 2.0	 0.0
1	2013	134	20490.0	 23.0	 30.0	3.000	 1.0	 5.0
1	2013	135	18533.0	 23.0	 30.0	3.000	 1.0	10.0
1	2013	136	15938.0	 23.0	 29.0	3.000	 1.0	 7.0
1	2013	137	19823.0	 23.0	 30.0	3.000	 2.0	11.0
1	2013	138	18941.0	 23.0	 30.0	3.000	 1.0	16.0
1	2013	139	19239.0	 23.0	 30.0	3.000	 1.0	 6.0
1	2013	140	19488.0	 23.0	 30.0	3.000	 2.0	 1.0
1	2013	141	15798.0	 23.0	 30.0	3.000	 1.0	 5.0
1	2013	142	20364.0	 23.0	 31.0	3.000	 2.0	 4.0
1	2013	143	16511.0	 23.0	 30.0	3.000	 1.0	 0.0
1	2013	144	21254.0	 24.0	 30.0	3.000	 2.0	 3.0
1	2013	145	20560.0	 24.0	 31.0	3.000	 2.0	 1.0
1	2013	146	14631.0	 23.0	 29.0	3.000	 2.0	11.0
1	2013	147	15469.0	 22.0	 29.0	3.000	 2.0	17.0
1	2013	148	17160.0	 22.0	 29.0	3.000	 2.0	 0.0
1	2013	149	18213.0	 22.0	 30.0	3.000	 1.0	10.0
1	2013	150	16261.0	 22.0	 29.0	3.000	 2.0	 6.0
1	2013	151	15637.0	 23.0	 29.0	3.000	 1.0	 1.0
1	2013	152	19105.0	 23.0	 30.0	3.000	 1.0	 2.0
1	2013	153	14011.0	 22.0	 28.0	3.000	 2.0	 7.0
1	2013	154	12411.0	 22.0	 27.0	3.000	 2.0	 7.0
1	2013	155	14977.0	 22.0	 28.0	3.000	 2.0	 3.0
1	2013	156	19887.0	 22.0	 29.0	3.000	 2.0	 5.0
1	2013	157	14101.0	 23.0	 27.0	3.000	 2.0	 4.0
1	2013	158	17519.0	 22.0	 28.0	3.000	 2.0	 7.0
1	2013	159	17084.0	 22.0	 29.0	3.000	 1.0	 1.0
1	2013	160	16753.0	 23.0	 29.0	3.000	 2.0	 4.0
1	2013	161	14182.0	 22.0	 28.0	3.000	 1.0	 6.0
1	2013	162	18392.0	 22.0	 29.0	3.000	 1.0	12.0
1	2013	163	14719.0	 23.0	 28.0	3.000	 2.0	 0.0
1	2013	164	17065.0	 23.0	 29.0	3.000	 3.0	 1.0
1	2013	165	18153.0	 23.0	 28.0	3.000	 2.0	 5.0
1	2013	166	19053.0	 22.0	 29.0	3.000	 1.0	 2.0
1	2013	167	16437.0	 23.0	 28.0	3.000	 2.0	 8.0
1	2013	168	18306.0	 22.0	 29.0	3.000	 2.0	 3.0
1	2013	169	16950.0	 23.0	 29.0	3.000	 3.0	 8.0
1	2013	170	15782.0	 22.0	 28.0	3.000	 3.0	 2.0
1	2013	171	15830.0	 22.0	 28.0	3.000	 3.0	 2.0
1	2013	172	18779.0	 22.0	 29.0	3.000	 3.0	 7.0
1	2013	173	18106.0	 22.0	 28.0	3.000	 2.0	 1.0
1	2013	174	15064.0	 22.0	 27.0	3.000	 3.0	 1.0
1	2013	175	14096.0	 21.0	 26.0	3.000	 3.0	 1.0
1	2013	176	10905.0	 22.0	 26.0	3.000	 2.0	 0.0
1	2013	177	12456.0	 21.0	 28.0	2.000	 2.0	 0.0
1	2013	178	15993.0	 21.0	 28.0	3.000	 2.0	 0.0
1	2013	179	16085.0	 22.0	 28.0	3.000	 2.0	 6.0
1	2013	180	10357.0	 22.0	 26.0	3.000	 1.0	 5.0
1	2013	181	14518.0	 21.0	 27.0	3.000	 2.0	11.0
1	2013	182	10620.0	 22.0	 26.0	3.000	 2.0	 0.0
1	2013	183	18713.0	 21.0	 28.0	3.000	 2.0	 1.0
1	2013	184	8126.0	 21.0	 26.0	3.000	 2.0	 0.0
1	2013	185	18873.0	 22.0	 28.0	3.000	 3.0	 5.0
1	2013	186	4026.0	 21.0	 23.0	3.000	 3.0	37.0
1	2013	187	13147.0	 21.0	 26.0	3.000	 3.0	 6.0
1	2013	188	18013.0	 21.0	 28.0	3.000	 2.0	 4.0
1	2013	189	14138.0	 21.0	 26.0	3.000	 2.0	 4.0
1	2013	190	13265.0	 21.0	 27.0	3.000	 2.0	 1.0
1	2013	191	12919.0	 21.0	 27.0	3.000	 2.0	 1.0
1	2013	192	14631.0	 22.0	 27.0	3.000	 2.0	 6.0
1	2013	193	12703.0	 21.0	 26.0	3.000	 2.0	15.0
1	2013	194	17188.0	 21.0	 28.0	3.000	 1.0	 7.0
1	2013	195	17134.0	 22.0	 29.0	3.000	 2.0	 3.0
1	2013	196	13476.0	 22.0	 26.0	3.000	 2.0	 8.0
1	2013	197	16408.0	 22.0	 28.0	3.000	 2.0	 5.0
1	2013	198	17508.0	 21.0	 28.0	3.000	 2.0	 2.0
1	2013	199	17922.0	 21.0	 28.0	3.000	 2.0	 7.0
1	2013	200	16299.0	 22.0	 27.0	3.000	 2.0	 3.0
1	2013	201	13934.0	 22.0	 26.0	3.000	 2.0	 3.0
1	2013	202	10183.0	 21.0	 26.0	3.000	 2.0	12.0
1	2013	203	16353.0	 22.0	 27.0	3.000	 2.0	 2.0
1	2013	204	16076.0	 22.0	 28.0	3.000	 2.0	 8.0
1	2013	205	9861.0	 21.0	 26.0	3.000	 3.0	10.0
1	2013	206	5813.0	 21.0	 24.0	3.000	 3.0	 6.0
1	2013	207	16600.0	 21.0	 27.0	3.000	 2.0	 5.0
1	2013	208	17384.0	 21.0	 27.0	3.000	 2.0	 2.0
1	2013	209	13364.0	 22.0	 26.0	3.000	 3.0	 2.0
1	2013	210	15213.0	 21.0	 27.0	2.000	 3.0	 1.0
1	2013	211	15948.0	 21.0	 28.0	2.000	 2.0	 0.0
1	2013	212	14292.0	 21.0	 28.0	2.000	 2.0	 0.0
1	2013	213	14691.0	 21.0	 27.0	2.000	 3.0	 0.0
1	2013	214	14526.0	 21.0	 26.0	2.000	 3.0	 1.0
1	2013	215	16226.0	 21.0	 27.0	2.000	 2.0	 1.0
1	2013	216	16080.0	 21.0	 27.0	2.000	 2.0	 1.0
1	2013	217	12429.0	 21.0	 27.0	2.000	 3.0	 0.0
1	2013	218	13418.0	 21.0	 27.0	3.000	 3.0	 5.0
1	2013	219	11817.0	 21.0	 26.0	3.000	 3.0	 3.0
1	2013	220	16685.0	 21.0	 26.0	2.000	 3.0	 2.0
1	2013	221	17413.0	 21.0	 27.0	2.000	 2.0	 0.0
1	2013	222	19115.0	 19.0	 28.0	2.000	 2.0	 0.0
1	2013	223	18020.0	 19.0	 27.0	2.000	 2.0	 0.0
1	2013	224	13778.0	 20.0	 26.0	2.000	 3.0	 0.0
1	2013	225	13748.0	 20.0	 26.0	2.000	 2.0	 0.0
1	2013	226	15785.0	 20.0	 26.0	2.000	 2.0	 1.0
1	2013	227	11588.0	 20.0	 25.0	2.000	 3.0	 2.0
1	2013	228	14321.0	 21.0	 26.0	2.000	 3.0	 2.0
1	2013	229	13614.0	 21.0	 27.0	2.000	 3.0	 1.0
1	2013	230	14475.0	 21.0	 28.0	2.000	 2.0	 0.0
1	2013	231	16787.0	 21.0	 28.0	3.000	 1.0	 1.0
1	2013	232	18144.0	 22.0	 28.0	3.000	 2.0	 2.0
1	2013	233	16985.0	 22.0	 28.0	3.000	 3.0	 1.0
1	2013	234	19101.0	 22.0	 29.0	2.000	 2.0	 1.0
1	2013	235	13072.0	 22.0	 28.0	3.000	 2.0	 3.0
1	2013	236	14927.0	 22.0	 27.0	3.000	 2.0	 7.0
1	2013	237	14980.0	 22.0	 28.0	3.000	 2.0	 3.0
1	2013	238	16635.0	 22.0	 28.0	3.000	 2.0	 1.0
1	2013	239	18988.0	 22.0	 28.0	3.000	 2.0	 1.0
1	2013	240	17783.0	 21.0	 29.0	3.000	 2.0	 1.0
1	2013	241	6613.0	 21.0	 24.0	3.000	 2.0	12.0
1	2013	242	9507.0	 21.0	 25.0	3.000	 2.0	 7.0
1	2013	243	15891.0	 21.0	 28.0	3.000	 2.0	 3.0
1	2013	244	17338.0	 21.0	 28.0	3.000	 2.0	 4.0
1	2013	245	18671.0	 22.0	 28.0	3.000	 2.0	 2.0
1	2013	246	19801.0	 21.0	 28.0	3.000	 1.0	 2.0
1	2013	247	18269.0	 22.0	 29.0	3.000	 1.0	 3.0
1	2013	248	15993.0	 22.0	 28.0	3.000	 2.0	 9.0
1	2013	249	12755.0	 21.0	 27.0	3.000	 2.0	 8.0
1	2013	250	17587.0	 21.0	 28.0	3.000	 1.0	12.0
1	2013	251	15988.0	 22.0	 28.0	3.000	 1.0	15.0
1	2013	252	11248.0	 22.0	 26.0	3.000	 2.0	 7.0
1	2013	253	17539.0	 21.0	 28.0	3.000	 2.0	 3.0
1	2013	254	16512.0	 22.0	 28.0	3.000	 2.0	 4.0
1	2013	255	19604.0	 21.0	 28.0	3.000	 3.0	 5.0
1	2013	256	18418.0	 21.0	 28.0	3.000	 1.0	 5.0
1	2013	257	14397.0	 22.0	 28.0	3.000	 1.0	20.0
1	2013	258	18449.0	 22.0	 28.0	3.000	 1.0	 3.0
1	2013	259	17915.0	 22.0	 29.0	3.000	 1.0	 4.0
1	2013	260	16077.0	 22.0	 28.0	3.000	 1.0	 4.0
1	2013	261	15801.0	 22.0	 29.0	3.000	 1.0	 2.0
1	2013	262	16752.0	 23.0	 29.0	3.000	 1.0	 5.0
1	2013	263	16688.0	 23.0	 29.0	3.000	 2.0	 8.0
1	2013	264	16857.0	 22.0	 28.0	3.000	 1.0	 3.0
1	2013	265	16870.0	 22.0	 28.0	3.000	 2.0	 5.0
1	2013	266	11385.0	 22.0	 27.0	3.000	 3.0	 5.0
1	2013	267	7850.0	 22.0	 25.0	3.000	 3.0	 8.0
1	2013	268	19471.0	 21.0	 27.0	3.000	 2.0	 3.0
1	2013	269	17809.0	 21.0	 28.0	3.000	 1.0	 2.0
1	2013	270	14510.0	 21.0	 27.0	3.000	 1.0	13.0
1	2013	271	12898.0	 22.0	 27.0	3.000	 2.0	 3.0
1	2013	272	15008.0	 22.0	 28.0	3.000	 1.0	 1.0
1	2013	273	18040.0	 22.0	 28.0	3.000	 1.0	 1.0
1	2013	274	16539.0	 22.0	 28.0	3.000	 2.0	 2.0
1	2013	275	18156.0	 22.0	 29.0	3.000	 1.0	 1.0
1	2013	276	16479.0	 22.0	 28.0	3.000	 2.0	 7.0
1	2013	277	14355.0	 22.0	 28.0	3.000	 1.0	14.0
1	2013	278	4678.0	 22.0	 24.0	3.000	 1.0	75.0
1	2013	279	18506.0	 22.0	 28.0	3.000	 1.0	 2.0
1	2013	280	19278.0	 22.0	 29.0	3.000	 1.0	 3.0
1	2013	281	18884.0	 22.0	 29.0	3.000	 1.0	 7.0
1	2013	282	15787.0	 22.0	 28.0	3.000	 1.0	 7.0
1	2013	283	19034.0	 21.0	 28.0	3.000	 2.0	 3.0
1	2013	284	9491.0	 21.0	 25.0	3.000	 1.0	 7.0
1	2013	285	20656.0	 22.0	 30.0	3.000	 1.0	 1.0
1	2013	286	19327.0	 22.0	 30.0	3.000	 2.0	 0.0
1	2013	287	18470.0	 22.0	 28.0	3.000	 1.0	 4.0
1	2013	288	15660.0	 22.0	 27.0	3.000	 1.0	 8.0
1	2013	289	20827.0	 21.0	 29.0	3.000	 1.0	 2.0
1	2013	290	15164.0	 22.0	 29.0	3.000	 0.0	 8.0
1	2013	291	21338.0	 22.0	 30.0	3.000	 1.0	 3.0
1	2013	292	19246.0	 23.0	 30.0	3.000	 1.0	 2.0
1	2013	293	19186.0	 22.0	 30.0	3.000	 1.0	 3.0
1	2013	294	16719.0	 22.0	 28.0	3.000	 1.0	 2.0
1	2013	295	19438.0	 22.0	 29.0	3.000	 1.0	 1.0
1	2013	296	18575.0	 22.0	 29.0	3.000	 1.0	 2.0
1	2013	297	22820.0	 22.0	 30.0	3.000	 1.0	 1.0
1	2013	298	18634.0	 23.0	 29.0	3.000	 1.0	 2.0
1	2013	299	18948.0	 22.0	 29.0	3.000	 1.0	 2.0
1	2013	300	17477.0	 22.0	 29.0	3.000	 1.0	 6.0
1	2013	301	19974.0	 22.0	 30.0	3.000	 1.0	 0.0
1	2013	302	17945.0	 22.0	 30.0	3.000	 1.0	 6.0
1	2013	303	18279.0	 23.0	 29.0	3.000	 1.0	 5.0
1	2013	304	19222.0	 22.0	 29.0	3.000	 1.0	 1.0
1	2013	305	12955.0	 22.0	 27.0	3.000	 1.0	11.0
1	2013	306	14913.0	 22.0	 29.0	3.000	 1.0	 1.0
1	2013	307	18353.0	 22.0	 29.0	3.000	 1.0	 0.0
1	2013	308	19593.0	 22.0	 29.0	3.000	 1.0	 1.0
1	2013	309	19462.0	 22.0	 29.0	3.000	 1.0	 1.0
1	2013	310	18836.0	 21.0	 29.0	3.000	 1.0	 2.0
1	2013	311	19822.0	 21.0	 30.0	3.000	 1.0	 3.0
1	2013	312	18214.0	 22.0	 30.0	3.000	 1.0	 2.0
1	2013	313	18779.0	 22.0	 29.0	3.000	 1.0	 4.0
1	2013	314	19745.0	 23.0	 30.0	3.000	 1.0	 1.0
1	2013	315	17288.0	 23.0	 29.0	3.000	 2.0	 3.0
1	2013	316	17054.0	 23.0	 29.0	3.000	 2.0	 1.0
1	2013	317	16681.0	 22.0	 28.0	3.000	 2.0	 1.0
1	2013	318	17427.0	 22.0	 29.0	3.000	 1.0	 3.0
1	2013	319	14552.0	 22.0	 28.0	3.000	 2.0	 5.0
1	2013	320	19075.0	 22.0	 30.0	3.000	 1.0	 1.0
1	2013	321	19074.0	 22.0	 29.0	3.000	 1.0	 1.0
1	2013	322	17764.0	 23.0	 30.0	3.000	 1.0	 1.0
1	2013	323	18246.0	 23.0	 29.0	3.000	 1.0	 3.0
1	2013	324	17296.0	 23.0	 29.0	3.000	 1.0	 1.0
1	2013	325	16424.0	 23.0	 29.0	3.000	 1.0	 2.0
1	2013	326	17654.0	 22.0	 29.0	3.000	 1.0	 5.0
1	2013	327	15628.0	 23.0	 28.0	3.000	 2.0	 2.0
1	2013	328	13943.0	 22.0	 28.0	3.000	 2.0	 1.0
1	2013	329	17404.0	 22.0	 29.0	3.000	 1.0	 9.0
1	2013	330	17055.0	 21.0	 29.0	3.000	 1.0	 7.0
1	2013	331	17723.0	 22.0	 29.0	3.000	 1.0	 1.0
1	2013	332	20015.0	 22.0	 30.0	3.000	 1.0	 0.0
1	2013	333	19384.0	 23.0	 31.0	3.000	 1.0	 0.0
1	2013	334	16685.0	 23.0	 30.0	3.000	 1.0	 0.0
1	2013	335	17529.0	 23.0	 30.0	3.000	 2.0	 0.0
1	2013	336	18321.0	 23.0	 30.0	3.000	 1.0	 2.0
1	2013	337	11534.0	 23.0	 28.0	3.000	 1.0	10.0
1	2013	338	14586.0	 23.0	 29.0	3.000	 1.0	 0.0
1	2013	339	18230.0	 22.0	 30.0	3.000	 1.0	 0.0
1	2013	340	18627.0	 22.0	 30.0	3.000	 1.0	 0.0
1	2013	341	19103.0	 22.0	 30.0	3.000	 1.0	 0.0
1	2013	342	20002.0	 21.0	 30.0	2.000	 1.0	 0.0
1	2013	343	21378.0	 22.0	 31.0	2.000	 1.0	 0.0
1	2013	344	21366.0	 22.0	 31.0	2.000	 1.0	 0.0
1	2013	345	18999.0	 22.0	 30.0	3.000	 2.0	 0.0
1	2013	346	19475.0	 22.0	 30.0	3.000	 1.0	 0.0
1	2013	347	18957.0	 22.0	 31.0	3.000	 1.0	 0.0
1	2013	348	9907.0	 23.0	 26.0	3.000	 1.0	 9.0
1	2013	349	18265.0	 22.0	 29.0	3.000	 1.0	 0.0
1	2013	350	18016.0	 21.0	 29.0	2.000	 2.0	 0.0
1	2013	351	21310.0	 21.0	 30.0	2.000	 2.0	 0.0
1	2013	352	22125.0	 20.0	 30.0	2.000	 1.0	 0.0
1	2013	353	22013.0	 19.0	 30.0	2.000	 0.0	 0.0
1	2013	354	20137.0	 20.0	 30.0	2.000	 1.0	 0.0
1	2013	355	19826.0	 21.0	 31.0	2.000	 1.0	 0.0
1	2013	356	20638.0	 22.0	 32.0	2.000	 1.0	 0.0
1	2013	357	20983.0	 22.0	 32.0	2.000	 1.0	 0.0
1	2013	358	20328.0	 22.0	 32.0	2.000	 1.0	 0.0
1	2013	359	21559.0	 22.0	 33.0	2.000	 0.0	 0.0
1	2013	360	21047.0	 22.0	 33.0	2.000	 1.0	 0.0
1	2013	361	19661.0	 23.0	 32.0	3.000	 1.0	 0.0
1	2013	362	19756.0	 23.0	 32.0	3.000	 1.0	 0.0
1	2013	363	18447.0	 23.0	 31.0	3.000	 1.0	 0.0
1	2013	364	18479.0	 22.0	 31.0	3.000	 2.0	 1.0
1	2013	365	17274.0	 23.0	 30.0	3.000	 2.0	 3.0
