*---------------------------------------------------
* Station: Eastern
* Year: 2010
* Origin: ERA5-Reanalysis
* Columns & units
* ===================
* 1. station number
* 2. year
* 3. Day of Year
* 4. Irradiance   (kJ路m-2路d-1)
* 5. Daily minimum temperature (degC)
* 6. Daily maximum temperature (degC)
* 7. Vapour pressure (kPa)
* 8. Mean wind speed (m路s-1)
* 9. Precipitation (mm路d-1)
** WCCDESCRIPTION=Eastern
** WCCFORMAT=2
** WCCYEARNR=2010
*------------------------------------------------------------*
-0.45  6.42  495.00 -0.18  -0.55
1	2010	1	16553.0	 23.0	 30.0	3.000	 1.0	 1.0
1	2010	2	20657.0	 22.0	 32.0	3.000	 1.0	 0.0
1	2010	3	20679.0	 22.0	 32.0	2.000	 1.0	 0.0
1	2010	4	20022.0	 23.0	 32.0	3.000	 1.0	 0.0
1	2010	5	20200.0	 23.0	 32.0	3.000	 1.0	 0.0
1	2010	6	19765.0	 23.0	 32.0	3.000	 1.0	 0.0
1	2010	7	17787.0	 23.0	 31.0	3.000	 1.0	 0.0
1	2010	8	18645.0	 23.0	 32.0	3.000	 1.0	 0.0
1	2010	9	19129.0	 23.0	 32.0	3.000	 1.0	 0.0
1	2010	10	17984.0	 24.0	 31.0	3.000	 2.0	 1.0
1	2010	11	18670.0	 24.0	 32.0	3.000	 1.0	 0.0
1	2010	12	21247.0	 23.0	 34.0	2.000	 0.0	 0.0
1	2010	13	21345.0	 23.0	 33.0	3.000	 2.0	 0.0
1	2010	14	20333.0	 23.0	 33.0	3.000	 2.0	 0.0
1	2010	15	19795.0	 23.0	 33.0	3.000	 1.0	 0.0
1	2010	16	19194.0	 23.0	 32.0	3.000	 1.0	 0.0
1	2010	17	21771.0	 23.0	 33.0	2.000	 1.0	 0.0
1	2010	18	20461.0	 23.0	 32.0	3.000	 1.0	 0.0
1	2010	19	18577.0	 24.0	 32.0	3.000	 0.0	 0.0
1	2010	20	22076.0	 22.0	 32.0	2.000	 1.0	 0.0
1	2010	21	22563.0	 22.0	 33.0	2.000	 1.0	 0.0
1	2010	22	21516.0	 22.0	 33.0	3.000	 1.0	 0.0
1	2010	23	20494.0	 23.0	 33.0	3.000	 1.0	 0.0
1	2010	24	20622.0	 23.0	 33.0	3.000	 2.0	 0.0
1	2010	25	19799.0	 24.0	 33.0	3.000	 2.0	 1.0
1	2010	26	19612.0	 24.0	 33.0	3.000	 2.0	 1.0
1	2010	27	15543.0	 24.0	 31.0	3.000	 2.0	 9.0
1	2010	28	17017.0	 23.0	 31.0	3.000	 1.0	 2.0
1	2010	29	20914.0	 23.0	 34.0	3.000	 0.0	 0.0
1	2010	30	22153.0	 23.0	 34.0	3.000	 1.0	 0.0
1	2010	31	21051.0	 24.0	 33.0	3.000	 1.0	 0.0
1	2010	32	19947.0	 23.0	 33.0	3.000	 2.0	 0.0
1	2010	33	22152.0	 24.0	 34.0	2.000	 1.0	 0.0
1	2010	34	22279.0	 23.0	 34.0	3.000	 2.0	 0.0
1	2010	35	21282.0	 24.0	 34.0	3.000	 2.0	 0.0
1	2010	36	20188.0	 24.0	 34.0	3.000	 1.0	 0.0
1	2010	37	22771.0	 23.0	 34.0	2.000	 1.0	 0.0
1	2010	38	21888.0	 24.0	 34.0	2.000	 1.0	 0.0
1	2010	39	23400.0	 23.0	 34.0	2.000	 0.0	 0.0
1	2010	40	20928.0	 24.0	 34.0	3.000	 2.0	 0.0
1	2010	41	19882.0	 24.0	 33.0	3.000	 2.0	 0.0
1	2010	42	18634.0	 24.0	 32.0	3.000	 2.0	 2.0
1	2010	43	14967.0	 24.0	 31.0	3.000	 2.0	16.0
1	2010	44	19418.0	 23.0	 31.0	3.000	 1.0	 4.0
1	2010	45	17071.0	 23.0	 32.0	3.000	 1.0	 1.0
1	2010	46	20904.0	 23.0	 33.0	3.000	 2.0	 0.0
1	2010	47	21935.0	 24.0	 33.0	3.000	 2.0	 1.0
1	2010	48	21554.0	 24.0	 33.0	3.000	 2.0	 0.0
1	2010	49	19939.0	 24.0	 33.0	3.000	 2.0	 0.0
1	2010	50	21152.0	 24.0	 33.0	3.000	 2.0	 0.0
1	2010	51	21378.0	 24.0	 34.0	3.000	 2.0	 1.0
1	2010	52	19685.0	 25.0	 33.0	3.000	 2.0	 1.0
1	2010	53	20196.0	 25.0	 33.0	3.000	 2.0	 1.0
1	2010	54	17634.0	 24.0	 32.0	3.000	 2.0	 3.0
1	2010	55	21394.0	 24.0	 34.0	3.000	 2.0	 0.0
1	2010	56	20590.0	 25.0	 34.0	3.000	 3.0	 0.0
1	2010	57	18933.0	 25.0	 32.0	3.000	 3.0	 1.0
1	2010	58	21107.0	 24.0	 34.0	3.000	 2.0	 0.0
1	2010	59	20830.0	 24.0	 33.0	3.000	 2.0	 1.0
1	2010	60	21408.0	 25.0	 34.0	3.000	 2.0	 0.0
1	2010	61	21769.0	 25.0	 34.0	3.000	 2.0	 0.0
1	2010	62	21512.0	 25.0	 34.0	3.000	 2.0	 1.0
1	2010	63	19373.0	 25.0	 33.0	3.000	 2.0	 0.0
1	2010	64	19129.0	 25.0	 33.0	3.000	 2.0	 1.0
1	2010	65	19614.0	 24.0	 32.0	3.000	 2.0	 1.0
1	2010	66	19888.0	 24.0	 33.0	3.000	 2.0	 0.0
1	2010	67	21926.0	 24.0	 34.0	3.000	 2.0	 1.0
1	2010	68	17169.0	 24.0	 30.0	3.000	 2.0	24.0
1	2010	69	18349.0	 23.0	 31.0	3.000	 2.0	 2.0
1	2010	70	19904.0	 24.0	 31.0	3.000	 2.0	 4.0
1	2010	71	20823.0	 24.0	 32.0	3.000	 2.0	 3.0
1	2010	72	20429.0	 24.0	 32.0	3.000	 2.0	 2.0
1	2010	73	18450.0	 24.0	 31.0	3.000	 3.0	 1.0
1	2010	74	22243.0	 24.0	 32.0	3.000	 2.0	17.0
1	2010	75	13330.0	 24.0	 29.0	3.000	 2.0	 1.0
1	2010	76	20363.0	 24.0	 32.0	3.000	 1.0	 6.0
1	2010	77	23092.0	 24.0	 33.0	3.000	 0.0	 1.0
1	2010	78	20977.0	 24.0	 32.0	3.000	 1.0	 5.0
1	2010	79	18946.0	 24.0	 31.0	3.000	 1.0	 2.0
1	2010	80	22898.0	 23.0	 32.0	3.000	 1.0	 0.0
1	2010	81	23278.0	 24.0	 33.0	3.000	 1.0	 0.0
1	2010	82	25670.0	 23.0	 34.0	3.000	 0.0	 0.0
1	2010	83	25248.0	 23.0	 34.0	3.000	 1.0	 0.0
1	2010	84	21302.0	 24.0	 32.0	3.000	 2.0	 0.0
1	2010	85	24067.0	 23.0	 33.0	3.000	 1.0	 0.0
1	2010	86	20604.0	 25.0	 33.0	3.000	 2.0	 1.0
1	2010	87	23221.0	 25.0	 34.0	3.000	 2.0	 0.0
1	2010	88	22529.0	 25.0	 33.0	3.000	 2.0	 0.0
1	2010	89	20751.0	 24.0	 33.0	3.000	 2.0	 3.0
1	2010	90	22539.0	 24.0	 33.0	3.000	 2.0	 0.0
1	2010	91	23138.0	 24.0	 34.0	3.000	 2.0	 0.0
1	2010	92	23226.0	 24.0	 34.0	3.000	 2.0	 0.0
1	2010	93	19995.0	 25.0	 33.0	3.000	 3.0	 1.0
1	2010	94	23411.0	 24.0	 33.0	3.000	 2.0	 0.0
1	2010	95	24041.0	 25.0	 34.0	3.000	 2.0	 8.0
1	2010	96	14952.0	 23.0	 31.0	3.000	 1.0	 6.0
1	2010	97	20773.0	 25.0	 32.0	3.000	 2.0	 3.0
1	2010	98	22782.0	 25.0	 34.0	3.000	 2.0	 1.0
1	2010	99	20163.0	 25.0	 32.0	3.000	 2.0	 4.0
1	2010	100	21913.0	 24.0	 31.0	3.000	 2.0	 5.0
1	2010	101	20760.0	 24.0	 32.0	3.000	 2.0	 3.0
1	2010	102	22127.0	 24.0	 32.0	3.000	 2.0	 3.0
1	2010	103	21633.0	 24.0	 33.0	3.000	 2.0	 2.0
1	2010	104	22168.0	 24.0	 33.0	3.000	 2.0	 4.0
1	2010	105	21665.0	 24.0	 32.0	3.000	 2.0	 9.0
1	2010	106	19716.0	 24.0	 31.0	3.000	 2.0	 4.0
1	2010	107	22926.0	 24.0	 32.0	3.000	 1.0	 1.0
1	2010	108	25034.0	 25.0	 34.0	3.000	 1.0	 0.0
1	2010	109	24679.0	 25.0	 34.0	3.000	 2.0	 5.0
1	2010	110	14463.0	 24.0	 30.0	3.000	 2.0	 3.0
1	2010	111	20807.0	 24.0	 32.0	3.000	 3.0	 0.0
1	2010	112	20255.0	 24.0	 32.0	3.000	 2.0	11.0
1	2010	113	20751.0	 24.0	 31.0	3.000	 2.0	 3.0
1	2010	114	19564.0	 24.0	 32.0	3.000	 1.0	 5.0
1	2010	115	20027.0	 24.0	 32.0	3.000	 2.0	 1.0
1	2010	116	19272.0	 24.0	 30.0	3.000	 2.0	 5.0
1	2010	117	20216.0	 24.0	 32.0	3.000	 1.0	15.0
1	2010	118	20090.0	 24.0	 31.0	3.000	 1.0	 6.0
1	2010	119	19368.0	 24.0	 30.0	3.000	 2.0	 7.0
1	2010	120	21761.0	 24.0	 32.0	3.000	 2.0	 2.0
1	2010	121	20591.0	 24.0	 31.0	3.000	 1.0	 6.0
1	2010	122	14958.0	 24.0	 29.0	3.000	 2.0	11.0
1	2010	123	21465.0	 23.0	 31.0	3.000	 1.0	 3.0
1	2010	124	17159.0	 24.0	 30.0	3.000	 1.0	 0.0
1	2010	125	18646.0	 24.0	 30.0	3.000	 2.0	 5.0
1	2010	126	19344.0	 24.0	 30.0	3.000	 1.0	 5.0
1	2010	127	19848.0	 23.0	 31.0	3.000	 1.0	 1.0
1	2010	128	18525.0	 24.0	 30.0	3.000	 1.0	14.0
1	2010	129	17424.0	 24.0	 31.0	3.000	 1.0	 3.0
1	2010	130	21173.0	 24.0	 31.0	3.000	 2.0	 1.0
1	2010	131	21491.0	 24.0	 31.0	3.000	 2.0	 1.0
1	2010	132	20690.0	 24.0	 31.0	3.000	 2.0	 2.0
1	2010	133	19521.0	 24.0	 31.0	3.000	 2.0	 2.0
1	2010	134	20577.0	 24.0	 31.0	3.000	 2.0	 1.0
1	2010	135	23051.0	 24.0	 32.0	3.000	 2.0	 1.0
1	2010	136	19619.0	 24.0	 30.0	3.000	 2.0	 2.0
1	2010	137	18122.0	 24.0	 31.0	3.000	 1.0	 5.0
1	2010	138	19592.0	 24.0	 30.0	3.000	 2.0	 2.0
1	2010	139	19697.0	 24.0	 30.0	3.000	 2.0	 2.0
1	2010	140	16712.0	 23.0	 30.0	3.000	 2.0	 6.0
1	2010	141	11829.0	 24.0	 27.0	3.000	 1.0	21.0
1	2010	142	18705.0	 23.0	 30.0	3.000	 1.0	 8.0
1	2010	143	17823.0	 24.0	 29.0	3.000	 2.0	 6.0
1	2010	144	19146.0	 23.0	 31.0	3.000	 2.0	 8.0
1	2010	145	19280.0	 24.0	 31.0	3.000	 2.0	 3.0
1	2010	146	14117.0	 23.0	 29.0	3.000	 2.0	 8.0
1	2010	147	18006.0	 24.0	 30.0	3.000	 2.0	 1.0
1	2010	148	13868.0	 24.0	 29.0	3.000	 1.0	 7.0
1	2010	149	18662.0	 24.0	 30.0	3.000	 1.0	 6.0
1	2010	150	13413.0	 24.0	 28.0	3.000	 2.0	 3.0
1	2010	151	18547.0	 23.0	 30.0	3.000	 2.0	 6.0
1	2010	152	15633.0	 23.0	 30.0	3.000	 2.0	 3.0
1	2010	153	15142.0	 23.0	 29.0	3.000	 2.0	12.0
1	2010	154	17465.0	 23.0	 29.0	3.000	 1.0	 6.0
1	2010	155	10846.0	 22.0	 26.0	3.000	 2.0	14.0
1	2010	156	17315.0	 22.0	 29.0	3.000	 1.0	 8.0
1	2010	157	17406.0	 22.0	 30.0	3.000	 1.0	 2.0
1	2010	158	15427.0	 23.0	 29.0	3.000	 2.0	10.0
1	2010	159	17469.0	 23.0	 29.0	3.000	 2.0	 9.0
1	2010	160	16867.0	 22.0	 28.0	3.000	 2.0	 5.0
1	2010	161	7656.0	 22.0	 26.0	3.000	 1.0	26.0
1	2010	162	18892.0	 22.0	 30.0	3.000	 0.0	 3.0
1	2010	163	15560.0	 23.0	 29.0	3.000	 1.0	 4.0
1	2010	164	9897.0	 23.0	 27.0	3.000	 2.0	 3.0
1	2010	165	7119.0	 23.0	 25.0	3.000	 2.0	36.0
1	2010	166	14477.0	 23.0	 28.0	3.000	 2.0	13.0
1	2010	167	15985.0	 22.0	 29.0	3.000	 2.0	14.0
1	2010	168	13562.0	 22.0	 28.0	3.000	 1.0	 0.0
1	2010	169	17672.0	 22.0	 29.0	3.000	 2.0	 1.0
1	2010	170	18641.0	 23.0	 29.0	3.000	 2.0	 2.0
1	2010	171	17179.0	 23.0	 29.0	3.000	 2.0	 2.0
1	2010	172	17325.0	 23.0	 29.0	3.000	 1.0	 5.0
1	2010	173	15989.0	 23.0	 29.0	3.000	 1.0	 8.0
1	2010	174	15522.0	 23.0	 29.0	3.000	 2.0	 5.0
1	2010	175	12985.0	 22.0	 27.0	3.000	 2.0	 9.0
1	2010	176	12250.0	 22.0	 27.0	3.000	 4.0	 1.0
1	2010	177	5387.0	 22.0	 25.0	3.000	 2.0	 1.0
1	2010	178	12811.0	 22.0	 27.0	3.000	 2.0	 1.0
1	2010	179	18069.0	 22.0	 29.0	3.000	 1.0	 1.0
1	2010	180	15569.0	 22.0	 28.0	3.000	 1.0	 1.0
1	2010	181	19044.0	 22.0	 29.0	3.000	 1.0	 2.0
1	2010	182	12920.0	 22.0	 28.0	3.000	 2.0	 9.0
1	2010	183	13573.0	 21.0	 27.0	3.000	 1.0	 9.0
1	2010	184	16849.0	 21.0	 28.0	3.000	 2.0	 1.0
1	2010	185	18610.0	 22.0	 29.0	3.000	 2.0	 3.0
1	2010	186	17616.0	 23.0	 29.0	3.000	 2.0	 4.0
1	2010	187	17991.0	 22.0	 28.0	3.000	 3.0	 5.0
1	2010	188	14728.0	 22.0	 27.0	3.000	 2.0	 4.0
1	2010	189	16141.0	 22.0	 28.0	3.000	 1.0	 2.0
1	2010	190	15211.0	 22.0	 28.0	3.000	 2.0	10.0
1	2010	191	11064.0	 22.0	 27.0	3.000	 3.0	 8.0
1	2010	192	10193.0	 21.0	 26.0	3.000	 2.0	 3.0
1	2010	193	17501.0	 21.0	 29.0	3.000	 0.0	 0.0
1	2010	194	17561.0	 22.0	 29.0	3.000	 1.0	 4.0
1	2010	195	14673.0	 22.0	 28.0	3.000	 1.0	16.0
1	2010	196	15450.0	 22.0	 28.0	3.000	 3.0	 3.0
1	2010	197	11194.0	 22.0	 26.0	3.000	 4.0	13.0
1	2010	198	13924.0	 21.0	 27.0	3.000	 2.0	 1.0
1	2010	199	18415.0	 22.0	 29.0	3.000	 1.0	 0.0
1	2010	200	15468.0	 21.0	 28.0	2.000	 2.0	 0.0
1	2010	201	6966.0	 22.0	 25.0	2.000	 3.0	 0.0
1	2010	202	7664.0	 21.0	 25.0	2.000	 3.0	 0.0
1	2010	203	24046.0	 20.0	 29.0	2.000	 3.0	 0.0
1	2010	204	17019.0	 20.0	 28.0	2.000	 4.0	 0.0
1	2010	205	17845.0	 21.0	 27.0	2.000	 3.0	 0.0
1	2010	206	17945.0	 20.0	 28.0	2.000	 2.0	 0.0
1	2010	207	17418.0	 21.0	 28.0	3.000	 2.0	 1.0
1	2010	208	9154.0	 21.0	 24.0	3.000	 2.0	17.0
1	2010	209	18250.0	 21.0	 28.0	3.000	 2.0	 2.0
1	2010	210	16667.0	 21.0	 28.0	2.000	 2.0	 0.0
1	2010	211	14501.0	 21.0	 27.0	2.000	 3.0	 1.0
1	2010	212	14636.0	 21.0	 27.0	2.000	 3.0	 1.0
1	2010	213	17160.0	 21.0	 28.0	2.000	 2.0	 1.0
1	2010	214	17043.0	 20.0	 27.0	2.000	 1.0	 0.0
1	2010	215	13116.0	 21.0	 27.0	3.000	 3.0	 2.0
1	2010	216	16695.0	 22.0	 28.0	3.000	 3.0	 2.0
1	2010	217	18143.0	 21.0	 28.0	2.000	 2.0	 0.0
1	2010	218	8615.0	 21.0	 26.0	3.000	 2.0	 0.0
1	2010	219	17415.0	 21.0	 29.0	3.000	 2.0	 1.0
1	2010	220	12377.0	 22.0	 28.0	3.000	 3.0	 2.0
1	2010	221	11844.0	 22.0	 27.0	3.000	 2.0	 3.0
1	2010	222	11503.0	 22.0	 27.0	3.000	 2.0	 1.0
1	2010	223	13255.0	 22.0	 27.0	3.000	 3.0	 7.0
1	2010	224	13523.0	 22.0	 27.0	3.000	 3.0	 5.0
1	2010	225	16452.0	 21.0	 28.0	3.000	 2.0	13.0
1	2010	226	11491.0	 22.0	 26.0	3.000	 2.0	20.0
1	2010	227	16637.0	 23.0	 28.0	3.000	 1.0	 6.0
1	2010	228	17228.0	 22.0	 29.0	3.000	 1.0	 9.0
1	2010	229	12165.0	 22.0	 27.0	3.000	 2.0	11.0
1	2010	230	19680.0	 22.0	 28.0	3.000	 3.0	 1.0
1	2010	231	21348.0	 21.0	 29.0	3.000	 2.0	 0.0
1	2010	232	10598.0	 22.0	 26.0	3.000	 2.0	 3.0
1	2010	233	9540.0	 22.0	 26.0	3.000	 2.0	 9.0
1	2010	234	18741.0	 22.0	 28.0	3.000	 3.0	 1.0
1	2010	235	17421.0	 22.0	 28.0	3.000	 2.0	 4.0
1	2010	236	13875.0	 22.0	 28.0	3.000	 2.0	 4.0
1	2010	237	18948.0	 22.0	 29.0	3.000	 1.0	 4.0
1	2010	238	19044.0	 22.0	 29.0	3.000	 1.0	 2.0
1	2010	239	16580.0	 22.0	 28.0	3.000	 2.0	 8.0
1	2010	240	16286.0	 22.0	 28.0	3.000	 2.0	 6.0
1	2010	241	16215.0	 22.0	 28.0	3.000	 2.0	 2.0
1	2010	242	13433.0	 22.0	 28.0	3.000	 2.0	 2.0
1	2010	243	17057.0	 22.0	 29.0	3.000	 3.0	 3.0
1	2010	244	18438.0	 22.0	 28.0	3.000	 3.0	 2.0
1	2010	245	18422.0	 22.0	 29.0	3.000	 2.0	 0.0
1	2010	246	11893.0	 22.0	 27.0	3.000	 1.0	15.0
1	2010	247	13848.0	 22.0	 28.0	3.000	 2.0	 5.0
1	2010	248	14553.0	 22.0	 28.0	3.000	 2.0	 5.0
1	2010	249	12481.0	 22.0	 26.0	3.000	 3.0	17.0
1	2010	250	19565.0	 22.0	 28.0	3.000	 2.0	 2.0
1	2010	251	12154.0	 22.0	 26.0	3.000	 2.0	 1.0
1	2010	252	17368.0	 22.0	 28.0	3.000	 2.0	 3.0
1	2010	253	14439.0	 22.0	 28.0	3.000	 2.0	10.0
1	2010	254	12050.0	 22.0	 27.0	3.000	 1.0	 4.0
1	2010	255	19235.0	 21.0	 28.0	3.000	 1.0	11.0
1	2010	256	17939.0	 22.0	 28.0	3.000	 1.0	 3.0
1	2010	257	12239.0	 22.0	 27.0	3.000	 1.0	11.0
1	2010	258	16414.0	 21.0	 28.0	3.000	 1.0	 6.0
1	2010	259	18586.0	 21.0	 29.0	3.000	 1.0	 2.0
1	2010	260	15481.0	 22.0	 28.0	3.000	 2.0	 7.0
1	2010	261	11381.0	 22.0	 26.0	3.000	 2.0	16.0
1	2010	262	18039.0	 22.0	 29.0	3.000	 1.0	12.0
1	2010	263	17881.0	 22.0	 28.0	3.000	 1.0	 4.0
1	2010	264	17441.0	 22.0	 27.0	3.000	 2.0	 7.0
1	2010	265	19266.0	 22.0	 28.0	3.000	 1.0	10.0
1	2010	266	5793.0	 22.0	 24.0	3.000	 1.0	23.0
1	2010	267	13073.0	 21.0	 27.0	3.000	 1.0	17.0
1	2010	268	18643.0	 21.0	 28.0	3.000	 1.0	 7.0
1	2010	269	19322.0	 22.0	 28.0	3.000	 2.0	 1.0
1	2010	270	16253.0	 22.0	 28.0	3.000	 1.0	11.0
1	2010	271	13238.0	 22.0	 28.0	3.000	 1.0	 7.0
1	2010	272	20789.0	 22.0	 29.0	3.000	 0.0	 3.0
1	2010	273	17375.0	 22.0	 29.0	3.000	 1.0	 8.0
1	2010	274	16193.0	 22.0	 28.0	3.000	 1.0	 6.0
1	2010	275	19762.0	 23.0	 29.0	3.000	 1.0	 4.0
1	2010	276	17672.0	 23.0	 29.0	3.000	 1.0	 4.0
1	2010	277	13872.0	 22.0	 27.0	3.000	 2.0	 8.0
1	2010	278	19826.0	 22.0	 29.0	3.000	 2.0	 4.0
1	2010	279	17452.0	 22.0	 29.0	3.000	 1.0	14.0
1	2010	280	13150.0	 22.0	 27.0	3.000	 1.0	 8.0
1	2010	281	19190.0	 22.0	 29.0	3.000	 1.0	 8.0
1	2010	282	20060.0	 22.0	 29.0	3.000	 1.0	 3.0
1	2010	283	17405.0	 23.0	 29.0	3.000	 1.0	 6.0
1	2010	284	16893.0	 22.0	 28.0	3.000	 1.0	 7.0
1	2010	285	18950.0	 22.0	 29.0	3.000	 1.0	10.0
1	2010	286	15739.0	 22.0	 29.0	3.000	 1.0	 9.0
1	2010	287	15069.0	 22.0	 28.0	3.000	 1.0	 7.0
1	2010	288	18365.0	 23.0	 29.0	3.000	 1.0	 9.0
1	2010	289	19521.0	 22.0	 29.0	3.000	 1.0	 1.0
1	2010	290	18634.0	 23.0	 29.0	3.000	 1.0	 4.0
1	2010	291	16944.0	 22.0	 29.0	3.000	 1.0	12.0
1	2010	292	18562.0	 22.0	 29.0	3.000	 1.0	 1.0
1	2010	293	13084.0	 22.0	 27.0	3.000	 1.0	 6.0
1	2010	294	13903.0	 21.0	 27.0	3.000	 0.0	 3.0
1	2010	295	19041.0	 22.0	 29.0	3.000	 1.0	 2.0
1	2010	296	20127.0	 23.0	 29.0	3.000	 1.0	 3.0
1	2010	297	16326.0	 22.0	 28.0	3.000	 1.0	 3.0
1	2010	298	16432.0	 22.0	 28.0	3.000	 1.0	 4.0
1	2010	299	14951.0	 22.0	 28.0	3.000	 1.0	12.0
1	2010	300	19111.0	 22.0	 29.0	3.000	 1.0	 1.0
1	2010	301	18873.0	 23.0	 29.0	3.000	 1.0	 2.0
1	2010	302	20632.0	 23.0	 30.0	3.000	 0.0	 1.0
1	2010	303	17595.0	 22.0	 29.0	3.000	 1.0	11.0
1	2010	304	15617.0	 22.0	 29.0	3.000	 1.0	 6.0
1	2010	305	16967.0	 22.0	 29.0	3.000	 1.0	 4.0
1	2010	306	16918.0	 23.0	 29.0	3.000	 1.0	 5.0
1	2010	307	21505.0	 22.0	 30.0	3.000	 1.0	 1.0
1	2010	308	15655.0	 23.0	 29.0	3.000	 1.0	 1.0
1	2010	309	19778.0	 23.0	 30.0	3.000	 1.0	 3.0
1	2010	310	12254.0	 22.0	 28.0	3.000	 0.0	 6.0
1	2010	311	20348.0	 22.0	 29.0	3.000	 1.0	 2.0
1	2010	312	18312.0	 23.0	 29.0	3.000	 1.0	 0.0
1	2010	313	20090.0	 22.0	 30.0	3.000	 1.0	 1.0
1	2010	314	20332.0	 22.0	 30.0	3.000	 1.0	 1.0
1	2010	315	18352.0	 23.0	 30.0	3.000	 0.0	 1.0
1	2010	316	20107.0	 23.0	 31.0	3.000	 1.0	 2.0
1	2010	317	16380.0	 23.0	 29.0	3.000	 2.0	 2.0
1	2010	318	16119.0	 22.0	 29.0	3.000	 1.0	 3.0
1	2010	319	20064.0	 22.0	 30.0	3.000	 1.0	 0.0
1	2010	320	20727.0	 22.0	 30.0	3.000	 1.0	 1.0
1	2010	321	18850.0	 23.0	 30.0	3.000	 2.0	 2.0
1	2010	322	18077.0	 22.0	 29.0	3.000	 1.0	 1.0
1	2010	323	18885.0	 22.0	 30.0	3.000	 1.0	 2.0
1	2010	324	20179.0	 22.0	 31.0	3.000	 1.0	 0.0
1	2010	325	15851.0	 23.0	 29.0	3.000	 2.0	 3.0
1	2010	326	15880.0	 22.0	 29.0	3.000	 1.0	 2.0
1	2010	327	18926.0	 23.0	 29.0	3.000	 1.0	 0.0
1	2010	328	19092.0	 22.0	 30.0	3.000	 1.0	 0.0
1	2010	329	20057.0	 22.0	 31.0	3.000	 1.0	 0.0
1	2010	330	19098.0	 23.0	 30.0	3.000	 1.0	 5.0
1	2010	331	17589.0	 23.0	 30.0	3.000	 1.0	 1.0
1	2010	332	16657.0	 23.0	 30.0	3.000	 1.0	 4.0
1	2010	333	18125.0	 22.0	 30.0	3.000	 1.0	 0.0
1	2010	334	19134.0	 22.0	 30.0	3.000	 1.0	 0.0
1	2010	335	19659.0	 23.0	 31.0	3.000	 1.0	 0.0
1	2010	336	18460.0	 23.0	 30.0	3.000	 1.0	 0.0
1	2010	337	18582.0	 22.0	 30.0	3.000	 1.0	 1.0
1	2010	338	19263.0	 22.0	 31.0	3.000	 1.0	 0.0
1	2010	339	19100.0	 23.0	 32.0	3.000	 1.0	 0.0
1	2010	340	15881.0	 23.0	 30.0	3.000	 1.0	 0.0
1	2010	341	18958.0	 22.0	 30.0	3.000	 1.0	 1.0
1	2010	342	18099.0	 22.0	 29.0	3.000	 1.0	 1.0
1	2010	343	18197.0	 22.0	 30.0	2.000	 1.0	 0.0
1	2010	344	19852.0	 22.0	 31.0	2.000	 1.0	 0.0
1	2010	345	21370.0	 22.0	 32.0	2.000	 0.0	 0.0
1	2010	346	21616.0	 22.0	 32.0	2.000	 0.0	 0.0
1	2010	347	19374.0	 22.0	 31.0	3.000	 1.0	 0.0
1	2010	348	19420.0	 22.0	 32.0	2.000	 1.0	 0.0
1	2010	349	19259.0	 22.0	 32.0	2.000	 1.0	 0.0
1	2010	350	18904.0	 23.0	 32.0	3.000	 1.0	 0.0
1	2010	351	18985.0	 23.0	 32.0	3.000	 1.0	 0.0
1	2010	352	19607.0	 23.0	 32.0	3.000	 2.0	 0.0
1	2010	353	20092.0	 23.0	 32.0	3.000	 1.0	 0.0
1	2010	354	19045.0	 23.0	 33.0	3.000	 1.0	 0.0
1	2010	355	19560.0	 23.0	 32.0	3.000	 1.0	 0.0
1	2010	356	19206.0	 24.0	 32.0	3.000	 2.0	 0.0
1	2010	357	16910.0	 23.0	 30.0	3.000	 1.0	 1.0
1	2010	358	19351.0	 22.0	 32.0	3.000	 1.0	 0.0
1	2010	359	19190.0	 23.0	 32.0	3.000	 2.0	 0.0
1	2010	360	18509.0	 22.0	 31.0	3.000	 1.0	 2.0
1	2010	361	18388.0	 22.0	 32.0	3.000	 1.0	 2.0
1	2010	362	18142.0	 22.0	 31.0	3.000	 1.0	 0.0
1	2010	363	17206.0	 23.0	 31.0	3.000	 2.0	 2.0
1	2010	364	16899.0	 23.0	 30.0	3.000	 1.0	 2.0
1	2010	365	18829.0	 22.0	 31.0	2.000	 1.0	 0.0
