*---------------------------------------------------
* Station: Eastern
* Year: 2016
* Origin: ERA5-Reanalysis
* Columns & units
* ===================
* 1. station number
* 2. year
* 3. Day of Year
* 4. Irradiance   (kJ路m-2路d-1)
* 5. Daily minimum temperature (degC)
* 6. Daily maximum temperature (degC)
* 7. Vapour pressure (kPa)
* 8. Mean wind speed (m路s-1)
* 9. Precipitation (mm路d-1)
** WCCDESCRIPTION=Eastern
** WCCFORMAT=2
** WCCYEARNR=2016
*------------------------------------------------------------*
-0.45  6.42  495.00 -0.18  -0.55
1	2016	1	17874.0	 22.0	 32.0	3.000	 0.0	 0.0
1	2016	2	19778.0	 22.0	 32.0	2.000	 1.0	 0.0
1	2016	3	21872.0	 22.0	 33.0	2.000	 1.0	 0.0
1	2016	4	22114.0	 21.0	 33.0	2.000	 1.0	 0.0
1	2016	5	22082.0	 20.0	 33.0	2.000	 0.0	 0.0
1	2016	6	22386.0	 22.0	 33.0	1.000	 2.0	 0.0
1	2016	7	22126.0	 22.0	 34.0	1.000	 3.0	 0.0
1	2016	8	22652.0	 21.0	 35.0	1.000	 2.0	 0.0
1	2016	9	22095.0	 20.0	 34.0	2.000	 1.0	 0.0
1	2016	10	21405.0	 22.0	 33.0	3.000	 1.0	 0.0
1	2016	11	21980.0	 22.0	 34.0	3.000	 1.0	 0.0
1	2016	12	21412.0	 23.0	 34.0	3.000	 1.0	 0.0
1	2016	13	20576.0	 23.0	 33.0	3.000	 1.0	 0.0
1	2016	14	21020.0	 23.0	 33.0	3.000	 1.0	 0.0
1	2016	15	21107.0	 24.0	 33.0	3.000	 1.0	 0.0
1	2016	16	20936.0	 23.0	 34.0	3.000	 1.0	 0.0
1	2016	17	20035.0	 24.0	 33.0	3.000	 1.0	 0.0
1	2016	18	20284.0	 24.0	 33.0	3.000	 1.0	 0.0
1	2016	19	18910.0	 24.0	 32.0	3.000	 1.0	 1.0
1	2016	20	15582.0	 24.0	 32.0	3.000	 1.0	 2.0
1	2016	21	17770.0	 24.0	 31.0	3.000	 1.0	 2.0
1	2016	22	21159.0	 22.0	 33.0	2.000	 0.0	 0.0
1	2016	23	20235.0	 22.0	 33.0	2.000	 1.0	 0.0
1	2016	24	21458.0	 23.0	 33.0	2.000	 1.0	 0.0
1	2016	25	19846.0	 22.0	 33.0	2.000	 2.0	 0.0
1	2016	26	22612.0	 23.0	 33.0	2.000	 0.0	 0.0
1	2016	27	23582.0	 21.0	 33.0	2.000	 1.0	 0.0
1	2016	28	23489.0	 20.0	 33.0	1.000	 1.0	 0.0
1	2016	29	23446.0	 21.0	 33.0	1.000	 2.0	 0.0
1	2016	30	23696.0	 20.0	 33.0	1.000	 1.0	 0.0
1	2016	31	23672.0	 20.0	 34.0	2.000	 0.0	 0.0
1	2016	32	24101.0	 20.0	 35.0	1.000	 1.0	 0.0
1	2016	33	24191.0	 20.0	 34.0	1.000	 0.0	 0.0
1	2016	34	23436.0	 21.0	 34.0	2.000	 1.0	 0.0
1	2016	35	23294.0	 22.0	 35.0	2.000	 1.0	 0.0
1	2016	36	23785.0	 22.0	 36.0	2.000	 0.0	 0.0
1	2016	37	23947.0	 21.0	 36.0	2.000	 0.0	 0.0
1	2016	38	22647.0	 22.0	 35.0	2.000	 1.0	 0.0
1	2016	39	23097.0	 22.0	 35.0	2.000	 1.0	 0.0
1	2016	40	23393.0	 23.0	 35.0	2.000	 1.0	 0.0
1	2016	41	24760.0	 21.0	 35.0	1.000	 1.0	 0.0
1	2016	42	24571.0	 21.0	 35.0	2.000	 1.0	 0.0
1	2016	43	24279.0	 22.0	 36.0	2.000	 0.0	 0.0
1	2016	44	22958.0	 23.0	 35.0	2.000	 1.0	 0.0
1	2016	45	21686.0	 24.0	 35.0	2.000	 1.0	 0.0
1	2016	46	21818.0	 24.0	 35.0	3.000	 2.0	 0.0
1	2016	47	20072.0	 25.0	 35.0	3.000	 1.0	 0.0
1	2016	48	20970.0	 25.0	 35.0	3.000	 1.0	 0.0
1	2016	49	19543.0	 24.0	 34.0	3.000	 2.0	 0.0
1	2016	50	21813.0	 24.0	 36.0	3.000	 2.0	 0.0
1	2016	51	21100.0	 24.0	 36.0	3.000	 2.0	 0.0
1	2016	52	19335.0	 25.0	 34.0	3.000	 2.0	 1.0
1	2016	53	19754.0	 25.0	 34.0	3.000	 2.0	 0.0
1	2016	54	21418.0	 25.0	 36.0	3.000	 2.0	 0.0
1	2016	55	23358.0	 25.0	 36.0	3.000	 2.0	 0.0
1	2016	56	19645.0	 25.0	 34.0	3.000	 2.0	 1.0
1	2016	57	19693.0	 25.0	 35.0	3.000	 2.0	 1.0
1	2016	58	17217.0	 25.0	 33.0	3.000	 2.0	12.0
1	2016	59	19169.0	 24.0	 32.0	3.000	 2.0	 3.0
1	2016	60	19159.0	 24.0	 33.0	3.000	 2.0	 6.0
1	2016	61	13650.0	 25.0	 30.0	3.000	 1.0	 6.0
1	2016	62	21061.0	 24.0	 34.0	3.000	 1.0	 0.0
1	2016	63	21816.0	 24.0	 33.0	3.000	 2.0	 0.0
1	2016	64	22712.0	 24.0	 35.0	3.000	 2.0	 0.0
1	2016	65	23174.0	 25.0	 35.0	3.000	 2.0	 0.0
1	2016	66	20085.0	 25.0	 33.0	3.000	 3.0	 0.0
1	2016	67	21874.0	 25.0	 35.0	3.000	 2.0	 8.0
1	2016	68	19003.0	 25.0	 32.0	3.000	 1.0	 5.0
1	2016	69	21789.0	 25.0	 34.0	3.000	 2.0	 1.0
1	2016	70	20724.0	 25.0	 33.0	3.000	 3.0	 0.0
1	2016	71	19037.0	 24.0	 32.0	3.000	 3.0	 4.0
1	2016	72	20090.0	 24.0	 32.0	3.000	 2.0	 1.0
1	2016	73	20814.0	 24.0	 33.0	3.000	 2.0	12.0
1	2016	74	17348.0	 24.0	 31.0	3.000	 1.0	 3.0
1	2016	75	21687.0	 23.0	 33.0	3.000	 1.0	 1.0
1	2016	76	19003.0	 24.0	 32.0	3.000	 1.0	 7.0
1	2016	77	19799.0	 24.0	 31.0	3.000	 1.0	21.0
1	2016	78	13372.0	 23.0	 30.0	3.000	 1.0	11.0
1	2016	79	19120.0	 24.0	 31.0	3.000	 2.0	 2.0
1	2016	80	23066.0	 24.0	 33.0	3.000	 2.0	 4.0
1	2016	81	20818.0	 24.0	 32.0	3.000	 2.0	 7.0
1	2016	82	20162.0	 24.0	 32.0	3.000	 2.0	 8.0
1	2016	83	21238.0	 24.0	 32.0	3.000	 2.0	13.0
1	2016	84	11026.0	 24.0	 29.0	3.000	 2.0	 3.0
1	2016	85	22575.0	 23.0	 32.0	3.000	 1.0	 2.0
1	2016	86	21862.0	 24.0	 32.0	3.000	 1.0	 5.0
1	2016	87	21500.0	 24.0	 32.0	3.000	 1.0	 5.0
1	2016	88	18002.0	 24.0	 31.0	3.000	 2.0	 5.0
1	2016	89	20426.0	 25.0	 32.0	3.000	 2.0	 1.0
1	2016	90	17573.0	 25.0	 31.0	3.000	 2.0	 4.0
1	2016	91	19255.0	 24.0	 31.0	3.000	 2.0	11.0
1	2016	92	21537.0	 24.0	 31.0	3.000	 3.0	 4.0
1	2016	93	15423.0	 24.0	 30.0	3.000	 1.0	 9.0
1	2016	94	20637.0	 24.0	 32.0	3.000	 2.0	 1.0
1	2016	95	21324.0	 25.0	 32.0	3.000	 2.0	 1.0
1	2016	96	15178.0	 24.0	 30.0	3.000	 3.0	 5.0
1	2016	97	17250.0	 24.0	 30.0	3.000	 3.0	 7.0
1	2016	98	18371.0	 24.0	 30.0	3.000	 2.0	 2.0
1	2016	99	19790.0	 24.0	 31.0	3.000	 2.0	 6.0
1	2016	100	19666.0	 24.0	 31.0	3.000	 1.0	 7.0
1	2016	101	15130.0	 24.0	 31.0	3.000	 1.0	 2.0
1	2016	102	21291.0	 24.0	 31.0	3.000	 1.0	 2.0
1	2016	103	22089.0	 24.0	 32.0	3.000	 1.0	 2.0
1	2016	104	20867.0	 25.0	 32.0	3.000	 2.0	 1.0
1	2016	105	24124.0	 25.0	 33.0	3.000	 2.0	 1.0
1	2016	106	18141.0	 24.0	 31.0	3.000	 2.0	 3.0
1	2016	107	19911.0	 24.0	 31.0	3.000	 2.0	 3.0
1	2016	108	18650.0	 24.0	 32.0	3.000	 1.0	 4.0
1	2016	109	19505.0	 24.0	 31.0	3.000	 2.0	 1.0
1	2016	110	24856.0	 23.0	 33.0	3.000	 1.0	 1.0
1	2016	111	22121.0	 24.0	 32.0	3.000	 2.0	 5.0
1	2016	112	22384.0	 24.0	 32.0	3.000	 2.0	 0.0
1	2016	113	24251.0	 24.0	 32.0	3.000	 2.0	 0.0
1	2016	114	22568.0	 24.0	 32.0	3.000	 2.0	 0.0
1	2016	115	23442.0	 25.0	 33.0	3.000	 3.0	 1.0
1	2016	116	22662.0	 24.0	 33.0	3.000	 2.0	 1.0
1	2016	117	21549.0	 25.0	 32.0	3.000	 3.0	 1.0
1	2016	118	19846.0	 25.0	 32.0	3.000	 3.0	 3.0
1	2016	119	20619.0	 25.0	 32.0	3.000	 1.0	12.0
1	2016	120	18456.0	 24.0	 32.0	3.000	 1.0	 3.0
1	2016	121	21694.0	 24.0	 32.0	3.000	 2.0	 1.0
1	2016	122	22221.0	 24.0	 32.0	3.000	 2.0	 1.0
1	2016	123	18597.0	 24.0	 31.0	3.000	 3.0	 4.0
1	2016	124	20977.0	 24.0	 32.0	3.000	 2.0	 7.0
1	2016	125	18394.0	 24.0	 31.0	3.000	 2.0	 0.0
1	2016	126	22408.0	 24.0	 32.0	3.000	 2.0	 1.0
1	2016	127	18678.0	 24.0	 31.0	3.000	 2.0	10.0
1	2016	128	22021.0	 24.0	 31.0	3.000	 2.0	 1.0
1	2016	129	22091.0	 23.0	 32.0	3.000	 1.0	 2.0
1	2016	130	22879.0	 24.0	 32.0	3.000	 2.0	 1.0
1	2016	131	22966.0	 24.0	 32.0	3.000	 1.0	 1.0
1	2016	132	24251.0	 24.0	 33.0	3.000	 1.0	 0.0
1	2016	133	15431.0	 24.0	 30.0	3.000	 1.0	10.0
1	2016	134	18204.0	 24.0	 30.0	3.000	 2.0	 2.0
1	2016	135	20138.0	 24.0	 31.0	3.000	 3.0	 1.0
1	2016	136	17530.0	 23.0	 31.0	3.000	 2.0	 4.0
1	2016	137	12111.0	 23.0	 28.0	3.000	 1.0	10.0
1	2016	138	15442.0	 23.0	 29.0	3.000	 2.0	13.0
1	2016	139	15194.0	 23.0	 29.0	3.000	 2.0	 8.0
1	2016	140	18670.0	 22.0	 30.0	3.000	 1.0	 5.0
1	2016	141	20083.0	 23.0	 30.0	3.000	 1.0	 1.0
1	2016	142	17217.0	 24.0	 30.0	3.000	 2.0	 4.0
1	2016	143	14177.0	 23.0	 29.0	3.000	 3.0	 9.0
1	2016	144	9356.0	 23.0	 26.0	3.000	 3.0	18.0
1	2016	145	9036.0	 23.0	 26.0	3.000	 2.0	17.0
1	2016	146	15487.0	 23.0	 27.0	3.000	 1.0	17.0
1	2016	147	19860.0	 23.0	 31.0	3.000	 0.0	 3.0
1	2016	148	19851.0	 24.0	 30.0	3.000	 2.0	 1.0
1	2016	149	18057.0	 23.0	 30.0	3.000	 2.0	 1.0
1	2016	150	14894.0	 23.0	 29.0	3.000	 2.0	 6.0
1	2016	151	18932.0	 23.0	 29.0	3.000	 1.0	 2.0
1	2016	152	17694.0	 22.0	 29.0	3.000	 1.0	 6.0
1	2016	153	19528.0	 23.0	 30.0	3.000	 1.0	 4.0
1	2016	154	19348.0	 23.0	 30.0	3.000	 2.0	 4.0
1	2016	155	16895.0	 23.0	 29.0	3.000	 1.0	 7.0
1	2016	156	16508.0	 23.0	 29.0	3.000	 1.0	 1.0
1	2016	157	19238.0	 23.0	 30.0	3.000	 1.0	 8.0
1	2016	158	18458.0	 23.0	 30.0	3.000	 1.0	 8.0
1	2016	159	15285.0	 23.0	 29.0	3.000	 1.0	 7.0
1	2016	160	11218.0	 23.0	 28.0	3.000	 1.0	 2.0
1	2016	161	16902.0	 23.0	 29.0	3.000	 2.0	11.0
1	2016	162	7511.0	 22.0	 26.0	3.000	 2.0	45.0
1	2016	163	16288.0	 22.0	 28.0	3.000	 2.0	 2.0
1	2016	164	12784.0	 22.0	 27.0	3.000	 3.0	14.0
1	2016	165	14236.0	 22.0	 27.0	3.000	 2.0	31.0
1	2016	166	15787.0	 22.0	 27.0	3.000	 3.0	 4.0
1	2016	167	13841.0	 22.0	 27.0	3.000	 3.0	 4.0
1	2016	168	7697.0	 22.0	 24.0	3.000	 3.0	 9.0
1	2016	169	18960.0	 22.0	 28.0	3.000	 2.0	 3.0
1	2016	170	15115.0	 22.0	 29.0	3.000	 2.0	 0.0
1	2016	171	17665.0	 22.0	 29.0	3.000	 2.0	 8.0
1	2016	172	14523.0	 22.0	 27.0	3.000	 3.0	 5.0
1	2016	173	17334.0	 22.0	 28.0	3.000	 2.0	 8.0
1	2016	174	19360.0	 22.0	 28.0	3.000	 2.0	 1.0
1	2016	175	18548.0	 21.0	 28.0	3.000	 2.0	 0.0
1	2016	176	15504.0	 21.0	 28.0	3.000	 2.0	 5.0
1	2016	177	13344.0	 22.0	 27.0	3.000	 2.0	13.0
1	2016	178	17429.0	 22.0	 28.0	3.000	 2.0	 1.0
1	2016	179	14001.0	 22.0	 28.0	3.000	 2.0	 3.0
1	2016	180	10819.0	 22.0	 27.0	3.000	 2.0	14.0
1	2016	181	14168.0	 22.0	 28.0	3.000	 2.0	 3.0
1	2016	182	15997.0	 22.0	 29.0	3.000	 2.0	 5.0
1	2016	183	16753.0	 22.0	 28.0	3.000	 1.0	 2.0
1	2016	184	18899.0	 22.0	 29.0	3.000	 1.0	13.0
1	2016	185	14813.0	 22.0	 27.0	3.000	 1.0	18.0
1	2016	186	16654.0	 22.0	 28.0	3.000	 2.0	 7.0
1	2016	187	16683.0	 22.0	 29.0	3.000	 2.0	 4.0
1	2016	188	17114.0	 22.0	 29.0	3.000	 2.0	 3.0
1	2016	189	15455.0	 22.0	 28.0	3.000	 2.0	10.0
1	2016	190	18197.0	 22.0	 29.0	3.000	 2.0	 2.0
1	2016	191	15382.0	 22.0	 28.0	3.000	 3.0	 8.0
1	2016	192	15366.0	 22.0	 29.0	3.000	 3.0	 4.0
1	2016	193	14735.0	 22.0	 27.0	3.000	 3.0	 1.0
1	2016	194	18699.0	 21.0	 28.0	2.000	 3.0	 0.0
1	2016	195	20966.0	 21.0	 29.0	2.000	 2.0	 0.0
1	2016	196	9568.0	 22.0	 25.0	3.000	 2.0	 1.0
1	2016	197	16170.0	 22.0	 28.0	3.000	 2.0	 1.0
1	2016	198	15323.0	 22.0	 28.0	3.000	 2.0	 8.0
1	2016	199	12764.0	 22.0	 26.0	3.000	 3.0	 3.0
1	2016	200	19278.0	 22.0	 28.0	3.000	 2.0	 2.0
1	2016	201	18706.0	 22.0	 29.0	3.000	 2.0	 3.0
1	2016	202	12356.0	 22.0	 27.0	3.000	 2.0	 4.0
1	2016	203	18928.0	 22.0	 28.0	3.000	 2.0	 2.0
1	2016	204	17828.0	 22.0	 28.0	3.000	 2.0	 3.0
1	2016	205	11471.0	 21.0	 26.0	3.000	 2.0	 7.0
1	2016	206	7343.0	 21.0	 24.0	3.000	 2.0	13.0
1	2016	207	16727.0	 20.0	 27.0	3.000	 2.0	 6.0
1	2016	208	13635.0	 21.0	 27.0	3.000	 2.0	 8.0
1	2016	209	15665.0	 21.0	 27.0	3.000	 2.0	 3.0
1	2016	210	14475.0	 22.0	 27.0	3.000	 2.0	 5.0
1	2016	211	15902.0	 22.0	 28.0	3.000	 2.0	 2.0
1	2016	212	16185.0	 22.0	 28.0	3.000	 2.0	 6.0
1	2016	213	15667.0	 22.0	 28.0	3.000	 2.0	 3.0
1	2016	214	15334.0	 22.0	 28.0	3.000	 2.0	 1.0
1	2016	215	15739.0	 22.0	 27.0	3.000	 2.0	 2.0
1	2016	216	13830.0	 21.0	 27.0	3.000	 3.0	 3.0
1	2016	217	14125.0	 22.0	 27.0	3.000	 2.0	 1.0
1	2016	218	15375.0	 22.0	 28.0	3.000	 2.0	 1.0
1	2016	219	12195.0	 21.0	 27.0	3.000	 2.0	 6.0
1	2016	220	16546.0	 22.0	 29.0	3.000	 3.0	 2.0
1	2016	221	17176.0	 22.0	 28.0	3.000	 3.0	 1.0
1	2016	222	18516.0	 22.0	 28.0	3.000	 2.0	 2.0
1	2016	223	18264.0	 22.0	 29.0	3.000	 2.0	 1.0
1	2016	224	16424.0	 22.0	 28.0	3.000	 1.0	 5.0
1	2016	225	17213.0	 22.0	 29.0	3.000	 1.0	 5.0
1	2016	226	16565.0	 22.0	 28.0	3.000	 2.0	 2.0
1	2016	227	15324.0	 22.0	 28.0	3.000	 3.0	 1.0
1	2016	228	7510.0	 21.0	 24.0	3.000	 2.0	 9.0
1	2016	229	8591.0	 21.0	 25.0	3.000	 3.0	 1.0
1	2016	230	15801.0	 21.0	 27.0	3.000	 2.0	 6.0
1	2016	231	17248.0	 21.0	 28.0	3.000	 1.0	 4.0
1	2016	232	15210.0	 22.0	 28.0	3.000	 1.0	 3.0
1	2016	233	16096.0	 22.0	 28.0	3.000	 1.0	15.0
1	2016	234	16217.0	 22.0	 29.0	3.000	 1.0	 9.0
1	2016	235	15491.0	 22.0	 28.0	3.000	 2.0	 1.0
1	2016	236	14428.0	 22.0	 28.0	3.000	 2.0	 1.0
1	2016	237	18549.0	 22.0	 29.0	3.000	 2.0	 2.0
1	2016	238	14213.0	 22.0	 28.0	3.000	 2.0	 5.0
1	2016	239	10051.0	 22.0	 27.0	3.000	 2.0	 2.0
1	2016	240	11191.0	 22.0	 27.0	3.000	 2.0	 7.0
1	2016	241	15117.0	 21.0	 28.0	3.000	 3.0	 3.0
1	2016	242	16984.0	 21.0	 28.0	3.000	 1.0	 4.0
1	2016	243	9027.0	 22.0	 26.0	3.000	 1.0	12.0
1	2016	244	17983.0	 21.0	 29.0	3.000	 1.0	 4.0
1	2016	245	16933.0	 22.0	 28.0	3.000	 1.0	 5.0
1	2016	246	17386.0	 22.0	 29.0	3.000	 1.0	 6.0
1	2016	247	13988.0	 22.0	 27.0	3.000	 1.0	11.0
1	2016	248	14442.0	 22.0	 28.0	3.000	 2.0	 4.0
1	2016	249	15730.0	 22.0	 28.0	3.000	 2.0	 6.0
1	2016	250	13290.0	 22.0	 29.0	3.000	 1.0	 8.0
1	2016	251	16364.0	 22.0	 28.0	3.000	 1.0	 7.0
1	2016	252	19334.0	 22.0	 29.0	3.000	 1.0	 4.0
1	2016	253	19841.0	 22.0	 29.0	3.000	 2.0	 2.0
1	2016	254	16348.0	 22.0	 27.0	3.000	 1.0	22.0
1	2016	255	10087.0	 22.0	 26.0	3.000	 2.0	14.0
1	2016	256	12091.0	 22.0	 27.0	3.000	 2.0	 4.0
1	2016	257	13543.0	 22.0	 28.0	3.000	 1.0	 1.0
1	2016	258	11833.0	 22.0	 27.0	3.000	 2.0	 6.0
1	2016	259	15055.0	 22.0	 28.0	3.000	 2.0	 9.0
1	2016	260	17700.0	 22.0	 28.0	3.000	 1.0	 5.0
1	2016	261	15088.0	 22.0	 28.0	3.000	 0.0	 6.0
1	2016	262	18005.0	 22.0	 29.0	3.000	 1.0	12.0
1	2016	263	19537.0	 22.0	 28.0	3.000	 1.0	 1.0
1	2016	264	13224.0	 22.0	 26.0	3.000	 1.0	11.0
1	2016	265	11760.0	 22.0	 27.0	3.000	 1.0	22.0
1	2016	266	15676.0	 22.0	 29.0	3.000	 1.0	 4.0
1	2016	267	18149.0	 22.0	 29.0	3.000	 1.0	 7.0
1	2016	268	13067.0	 22.0	 27.0	3.000	 1.0	 6.0
1	2016	269	7950.0	 22.0	 26.0	3.000	 1.0	20.0
1	2016	270	15530.0	 22.0	 27.0	3.000	 1.0	 9.0
1	2016	271	16885.0	 22.0	 28.0	3.000	 1.0	 5.0
1	2016	272	17550.0	 22.0	 28.0	3.000	 1.0	11.0
1	2016	273	18600.0	 22.0	 29.0	3.000	 1.0	 5.0
1	2016	274	16676.0	 23.0	 29.0	3.000	 1.0	 6.0
1	2016	275	11974.0	 22.0	 28.0	3.000	 1.0	12.0
1	2016	276	1917.0	 22.0	 23.0	3.000	 1.0	97.0
1	2016	277	11686.0	 22.0	 27.0	3.000	 1.0	 1.0
1	2016	278	20887.0	 22.0	 29.0	3.000	 1.0	 2.0
1	2016	279	19973.0	 23.0	 30.0	3.000	 1.0	 2.0
1	2016	280	21011.0	 23.0	 30.0	3.000	 1.0	 1.0
1	2016	281	18235.0	 23.0	 30.0	3.000	 1.0	 4.0
1	2016	282	13214.0	 23.0	 28.0	3.000	 1.0	12.0
1	2016	283	15397.0	 23.0	 29.0	3.000	 1.0	 9.0
1	2016	284	15101.0	 23.0	 28.0	3.000	 1.0	 4.0
1	2016	285	16965.0	 22.0	 29.0	3.000	 0.0	10.0
1	2016	286	15407.0	 23.0	 29.0	3.000	 1.0	 5.0
1	2016	287	21099.0	 23.0	 30.0	3.000	 1.0	 3.0
1	2016	288	16384.0	 23.0	 29.0	3.000	 1.0	 9.0
1	2016	289	19292.0	 23.0	 29.0	3.000	 1.0	 7.0
1	2016	290	19870.0	 23.0	 30.0	3.000	 1.0	 9.0
1	2016	291	20535.0	 23.0	 30.0	3.000	 1.0	 1.0
1	2016	292	17881.0	 23.0	 29.0	3.000	 1.0	 7.0
1	2016	293	19108.0	 23.0	 30.0	3.000	 1.0	 3.0
1	2016	294	17656.0	 23.0	 29.0	3.000	 1.0	 0.0
1	2016	295	19183.0	 23.0	 30.0	3.000	 1.0	 5.0
1	2016	296	14625.0	 22.0	 28.0	3.000	 1.0	13.0
1	2016	297	21194.0	 22.0	 30.0	3.000	 1.0	 1.0
1	2016	298	21528.0	 23.0	 30.0	3.000	 1.0	 0.0
1	2016	299	21671.0	 23.0	 31.0	3.000	 1.0	 3.0
1	2016	300	18618.0	 23.0	 30.0	3.000	 1.0	 4.0
1	2016	301	22427.0	 23.0	 31.0	3.000	 1.0	 0.0
1	2016	302	19945.0	 24.0	 30.0	3.000	 1.0	 1.0
1	2016	303	18029.0	 23.0	 29.0	3.000	 1.0	 7.0
1	2016	304	18688.0	 22.0	 30.0	3.000	 1.0	 8.0
1	2016	305	19923.0	 23.0	 30.0	3.000	 1.0	 3.0
1	2016	306	20386.0	 22.0	 30.0	3.000	 1.0	 6.0
1	2016	307	16694.0	 23.0	 29.0	3.000	 1.0	 6.0
1	2016	308	21720.0	 22.0	 30.0	3.000	 1.0	 1.0
1	2016	309	20062.0	 23.0	 30.0	3.000	 1.0	 0.0
1	2016	310	18769.0	 23.0	 30.0	3.000	 1.0	 1.0
1	2016	311	18664.0	 23.0	 30.0	3.000	 0.0	 1.0
1	2016	312	18934.0	 23.0	 30.0	3.000	 1.0	 1.0
1	2016	313	18991.0	 24.0	 30.0	3.000	 1.0	 1.0
1	2016	314	21556.0	 22.0	 32.0	3.000	 1.0	 0.0
1	2016	315	21447.0	 23.0	 32.0	3.000	 1.0	 0.0
1	2016	316	21333.0	 23.0	 31.0	3.000	 1.0	 0.0
1	2016	317	20421.0	 23.0	 30.0	3.000	 1.0	 0.0
1	2016	318	20098.0	 23.0	 31.0	3.000	 1.0	 1.0
1	2016	319	20393.0	 23.0	 31.0	3.000	 1.0	 0.0
1	2016	320	20307.0	 23.0	 31.0	3.000	 1.0	 0.0
1	2016	321	19989.0	 24.0	 31.0	3.000	 1.0	 1.0
1	2016	322	20136.0	 24.0	 32.0	3.000	 1.0	 0.0
1	2016	323	19648.0	 24.0	 31.0	3.000	 1.0	 1.0
1	2016	324	19713.0	 24.0	 32.0	3.000	 1.0	 0.0
1	2016	325	20321.0	 24.0	 32.0	3.000	 1.0	 0.0
1	2016	326	17862.0	 24.0	 31.0	3.000	 1.0	 1.0
1	2016	327	17440.0	 23.0	 31.0	3.000	 1.0	 1.0
1	2016	328	16987.0	 23.0	 30.0	3.000	 1.0	 3.0
1	2016	329	18671.0	 23.0	 31.0	3.000	 1.0	 1.0
1	2016	330	19503.0	 23.0	 32.0	3.000	 1.0	 0.0
1	2016	331	17511.0	 24.0	 31.0	3.000	 2.0	 1.0
1	2016	332	17446.0	 24.0	 30.0	3.000	 1.0	 1.0
1	2016	333	19560.0	 23.0	 31.0	3.000	 2.0	 1.0
1	2016	334	18918.0	 23.0	 31.0	3.000	 1.0	 0.0
1	2016	335	18208.0	 24.0	 31.0	3.000	 1.0	 1.0
1	2016	336	17892.0	 23.0	 31.0	3.000	 1.0	 0.0
1	2016	337	19589.0	 23.0	 32.0	3.000	 1.0	 0.0
1	2016	338	18208.0	 23.0	 32.0	3.000	 1.0	 0.0
1	2016	339	20316.0	 22.0	 32.0	3.000	 1.0	 0.0
1	2016	340	19044.0	 24.0	 31.0	3.000	 1.0	 1.0
1	2016	341	19360.0	 23.0	 32.0	3.000	 1.0	 0.0
1	2016	342	18600.0	 24.0	 32.0	3.000	 1.0	 1.0
1	2016	343	18421.0	 24.0	 33.0	3.000	 1.0	 0.0
1	2016	344	18475.0	 24.0	 33.0	3.000	 1.0	 0.0
1	2016	345	18865.0	 23.0	 32.0	3.000	 1.0	 1.0
1	2016	346	16943.0	 24.0	 31.0	3.000	 1.0	 9.0
1	2016	347	18731.0	 23.0	 31.0	3.000	 1.0	 3.0
1	2016	348	19343.0	 23.0	 32.0	3.000	 1.0	 0.0
1	2016	349	18145.0	 24.0	 32.0	3.000	 1.0	 1.0
1	2016	350	17082.0	 23.0	 31.0	3.000	 1.0	 7.0
1	2016	351	19639.0	 22.0	 31.0	3.000	 1.0	 1.0
1	2016	352	19225.0	 24.0	 32.0	3.000	 1.0	 1.0
1	2016	353	17541.0	 24.0	 31.0	3.000	 1.0	 3.0
1	2016	354	19103.0	 22.0	 32.0	3.000	 1.0	 0.0
1	2016	355	18750.0	 24.0	 32.0	3.000	 1.0	 0.0
1	2016	356	18958.0	 24.0	 33.0	3.000	 1.0	 0.0
1	2016	357	19970.0	 23.0	 33.0	3.000	 0.0	 0.0
1	2016	358	20837.0	 23.0	 33.0	3.000	 1.0	 0.0
1	2016	359	20279.0	 23.0	 33.0	3.000	 1.0	 0.0
1	2016	360	19481.0	 24.0	 33.0	3.000	 0.0	 0.0
1	2016	361	19688.0	 24.0	 32.0	2.000	 1.0	 0.0
1	2016	362	19658.0	 23.0	 32.0	2.000	 1.0	 0.0
1	2016	363	21253.0	 22.0	 33.0	2.000	 1.0	 0.0
1	2016	364	21621.0	 22.0	 33.0	2.000	 1.0	 0.0
1	2016	365	21867.0	 21.0	 33.0	2.000	 1.0	 0.0
1	2016	366	21888.0	 21.0	 33.0	2.000	 1.0	 0.0
