*---------------------------------------------------
* Station: Eastern
* Year: 2012
* Origin: ERA5-Reanalysis
* Columns & units
* ===================
* 1. station number
* 2. year
* 3. Day of Year
* 4. Irradiance   (kJ路m-2路d-1)
* 5. Daily minimum temperature (degC)
* 6. Daily maximum temperature (degC)
* 7. Vapour pressure (kPa)
* 8. Mean wind speed (m路s-1)
* 9. Precipitation (mm路d-1)
** WCCDESCRIPTION=Eastern
** WCCFORMAT=2
** WCCYEARNR=2012
*------------------------------------------------------------*
-0.45  6.42  495.00 -0.18  -0.55
1	2012	1	22042.0	 21.0	 33.0	2.000	 0.0	 0.0
1	2012	2	20506.0	 22.0	 32.0	2.000	 1.0	 0.0
1	2012	3	19308.0	 22.0	 32.0	2.000	 1.0	 0.0
1	2012	4	20828.0	 22.0	 32.0	2.000	 1.0	 0.0
1	2012	5	20472.0	 22.0	 32.0	2.000	 1.0	 0.0
1	2012	6	19664.0	 23.0	 32.0	2.000	 1.0	 0.0
1	2012	7	21930.0	 22.0	 33.0	2.000	 0.0	 0.0
1	2012	8	21364.0	 22.0	 33.0	2.000	 1.0	 0.0
1	2012	9	20586.0	 23.0	 32.0	2.000	 1.0	 0.0
1	2012	10	21076.0	 23.0	 33.0	3.000	 1.0	 0.0
1	2012	11	20939.0	 23.0	 32.0	2.000	 1.0	 0.0
1	2012	12	21014.0	 23.0	 31.0	2.000	 0.0	 0.0
1	2012	13	21312.0	 22.0	 32.0	2.000	 1.0	 0.0
1	2012	14	22144.0	 21.0	 31.0	2.000	 1.0	 0.0
1	2012	15	22788.0	 20.0	 32.0	2.000	 1.0	 0.0
1	2012	16	23093.0	 19.0	 32.0	1.000	 1.0	 0.0
1	2012	17	23119.0	 20.0	 33.0	1.000	 0.0	 0.0
1	2012	18	22597.0	 20.0	 33.0	2.000	 1.0	 0.0
1	2012	19	20952.0	 21.0	 32.0	2.000	 2.0	 0.0
1	2012	20	18124.0	 23.0	 32.0	3.000	 2.0	 1.0
1	2012	21	19149.0	 23.0	 32.0	3.000	 1.0	 6.0
1	2012	22	18168.0	 22.0	 31.0	2.000	 1.0	 0.0
1	2012	23	18913.0	 22.0	 32.0	2.000	 1.0	 0.0
1	2012	24	22762.0	 22.0	 34.0	2.000	 0.0	 0.0
1	2012	25	22415.0	 22.0	 34.0	2.000	 1.0	 0.0
1	2012	26	21273.0	 23.0	 33.0	2.000	 2.0	 0.0
1	2012	27	19177.0	 23.0	 32.0	3.000	 2.0	 0.0
1	2012	28	17655.0	 23.0	 32.0	3.000	 1.0	 1.0
1	2012	29	14505.0	 23.0	 31.0	3.000	 2.0	 5.0
1	2012	30	19332.0	 22.0	 32.0	3.000	 2.0	 1.0
1	2012	31	19630.0	 23.0	 32.0	3.000	 1.0	 0.0
1	2012	32	19993.0	 23.0	 32.0	3.000	 2.0	 0.0
1	2012	33	18555.0	 23.0	 32.0	3.000	 2.0	 3.0
1	2012	34	17132.0	 23.0	 32.0	3.000	 2.0	 2.0
1	2012	35	18350.0	 23.0	 31.0	3.000	 2.0	 0.0
1	2012	36	17643.0	 23.0	 32.0	3.000	 1.0	 4.0
1	2012	37	18149.0	 23.0	 32.0	2.000	 1.0	 0.0
1	2012	38	23411.0	 21.0	 33.0	1.000	 1.0	 0.0
1	2012	39	24395.0	 20.0	 33.0	1.000	 1.0	 0.0
1	2012	40	24277.0	 20.0	 34.0	1.000	 1.0	 0.0
1	2012	41	24152.0	 20.0	 34.0	2.000	 1.0	 0.0
1	2012	42	22332.0	 22.0	 34.0	2.000	 2.0	 0.0
1	2012	43	20876.0	 23.0	 33.0	3.000	 2.0	 2.0
1	2012	44	21075.0	 23.0	 33.0	3.000	 2.0	 1.0
1	2012	45	20594.0	 23.0	 33.0	2.000	 2.0	 0.0
1	2012	46	18259.0	 23.0	 32.0	3.000	 3.0	 0.0
1	2012	47	19689.0	 23.0	 32.0	3.000	 2.0	 1.0
1	2012	48	18745.0	 23.0	 31.0	3.000	 3.0	 4.0
1	2012	49	17666.0	 23.0	 31.0	3.000	 2.0	 2.0
1	2012	50	20189.0	 23.0	 32.0	3.000	 2.0	 1.0
1	2012	51	18394.0	 22.0	 32.0	3.000	 2.0	11.0
1	2012	52	10461.0	 23.0	 28.0	3.000	 1.0	 4.0
1	2012	53	18315.0	 23.0	 31.0	3.000	 1.0	 9.0
1	2012	54	17590.0	 22.0	 29.0	3.000	 2.0	14.0
1	2012	55	22591.0	 22.0	 32.0	3.000	 1.0	 0.0
1	2012	56	22475.0	 23.0	 32.0	3.000	 1.0	 0.0
1	2012	57	20214.0	 23.0	 31.0	3.000	 2.0	 3.0
1	2012	58	19270.0	 22.0	 31.0	3.000	 2.0	 1.0
1	2012	59	19418.0	 23.0	 31.0	3.000	 2.0	 1.0
1	2012	60	18379.0	 23.0	 31.0	3.000	 2.0	 0.0
1	2012	61	21769.0	 23.0	 31.0	3.000	 2.0	 0.0
1	2012	62	22216.0	 22.0	 32.0	3.000	 2.0	 3.0
1	2012	63	20012.0	 22.0	 32.0	3.000	 1.0	 0.0
1	2012	64	19370.0	 23.0	 31.0	3.000	 2.0	 2.0
1	2012	65	18517.0	 23.0	 31.0	3.000	 2.0	 2.0
1	2012	66	21933.0	 22.0	 32.0	3.000	 1.0	 4.0
1	2012	67	21846.0	 22.0	 31.0	3.000	 1.0	 3.0
1	2012	68	22224.0	 23.0	 33.0	3.000	 2.0	 1.0
1	2012	69	20534.0	 23.0	 32.0	3.000	 2.0	11.0
1	2012	70	19383.0	 22.0	 29.0	3.000	 1.0	14.0
1	2012	71	23045.0	 22.0	 32.0	3.000	 0.0	 0.0
1	2012	72	24525.0	 23.0	 33.0	2.000	 0.0	 0.0
1	2012	73	24989.0	 23.0	 33.0	2.000	 0.0	 0.0
1	2012	74	25106.0	 24.0	 34.0	2.000	 1.0	 0.0
1	2012	75	22835.0	 23.0	 33.0	3.000	 2.0	 0.0
1	2012	76	23419.0	 23.0	 34.0	3.000	 1.0	 0.0
1	2012	77	21985.0	 24.0	 33.0	3.000	 1.0	 1.0
1	2012	78	19671.0	 24.0	 32.0	3.000	 2.0	 1.0
1	2012	79	21271.0	 24.0	 32.0	3.000	 1.0	 1.0
1	2012	80	22877.0	 24.0	 34.0	3.000	 1.0	 0.0
1	2012	81	22668.0	 24.0	 34.0	3.000	 2.0	 0.0
1	2012	82	22741.0	 25.0	 34.0	3.000	 2.0	 0.0
1	2012	83	22166.0	 24.0	 34.0	3.000	 1.0	 0.0
1	2012	84	21119.0	 24.0	 33.0	3.000	 3.0	 3.0
1	2012	85	19071.0	 24.0	 31.0	3.000	 2.0	 8.0
1	2012	86	21975.0	 23.0	 33.0	3.000	 2.0	 0.0
1	2012	87	21378.0	 24.0	 32.0	3.000	 2.0	 0.0
1	2012	88	22466.0	 24.0	 33.0	3.000	 2.0	 2.0
1	2012	89	21303.0	 24.0	 32.0	3.000	 2.0	 5.0
1	2012	90	18677.0	 24.0	 32.0	3.000	 3.0	 0.0
1	2012	91	23332.0	 24.0	 33.0	3.000	 2.0	 0.0
1	2012	92	22656.0	 24.0	 32.0	3.000	 3.0	 5.0
1	2012	93	22544.0	 24.0	 33.0	3.000	 2.0	 5.0
1	2012	94	20250.0	 23.0	 31.0	3.000	 2.0	15.0
1	2012	95	18617.0	 23.0	 30.0	3.000	 2.0	 4.0
1	2012	96	23716.0	 23.0	 33.0	3.000	 1.0	 3.0
1	2012	97	21784.0	 24.0	 32.0	3.000	 2.0	 3.0
1	2012	98	18621.0	 24.0	 31.0	3.000	 2.0	 4.0
1	2012	99	22797.0	 23.0	 32.0	3.000	 2.0	 0.0
1	2012	100	15937.0	 24.0	 30.0	3.000	 2.0	 5.0
1	2012	101	19133.0	 23.0	 30.0	3.000	 2.0	 8.0
1	2012	102	22053.0	 23.0	 31.0	3.000	 2.0	 6.0
1	2012	103	19635.0	 24.0	 30.0	3.000	 3.0	13.0
1	2012	104	17073.0	 23.0	 30.0	3.000	 2.0	 6.0
1	2012	105	21348.0	 23.0	 32.0	3.000	 1.0	 2.0
1	2012	106	18215.0	 24.0	 31.0	3.000	 3.0	 1.0
1	2012	107	21427.0	 23.0	 31.0	3.000	 2.0	 8.0
1	2012	108	12306.0	 23.0	 28.0	3.000	 2.0	 9.0
1	2012	109	22130.0	 23.0	 31.0	3.000	 1.0	 0.0
1	2012	110	19839.0	 23.0	 31.0	3.000	 1.0	11.0
1	2012	111	19923.0	 23.0	 30.0	3.000	 1.0	 6.0
1	2012	112	22833.0	 23.0	 31.0	3.000	 1.0	 2.0
1	2012	113	20472.0	 23.0	 31.0	3.000	 2.0	 1.0
1	2012	114	22516.0	 23.0	 31.0	3.000	 2.0	 3.0
1	2012	115	21150.0	 23.0	 31.0	3.000	 2.0	 5.0
1	2012	116	19639.0	 23.0	 31.0	3.000	 2.0	 6.0
1	2012	117	21892.0	 23.0	 31.0	3.000	 1.0	 2.0
1	2012	118	24203.0	 23.0	 32.0	3.000	 2.0	 1.0
1	2012	119	22738.0	 23.0	 31.0	3.000	 2.0	 2.0
1	2012	120	20546.0	 24.0	 31.0	3.000	 2.0	 0.0
1	2012	121	23006.0	 23.0	 32.0	3.000	 2.0	 2.0
1	2012	122	22222.0	 24.0	 32.0	3.000	 2.0	 2.0
1	2012	123	19349.0	 24.0	 31.0	3.000	 2.0	 9.0
1	2012	124	19851.0	 23.0	 30.0	3.000	 2.0	20.0
1	2012	125	18010.0	 23.0	 29.0	3.000	 2.0	 2.0
1	2012	126	23832.0	 23.0	 31.0	3.000	 1.0	 0.0
1	2012	127	18031.0	 24.0	 30.0	3.000	 2.0	 4.0
1	2012	128	20365.0	 23.0	 31.0	3.000	 2.0	 3.0
1	2012	129	20012.0	 23.0	 30.0	3.000	 2.0	14.0
1	2012	130	17186.0	 23.0	 30.0	3.000	 2.0	10.0
1	2012	131	19035.0	 23.0	 30.0	3.000	 1.0	 6.0
1	2012	132	20590.0	 23.0	 30.0	3.000	 1.0	 8.0
1	2012	133	20883.0	 23.0	 30.0	3.000	 2.0	 3.0
1	2012	134	17054.0	 23.0	 29.0	3.000	 2.0	 4.0
1	2012	135	11212.0	 22.0	 27.0	3.000	 1.0	14.0
1	2012	136	15886.0	 22.0	 28.0	3.000	 1.0	 7.0
1	2012	137	18145.0	 23.0	 29.0	3.000	 1.0	 8.0
1	2012	138	17572.0	 23.0	 29.0	3.000	 2.0	 2.0
1	2012	139	20495.0	 23.0	 30.0	3.000	 2.0	 1.0
1	2012	140	15026.0	 23.0	 29.0	3.000	 2.0	 3.0
1	2012	141	18979.0	 23.0	 29.0	3.000	 1.0	 5.0
1	2012	142	18181.0	 23.0	 30.0	3.000	 1.0	 7.0
1	2012	143	13339.0	 23.0	 29.0	3.000	 1.0	 0.0
1	2012	144	18998.0	 23.0	 30.0	3.000	 2.0	 4.0
1	2012	145	17893.0	 23.0	 29.0	3.000	 2.0	 7.0
1	2012	146	16093.0	 23.0	 28.0	3.000	 2.0	 3.0
1	2012	147	18849.0	 23.0	 29.0	3.000	 2.0	 4.0
1	2012	148	19517.0	 23.0	 30.0	3.000	 2.0	 0.0
1	2012	149	16207.0	 23.0	 28.0	3.000	 3.0	 6.0
1	2012	150	12275.0	 22.0	 27.0	3.000	 2.0	11.0
1	2012	151	14138.0	 22.0	 28.0	3.000	 2.0	12.0
1	2012	152	10414.0	 22.0	 26.0	3.000	 1.0	10.0
1	2012	153	15689.0	 22.0	 28.0	3.000	 1.0	11.0
1	2012	154	14662.0	 22.0	 27.0	3.000	 1.0	 6.0
1	2012	155	10234.0	 22.0	 26.0	3.000	 2.0	 7.0
1	2012	156	19427.0	 21.0	 29.0	3.000	 1.0	 2.0
1	2012	157	16569.0	 22.0	 29.0	3.000	 2.0	 2.0
1	2012	158	11633.0	 22.0	 27.0	3.000	 2.0	12.0
1	2012	159	21861.0	 21.0	 29.0	3.000	 1.0	 1.0
1	2012	160	15730.0	 22.0	 28.0	3.000	 2.0	10.0
1	2012	161	16577.0	 22.0	 29.0	3.000	 1.0	 0.0
1	2012	162	19412.0	 23.0	 30.0	3.000	 2.0	 2.0
1	2012	163	18067.0	 23.0	 29.0	3.000	 3.0	 2.0
1	2012	164	12543.0	 22.0	 26.0	3.000	 2.0	 4.0
1	2012	165	12064.0	 22.0	 27.0	3.000	 2.0	 6.0
1	2012	166	21075.0	 22.0	 30.0	3.000	 1.0	 4.0
1	2012	167	13395.0	 22.0	 27.0	3.000	 2.0	10.0
1	2012	168	15022.0	 22.0	 28.0	3.000	 2.0	 5.0
1	2012	169	11355.0	 22.0	 27.0	3.000	 2.0	13.0
1	2012	170	10832.0	 21.0	 26.0	3.000	 2.0	 8.0
1	2012	171	15087.0	 22.0	 28.0	3.000	 2.0	 2.0
1	2012	172	15256.0	 22.0	 28.0	3.000	 2.0	 9.0
1	2012	173	15728.0	 22.0	 28.0	3.000	 2.0	14.0
1	2012	174	18217.0	 22.0	 28.0	3.000	 3.0	 2.0
1	2012	175	17494.0	 21.0	 28.0	3.000	 2.0	 3.0
1	2012	176	11778.0	 22.0	 27.0	3.000	 2.0	10.0
1	2012	177	10519.0	 21.0	 25.0	3.000	 1.0	 9.0
1	2012	178	14674.0	 21.0	 27.0	3.000	 2.0	 7.0
1	2012	179	15906.0	 21.0	 28.0	3.000	 2.0	 3.0
1	2012	180	7635.0	 21.0	 24.0	3.000	 3.0	13.0
1	2012	181	14227.0	 21.0	 27.0	3.000	 2.0	 3.0
1	2012	182	16498.0	 21.0	 27.0	3.000	 2.0	 6.0
1	2012	183	14852.0	 22.0	 27.0	3.000	 2.0	10.0
1	2012	184	11545.0	 22.0	 26.0	3.000	 3.0	 2.0
1	2012	185	16276.0	 21.0	 27.0	3.000	 2.0	 9.0
1	2012	186	13651.0	 21.0	 27.0	3.000	 3.0	 7.0
1	2012	187	11165.0	 21.0	 26.0	3.000	 2.0	 1.0
1	2012	188	19615.0	 21.0	 28.0	2.000	 2.0	 1.0
1	2012	189	17468.0	 21.0	 28.0	3.000	 2.0	 1.0
1	2012	190	11819.0	 21.0	 26.0	3.000	 2.0	 5.0
1	2012	191	16435.0	 21.0	 27.0	3.000	 3.0	 3.0
1	2012	192	18985.0	 22.0	 28.0	3.000	 2.0	 1.0
1	2012	193	17055.0	 21.0	 27.0	3.000	 2.0	 1.0
1	2012	194	9956.0	 22.0	 27.0	3.000	 2.0	 0.0
1	2012	195	17662.0	 22.0	 29.0	3.000	 2.0	 5.0
1	2012	196	16218.0	 22.0	 28.0	3.000	 3.0	 6.0
1	2012	197	11591.0	 21.0	 26.0	3.000	 3.0	10.0
1	2012	198	14222.0	 21.0	 26.0	3.000	 3.0	 5.0
1	2012	199	15882.0	 20.0	 27.0	3.000	 2.0	 1.0
1	2012	200	15824.0	 21.0	 27.0	2.000	 2.0	 1.0
1	2012	201	11572.0	 21.0	 26.0	2.000	 3.0	 1.0
1	2012	202	19019.0	 22.0	 28.0	3.000	 2.0	 3.0
1	2012	203	16300.0	 22.0	 27.0	3.000	 2.0	19.0
1	2012	204	10564.0	 21.0	 25.0	3.000	 2.0	 2.0
1	2012	205	17202.0	 21.0	 27.0	3.000	 3.0	 4.0
1	2012	206	12789.0	 21.0	 26.0	3.000	 3.0	 6.0
1	2012	207	12359.0	 21.0	 25.0	3.000	 3.0	 1.0
1	2012	208	11416.0	 21.0	 26.0	2.000	 2.0	 1.0
1	2012	209	10169.0	 21.0	 26.0	3.000	 2.0	 1.0
1	2012	210	12535.0	 22.0	 27.0	3.000	 2.0	 3.0
1	2012	211	13827.0	 21.0	 26.0	3.000	 2.0	 3.0
1	2012	212	15340.0	 21.0	 27.0	2.000	 2.0	 1.0
1	2012	213	13097.0	 21.0	 27.0	2.000	 2.0	 2.0
1	2012	214	11654.0	 21.0	 26.0	2.000	 3.0	 5.0
1	2012	215	15933.0	 21.0	 27.0	2.000	 2.0	 2.0
1	2012	216	10093.0	 21.0	 26.0	2.000	 2.0	 1.0
1	2012	217	15365.0	 21.0	 27.0	2.000	 3.0	 1.0
1	2012	218	16988.0	 22.0	 27.0	2.000	 3.0	 1.0
1	2012	219	13064.0	 21.0	 27.0	2.000	 2.0	 1.0
1	2012	220	12668.0	 21.0	 27.0	2.000	 3.0	 2.0
1	2012	221	14803.0	 21.0	 26.0	3.000	 3.0	 3.0
1	2012	222	12504.0	 21.0	 26.0	2.000	 2.0	 1.0
1	2012	223	15088.0	 21.0	 26.0	2.000	 2.0	 3.0
1	2012	224	9932.0	 20.0	 25.0	2.000	 2.0	 4.0
1	2012	225	19364.0	 21.0	 28.0	2.000	 3.0	 2.0
1	2012	226	14899.0	 21.0	 27.0	2.000	 2.0	 1.0
1	2012	227	14922.0	 20.0	 26.0	2.000	 3.0	 1.0
1	2012	228	13403.0	 20.0	 25.0	2.000	 3.0	 2.0
1	2012	229	16988.0	 21.0	 27.0	2.000	 1.0	 1.0
1	2012	230	16588.0	 20.0	 27.0	2.000	 2.0	 1.0
1	2012	231	17147.0	 21.0	 27.0	3.000	 2.0	 1.0
1	2012	232	8300.0	 21.0	 25.0	3.000	 3.0	26.0
1	2012	233	19573.0	 21.0	 28.0	3.000	 2.0	 1.0
1	2012	234	15430.0	 22.0	 28.0	3.000	 2.0	 2.0
1	2012	235	11692.0	 21.0	 25.0	3.000	 3.0	11.0
1	2012	236	16960.0	 21.0	 27.0	3.000	 3.0	 2.0
1	2012	237	18405.0	 21.0	 28.0	3.000	 2.0	 5.0
1	2012	238	18044.0	 21.0	 27.0	3.000	 2.0	 1.0
1	2012	239	18363.0	 22.0	 28.0	3.000	 2.0	 1.0
1	2012	240	15168.0	 22.0	 27.0	3.000	 2.0	 2.0
1	2012	241	15785.0	 21.0	 27.0	3.000	 2.0	 4.0
1	2012	242	17551.0	 21.0	 28.0	3.000	 2.0	 1.0
1	2012	243	19873.0	 22.0	 28.0	3.000	 2.0	 1.0
1	2012	244	14223.0	 21.0	 27.0	2.000	 2.0	 0.0
1	2012	245	13753.0	 21.0	 27.0	2.000	 2.0	 0.0
1	2012	246	10303.0	 21.0	 25.0	3.000	 2.0	 9.0
1	2012	247	14513.0	 21.0	 28.0	3.000	 3.0	 2.0
1	2012	248	18987.0	 22.0	 28.0	3.000	 3.0	 1.0
1	2012	249	15959.0	 22.0	 28.0	3.000	 2.0	 6.0
1	2012	250	14307.0	 22.0	 27.0	3.000	 2.0	 6.0
1	2012	251	18427.0	 22.0	 28.0	3.000	 1.0	 2.0
1	2012	252	13591.0	 22.0	 26.0	3.000	 2.0	13.0
1	2012	253	18478.0	 21.0	 28.0	3.000	 2.0	 1.0
1	2012	254	19509.0	 22.0	 29.0	3.000	 1.0	 1.0
1	2012	255	8457.0	 22.0	 25.0	3.000	 2.0	 3.0
1	2012	256	15542.0	 22.0	 27.0	3.000	 2.0	 3.0
1	2012	257	17731.0	 22.0	 28.0	3.000	 2.0	 1.0
1	2012	258	19526.0	 21.0	 28.0	3.000	 1.0	 1.0
1	2012	259	17477.0	 22.0	 28.0	3.000	 2.0	 2.0
1	2012	260	17669.0	 22.0	 28.0	3.000	 3.0	 2.0
1	2012	261	14495.0	 22.0	 28.0	3.000	 2.0	 1.0
1	2012	262	17609.0	 22.0	 28.0	3.000	 1.0	 1.0
1	2012	263	17677.0	 22.0	 28.0	3.000	 1.0	11.0
1	2012	264	11925.0	 22.0	 26.0	3.000	 1.0	10.0
1	2012	265	15319.0	 22.0	 28.0	3.000	 1.0	 7.0
1	2012	266	16408.0	 22.0	 28.0	3.000	 1.0	13.0
1	2012	267	11588.0	 22.0	 26.0	3.000	 1.0	 7.0
1	2012	268	20481.0	 22.0	 29.0	3.000	 1.0	 2.0
1	2012	269	19815.0	 22.0	 29.0	3.000	 1.0	 3.0
1	2012	270	15718.0	 23.0	 27.0	3.000	 1.0	10.0
1	2012	271	3085.0	 22.0	 24.0	3.000	 2.0	45.0
1	2012	272	12003.0	 22.0	 27.0	3.000	 1.0	14.0
1	2012	273	17752.0	 22.0	 29.0	3.000	 1.0	 2.0
1	2012	274	17582.0	 22.0	 29.0	3.000	 1.0	29.0
1	2012	275	13202.0	 22.0	 26.0	3.000	 2.0	 5.0
1	2012	276	17352.0	 22.0	 29.0	3.000	 1.0	 5.0
1	2012	277	13451.0	 22.0	 27.0	3.000	 1.0	 7.0
1	2012	278	18260.0	 22.0	 29.0	3.000	 1.0	 4.0
1	2012	279	18319.0	 22.0	 29.0	3.000	 0.0	 1.0
1	2012	280	19832.0	 22.0	 30.0	3.000	 1.0	 5.0
1	2012	281	14036.0	 22.0	 27.0	3.000	 2.0	 7.0
1	2012	282	16976.0	 22.0	 28.0	3.000	 1.0	10.0
1	2012	283	17910.0	 22.0	 29.0	3.000	 0.0	 8.0
1	2012	284	18388.0	 22.0	 29.0	3.000	 1.0	10.0
1	2012	285	15857.0	 22.0	 29.0	3.000	 2.0	 7.0
1	2012	286	18464.0	 22.0	 28.0	3.000	 2.0	 2.0
1	2012	287	20621.0	 22.0	 29.0	3.000	 1.0	 1.0
1	2012	288	18485.0	 23.0	 28.0	3.000	 1.0	 5.0
1	2012	289	19915.0	 22.0	 29.0	3.000	 1.0	10.0
1	2012	290	18619.0	 22.0	 29.0	3.000	 1.0	13.0
1	2012	291	17290.0	 22.0	 29.0	3.000	 1.0	 6.0
1	2012	292	17869.0	 22.0	 29.0	3.000	 1.0	11.0
1	2012	293	15579.0	 23.0	 28.0	3.000	 1.0	 4.0
1	2012	294	19197.0	 22.0	 29.0	3.000	 1.0	 0.0
1	2012	295	18640.0	 22.0	 29.0	3.000	 1.0	 4.0
1	2012	296	21002.0	 22.0	 30.0	3.000	 2.0	 7.0
1	2012	297	17506.0	 22.0	 29.0	3.000	 1.0	12.0
1	2012	298	14576.0	 23.0	 29.0	3.000	 1.0	 4.0
1	2012	299	17002.0	 22.0	 28.0	3.000	 1.0	 8.0
1	2012	300	18513.0	 22.0	 29.0	3.000	 1.0	 4.0
1	2012	301	18512.0	 22.0	 29.0	3.000	 1.0	 2.0
1	2012	302	19263.0	 22.0	 29.0	3.000	 1.0	 2.0
1	2012	303	17889.0	 23.0	 30.0	3.000	 1.0	 4.0
1	2012	304	19557.0	 22.0	 29.0	3.000	 1.0	 4.0
1	2012	305	18619.0	 23.0	 29.0	3.000	 1.0	 1.0
1	2012	306	20790.0	 22.0	 30.0	3.000	 1.0	 0.0
1	2012	307	20166.0	 23.0	 30.0	3.000	 1.0	 1.0
1	2012	308	20667.0	 22.0	 29.0	3.000	 2.0	 1.0
1	2012	309	20301.0	 22.0	 30.0	3.000	 1.0	 2.0
1	2012	310	20134.0	 21.0	 30.0	3.000	 1.0	 1.0
1	2012	311	19951.0	 23.0	 30.0	3.000	 1.0	 1.0
1	2012	312	19877.0	 22.0	 30.0	3.000	 1.0	 2.0
1	2012	313	19322.0	 23.0	 30.0	3.000	 1.0	 2.0
1	2012	314	15776.0	 22.0	 29.0	3.000	 0.0	 5.0
1	2012	315	15327.0	 22.0	 29.0	3.000	 2.0	 2.0
1	2012	316	18993.0	 22.0	 30.0	3.000	 1.0	 1.0
1	2012	317	15792.0	 23.0	 29.0	3.000	 1.0	 1.0
1	2012	318	15900.0	 22.0	 29.0	3.000	 1.0	 3.0
1	2012	319	17418.0	 23.0	 30.0	3.000	 1.0	 2.0
1	2012	320	19010.0	 22.0	 29.0	3.000	 1.0	 0.0
1	2012	321	19630.0	 23.0	 30.0	3.000	 1.0	 0.0
1	2012	322	19825.0	 23.0	 31.0	3.000	 1.0	 0.0
1	2012	323	20079.0	 23.0	 30.0	3.000	 2.0	 0.0
1	2012	324	18903.0	 23.0	 31.0	3.000	 1.0	 3.0
1	2012	325	18484.0	 23.0	 30.0	3.000	 1.0	 5.0
1	2012	326	17375.0	 23.0	 30.0	3.000	 1.0	 1.0
1	2012	327	15913.0	 23.0	 29.0	3.000	 1.0	 1.0
1	2012	328	17397.0	 23.0	 29.0	3.000	 1.0	 2.0
1	2012	329	18714.0	 23.0	 30.0	3.000	 1.0	 2.0
1	2012	330	16844.0	 22.0	 30.0	3.000	 1.0	 2.0
1	2012	331	15444.0	 23.0	 29.0	3.000	 2.0	 1.0
1	2012	332	19109.0	 22.0	 30.0	3.000	 1.0	 0.0
1	2012	333	17024.0	 23.0	 30.0	3.000	 1.0	 3.0
1	2012	334	19132.0	 22.0	 30.0	3.000	 1.0	 1.0
1	2012	335	18719.0	 23.0	 30.0	3.000	 1.0	 0.0
1	2012	336	19915.0	 23.0	 31.0	3.000	 1.0	 0.0
1	2012	337	17099.0	 23.0	 30.0	3.000	 1.0	 4.0
1	2012	338	14343.0	 23.0	 29.0	3.000	 1.0	 2.0
1	2012	339	20130.0	 22.0	 31.0	3.000	 1.0	 0.0
1	2012	340	17587.0	 23.0	 30.0	3.000	 2.0	 1.0
1	2012	341	17477.0	 22.0	 30.0	3.000	 1.0	 1.0
1	2012	342	15830.0	 22.0	 29.0	3.000	 1.0	 3.0
1	2012	343	17228.0	 23.0	 30.0	3.000	 1.0	 1.0
1	2012	344	19203.0	 22.0	 31.0	3.000	 1.0	 0.0
1	2012	345	17785.0	 23.0	 30.0	3.000	 1.0	 2.0
1	2012	346	16757.0	 23.0	 30.0	3.000	 2.0	 2.0
1	2012	347	15420.0	 23.0	 29.0	3.000	 1.0	 2.0
1	2012	348	16615.0	 23.0	 29.0	3.000	 1.0	 1.0
1	2012	349	18278.0	 22.0	 30.0	3.000	 1.0	 0.0
1	2012	350	17986.0	 23.0	 30.0	3.000	 1.0	 0.0
1	2012	351	18416.0	 23.0	 31.0	3.000	 1.0	 0.0
1	2012	352	18232.0	 23.0	 30.0	3.000	 1.0	 0.0
1	2012	353	20229.0	 22.0	 32.0	3.000	 1.0	 0.0
1	2012	354	18418.0	 23.0	 31.0	3.000	 1.0	 0.0
1	2012	355	21196.0	 23.0	 31.0	2.000	 1.0	 0.0
1	2012	356	19902.0	 23.0	 31.0	3.000	 1.0	 0.0
1	2012	357	19909.0	 23.0	 32.0	3.000	 1.0	 0.0
1	2012	358	20851.0	 23.0	 32.0	3.000	 1.0	 0.0
1	2012	359	19466.0	 23.0	 31.0	3.000	 1.0	 0.0
1	2012	360	19483.0	 23.0	 32.0	3.000	 1.0	 0.0
1	2012	361	19996.0	 23.0	 32.0	3.000	 1.0	 0.0
1	2012	362	17866.0	 23.0	 31.0	3.000	 1.0	 0.0
1	2012	363	21180.0	 22.0	 32.0	2.000	 1.0	 0.0
1	2012	364	21152.0	 22.0	 32.0	2.000	 0.0	 0.0
1	2012	365	20007.0	 23.0	 32.0	3.000	 1.0	 0.0
1	2012	366	22157.0	 22.0	 32.0	2.000	 1.0	 0.0
