*---------------------------------------------------
* Station: Eastern
* Year: 2015
* Origin: ERA5-Reanalysis
* Columns & units
* ===================
* 1. station number
* 2. year
* 3. Day of Year
* 4. Irradiance   (kJ路m-2路d-1)
* 5. Daily minimum temperature (degC)
* 6. Daily maximum temperature (degC)
* 7. Vapour pressure (kPa)
* 8. Mean wind speed (m路s-1)
* 9. Precipitation (mm路d-1)
** WCCDESCRIPTION=Eastern
** WCCFORMAT=2
** WCCYEARNR=2015
*------------------------------------------------------------*
-0.45  6.42  495.00 -0.18  -0.55
1	2015	1	20849.0	 20.0	 32.0	1.000	 0.0	 0.0
1	2015	2	21727.0	 22.0	 33.0	1.000	 1.0	 0.0
1	2015	3	19311.0	 20.0	 31.0	2.000	 1.0	 0.0
1	2015	4	20579.0	 21.0	 32.0	2.000	 1.0	 0.0
1	2015	5	22155.0	 20.0	 31.0	2.000	 1.0	 0.0
1	2015	6	22617.0	 19.0	 31.0	1.000	 0.0	 0.0
1	2015	7	22526.0	 20.0	 32.0	2.000	 1.0	 0.0
1	2015	8	22035.0	 20.0	 32.0	2.000	 1.0	 0.0
1	2015	9	22302.0	 20.0	 32.0	2.000	 1.0	 0.0
1	2015	10	22832.0	 19.0	 32.0	2.000	 1.0	 0.0
1	2015	11	23180.0	 18.0	 31.0	1.000	 1.0	 0.0
1	2015	12	23207.0	 19.0	 32.0	1.000	 2.0	 0.0
1	2015	13	23549.0	 18.0	 31.0	1.000	 1.0	 0.0
1	2015	14	23328.0	 18.0	 32.0	1.000	 1.0	 0.0
1	2015	15	23009.0	 18.0	 33.0	2.000	 1.0	 0.0
1	2015	16	22686.0	 20.0	 33.0	2.000	 1.0	 0.0
1	2015	17	22078.0	 21.0	 33.0	2.000	 1.0	 0.0
1	2015	18	21748.0	 21.0	 33.0	2.000	 1.0	 0.0
1	2015	19	20458.0	 23.0	 32.0	3.000	 1.0	 0.0
1	2015	20	19722.0	 23.0	 32.0	3.000	 2.0	 0.0
1	2015	21	18874.0	 23.0	 31.0	3.000	 2.0	 1.0
1	2015	22	19607.0	 23.0	 32.0	3.000	 1.0	 0.0
1	2015	23	20408.0	 23.0	 34.0	3.000	 1.0	 0.0
1	2015	24	20228.0	 24.0	 33.0	3.000	 1.0	 0.0
1	2015	25	19515.0	 24.0	 32.0	3.000	 2.0	 1.0
1	2015	26	17922.0	 23.0	 32.0	3.000	 2.0	 4.0
1	2015	27	20034.0	 23.0	 33.0	3.000	 1.0	 0.0
1	2015	28	20853.0	 23.0	 33.0	2.000	 1.0	 0.0
1	2015	29	21682.0	 23.0	 33.0	3.000	 2.0	 0.0
1	2015	30	20666.0	 23.0	 33.0	3.000	 2.0	 0.0
1	2015	31	17698.0	 24.0	 32.0	3.000	 2.0	 5.0
1	2015	32	17310.0	 23.0	 32.0	3.000	 1.0	 1.0
1	2015	33	19528.0	 23.0	 33.0	3.000	 2.0	 0.0
1	2015	34	18379.0	 24.0	 32.0	3.000	 2.0	 1.0
1	2015	35	18532.0	 24.0	 32.0	3.000	 2.0	 1.0
1	2015	36	19150.0	 24.0	 32.0	3.000	 2.0	 1.0
1	2015	37	18024.0	 24.0	 32.0	3.000	 2.0	 1.0
1	2015	38	15854.0	 24.0	 31.0	3.000	 2.0	 4.0
1	2015	39	20009.0	 23.0	 32.0	3.000	 2.0	 0.0
1	2015	40	21655.0	 24.0	 33.0	3.000	 2.0	 0.0
1	2015	41	20617.0	 24.0	 32.0	3.000	 2.0	 0.0
1	2015	42	19344.0	 24.0	 32.0	3.000	 2.0	 1.0
1	2015	43	15173.0	 23.0	 30.0	3.000	 2.0	 4.0
1	2015	44	19291.0	 23.0	 31.0	3.000	 2.0	 0.0
1	2015	45	18156.0	 24.0	 31.0	3.000	 3.0	 2.0
1	2015	46	19349.0	 23.0	 31.0	3.000	 2.0	 1.0
1	2015	47	18624.0	 23.0	 31.0	3.000	 2.0	 1.0
1	2015	48	18544.0	 23.0	 31.0	3.000	 2.0	 6.0
1	2015	49	16199.0	 23.0	 30.0	3.000	 2.0	 7.0
1	2015	50	14250.0	 23.0	 29.0	3.000	 2.0	10.0
1	2015	51	18660.0	 22.0	 31.0	3.000	 2.0	 1.0
1	2015	52	20048.0	 23.0	 31.0	3.000	 2.0	 5.0
1	2015	53	18124.0	 22.0	 30.0	3.000	 1.0	 6.0
1	2015	54	14525.0	 23.0	 30.0	3.000	 0.0	 0.0
1	2015	55	23219.0	 23.0	 33.0	2.000	 0.0	 0.0
1	2015	56	22785.0	 23.0	 33.0	3.000	 1.0	 0.0
1	2015	57	21782.0	 23.0	 33.0	3.000	 2.0	 0.0
1	2015	58	19352.0	 24.0	 31.0	3.000	 1.0	 2.0
1	2015	59	20299.0	 24.0	 32.0	3.000	 1.0	 0.0
1	2015	60	22504.0	 24.0	 34.0	2.000	 0.0	 0.0
1	2015	61	24002.0	 24.0	 34.0	2.000	 1.0	 0.0
1	2015	62	22964.0	 24.0	 34.0	3.000	 1.0	 0.0
1	2015	63	20701.0	 24.0	 32.0	3.000	 2.0	 3.0
1	2015	64	21029.0	 23.0	 33.0	3.000	 1.0	 1.0
1	2015	65	20921.0	 24.0	 33.0	3.000	 1.0	 0.0
1	2015	66	21806.0	 24.0	 33.0	3.000	 2.0	 0.0
1	2015	67	22435.0	 24.0	 33.0	3.000	 2.0	 1.0
1	2015	68	21553.0	 24.0	 34.0	3.000	 2.0	 1.0
1	2015	69	22398.0	 24.0	 34.0	3.000	 2.0	 0.0
1	2015	70	22255.0	 24.0	 34.0	3.000	 2.0	 1.0
1	2015	71	21124.0	 24.0	 33.0	3.000	 2.0	 7.0
1	2015	72	18912.0	 24.0	 31.0	3.000	 1.0	 8.0
1	2015	73	20849.0	 23.0	 32.0	3.000	 1.0	 4.0
1	2015	74	17995.0	 23.0	 31.0	3.000	 2.0	 2.0
1	2015	75	18479.0	 24.0	 31.0	3.000	 2.0	 6.0
1	2015	76	14712.0	 24.0	 29.0	3.000	 2.0	13.0
1	2015	77	20242.0	 23.0	 31.0	3.000	 1.0	 0.0
1	2015	78	22250.0	 24.0	 32.0	3.000	 1.0	 4.0
1	2015	79	18261.0	 24.0	 31.0	3.000	 2.0	12.0
1	2015	80	17764.0	 24.0	 30.0	3.000	 2.0	 9.0
1	2015	81	15242.0	 23.0	 30.0	3.000	 2.0	 0.0
1	2015	82	23755.0	 23.0	 32.0	3.000	 2.0	 0.0
1	2015	83	23176.0	 23.0	 32.0	3.000	 3.0	 2.0
1	2015	84	12322.0	 24.0	 29.0	3.000	 2.0	10.0
1	2015	85	18588.0	 23.0	 31.0	3.000	 1.0	 1.0
1	2015	86	19679.0	 24.0	 31.0	3.000	 1.0	 4.0
1	2015	87	18348.0	 24.0	 31.0	3.000	 2.0	 1.0
1	2015	88	22474.0	 23.0	 32.0	3.000	 2.0	 0.0
1	2015	89	19041.0	 24.0	 31.0	3.000	 2.0	 6.0
1	2015	90	18402.0	 23.0	 30.0	3.000	 1.0	23.0
1	2015	91	11169.0	 22.0	 28.0	3.000	 1.0	 6.0
1	2015	92	15811.0	 23.0	 30.0	3.000	 0.0	 0.0
1	2015	93	21344.0	 23.0	 32.0	3.000	 1.0	 0.0
1	2015	94	20893.0	 24.0	 31.0	3.000	 2.0	 1.0
1	2015	95	19436.0	 23.0	 30.0	3.000	 2.0	 1.0
1	2015	96	21248.0	 24.0	 31.0	3.000	 2.0	 0.0
1	2015	97	22387.0	 23.0	 32.0	3.000	 2.0	 2.0
1	2015	98	18659.0	 24.0	 31.0	3.000	 2.0	10.0
1	2015	99	16750.0	 23.0	 30.0	3.000	 2.0	 4.0
1	2015	100	20053.0	 23.0	 31.0	3.000	 2.0	 2.0
1	2015	101	17465.0	 24.0	 30.0	3.000	 2.0	10.0
1	2015	102	11615.0	 23.0	 29.0	3.000	 1.0	 2.0
1	2015	103	23136.0	 23.0	 31.0	3.000	 1.0	 1.0
1	2015	104	21810.0	 23.0	 32.0	3.000	 1.0	 0.0
1	2015	105	23257.0	 24.0	 32.0	3.000	 2.0	 0.0
1	2015	106	23619.0	 23.0	 32.0	3.000	 2.0	 0.0
1	2015	107	22832.0	 24.0	 31.0	3.000	 2.0	 1.0
1	2015	108	22035.0	 23.0	 32.0	3.000	 2.0	 2.0
1	2015	109	21981.0	 24.0	 32.0	3.000	 2.0	 2.0
1	2015	110	22723.0	 24.0	 32.0	3.000	 2.0	 1.0
1	2015	111	23158.0	 23.0	 32.0	3.000	 2.0	 1.0
1	2015	112	22463.0	 24.0	 32.0	3.000	 2.0	 1.0
1	2015	113	24647.0	 23.0	 33.0	3.000	 2.0	 3.0
1	2015	114	18674.0	 24.0	 31.0	3.000	 3.0	 1.0
1	2015	115	18483.0	 23.0	 31.0	3.000	 2.0	 1.0
1	2015	116	22443.0	 24.0	 32.0	3.000	 2.0	 0.0
1	2015	117	24011.0	 23.0	 33.0	3.000	 1.0	 0.0
1	2015	118	21662.0	 24.0	 32.0	3.000	 2.0	 0.0
1	2015	119	21695.0	 24.0	 32.0	3.000	 2.0	 1.0
1	2015	120	21582.0	 24.0	 32.0	3.000	 2.0	 3.0
1	2015	121	21630.0	 24.0	 32.0	3.000	 2.0	 5.0
1	2015	122	22291.0	 23.0	 33.0	3.000	 2.0	 0.0
1	2015	123	22218.0	 24.0	 32.0	3.000	 2.0	 3.0
1	2015	124	16039.0	 23.0	 30.0	3.000	 2.0	 9.0
1	2015	125	17287.0	 23.0	 30.0	3.000	 2.0	13.0
1	2015	126	13323.0	 23.0	 29.0	3.000	 1.0	 1.0
1	2015	127	24268.0	 23.0	 32.0	3.000	 2.0	 1.0
1	2015	128	20894.0	 24.0	 31.0	3.000	 3.0	 1.0
1	2015	129	22117.0	 24.0	 31.0	3.000	 2.0	 1.0
1	2015	130	22644.0	 24.0	 32.0	3.000	 2.0	 2.0
1	2015	131	21305.0	 24.0	 31.0	3.000	 2.0	 3.0
1	2015	132	19594.0	 23.0	 31.0	3.000	 2.0	 4.0
1	2015	133	22195.0	 24.0	 33.0	3.000	 2.0	 3.0
1	2015	134	18606.0	 24.0	 30.0	3.000	 2.0	10.0
1	2015	135	13234.0	 24.0	 29.0	3.000	 1.0	 7.0
1	2015	136	23036.0	 23.0	 32.0	3.000	 1.0	 0.0
1	2015	137	18005.0	 24.0	 31.0	3.000	 2.0	 6.0
1	2015	138	15733.0	 24.0	 30.0	3.000	 2.0	 1.0
1	2015	139	18040.0	 24.0	 29.0	3.000	 2.0	 1.0
1	2015	140	21699.0	 23.0	 31.0	3.000	 1.0	 2.0
1	2015	141	22181.0	 23.0	 31.0	3.000	 2.0	 1.0
1	2015	142	16626.0	 24.0	 31.0	3.000	 2.0	10.0
1	2015	143	13309.0	 23.0	 29.0	3.000	 2.0	10.0
1	2015	144	18527.0	 22.0	 30.0	3.000	 1.0	 9.0
1	2015	145	22528.0	 22.0	 31.0	3.000	 1.0	 0.0
1	2015	146	19639.0	 23.0	 30.0	3.000	 2.0	 6.0
1	2015	147	17468.0	 24.0	 29.0	3.000	 2.0	 5.0
1	2015	148	14450.0	 22.0	 29.0	3.000	 2.0	 6.0
1	2015	149	16016.0	 23.0	 29.0	3.000	 1.0	 9.0
1	2015	150	17629.0	 23.0	 29.0	3.000	 2.0	 1.0
1	2015	151	10578.0	 23.0	 28.0	3.000	 2.0	 6.0
1	2015	152	16708.0	 23.0	 29.0	3.000	 2.0	 5.0
1	2015	153	17727.0	 23.0	 29.0	3.000	 2.0	 2.0
1	2015	154	16221.0	 22.0	 29.0	3.000	 1.0	 6.0
1	2015	155	15225.0	 23.0	 28.0	3.000	 2.0	13.0
1	2015	156	14133.0	 22.0	 28.0	3.000	 2.0	10.0
1	2015	157	15543.0	 22.0	 29.0	3.000	 1.0	 4.0
1	2015	158	16539.0	 22.0	 28.0	3.000	 2.0	 1.0
1	2015	159	14555.0	 23.0	 28.0	3.000	 2.0	11.0
1	2015	160	13881.0	 22.0	 27.0	3.000	 2.0	 7.0
1	2015	161	17500.0	 22.0	 28.0	3.000	 2.0	16.0
1	2015	162	16793.0	 21.0	 29.0	3.000	 2.0	 0.0
1	2015	163	18374.0	 22.0	 30.0	3.000	 2.0	 2.0
1	2015	164	16512.0	 23.0	 28.0	3.000	 2.0	 2.0
1	2015	165	14547.0	 22.0	 27.0	3.000	 2.0	14.0
1	2015	166	13475.0	 22.0	 27.0	3.000	 2.0	 1.0
1	2015	167	16521.0	 22.0	 28.0	3.000	 3.0	 1.0
1	2015	168	15342.0	 22.0	 28.0	3.000	 2.0	 2.0
1	2015	169	14566.0	 22.0	 28.0	3.000	 3.0	 4.0
1	2015	170	18408.0	 22.0	 29.0	3.000	 3.0	 4.0
1	2015	171	17294.0	 22.0	 29.0	3.000	 2.0	 2.0
1	2015	172	14959.0	 22.0	 28.0	3.000	 2.0	 3.0
1	2015	173	12166.0	 22.0	 27.0	3.000	 3.0	 2.0
1	2015	174	18696.0	 22.0	 29.0	3.000	 3.0	 2.0
1	2015	175	17550.0	 22.0	 28.0	3.000	 3.0	 1.0
1	2015	176	15711.0	 22.0	 28.0	3.000	 3.0	 1.0
1	2015	177	13464.0	 22.0	 27.0	3.000	 3.0	 1.0
1	2015	178	16494.0	 22.0	 29.0	3.000	 2.0	 6.0
1	2015	179	11548.0	 22.0	 26.0	3.000	 2.0	14.0
1	2015	180	11482.0	 22.0	 26.0	3.000	 2.0	 9.0
1	2015	181	13416.0	 22.0	 27.0	3.000	 2.0	 4.0
1	2015	182	17640.0	 22.0	 29.0	3.000	 2.0	 1.0
1	2015	183	15768.0	 22.0	 28.0	3.000	 2.0	 2.0
1	2015	184	3456.0	 22.0	 24.0	3.000	 2.0	29.0
1	2015	185	10002.0	 22.0	 26.0	3.000	 1.0	11.0
1	2015	186	16933.0	 22.0	 28.0	3.000	 1.0	 1.0
1	2015	187	16872.0	 22.0	 28.0	3.000	 1.0	 2.0
1	2015	188	17072.0	 22.0	 28.0	3.000	 1.0	 1.0
1	2015	189	18354.0	 22.0	 29.0	3.000	 1.0	 6.0
1	2015	190	17827.0	 23.0	 29.0	3.000	 1.0	 4.0
1	2015	191	11876.0	 23.0	 27.0	3.000	 1.0	 9.0
1	2015	192	17815.0	 22.0	 29.0	3.000	 1.0	 1.0
1	2015	193	16922.0	 23.0	 29.0	3.000	 1.0	 8.0
1	2015	194	18959.0	 22.0	 29.0	3.000	 2.0	 1.0
1	2015	195	17226.0	 22.0	 29.0	3.000	 2.0	 1.0
1	2015	196	17007.0	 22.0	 29.0	3.000	 3.0	 7.0
1	2015	197	10903.0	 22.0	 26.0	3.000	 2.0	15.0
1	2015	198	18333.0	 21.0	 29.0	3.000	 1.0	 1.0
1	2015	199	15004.0	 22.0	 28.0	3.000	 2.0	 1.0
1	2015	200	18312.0	 22.0	 29.0	3.000	 3.0	 2.0
1	2015	201	17028.0	 22.0	 28.0	3.000	 3.0	 2.0
1	2015	202	17585.0	 22.0	 27.0	3.000	 3.0	 2.0
1	2015	203	19872.0	 21.0	 29.0	2.000	 2.0	 0.0
1	2015	204	17147.0	 22.0	 28.0	2.000	 2.0	 1.0
1	2015	205	12247.0	 21.0	 27.0	2.000	 3.0	 0.0
1	2015	206	16818.0	 22.0	 27.0	3.000	 2.0	 3.0
1	2015	207	14003.0	 21.0	 27.0	2.000	 2.0	 0.0
1	2015	208	15321.0	 21.0	 27.0	2.000	 3.0	 1.0
1	2015	209	16869.0	 21.0	 27.0	2.000	 3.0	 1.0
1	2015	210	16394.0	 21.0	 27.0	2.000	 2.0	 0.0
1	2015	211	10906.0	 21.0	 26.0	2.000	 3.0	 1.0
1	2015	212	15274.0	 21.0	 27.0	2.000	 2.0	 1.0
1	2015	213	17816.0	 21.0	 28.0	3.000	 2.0	 1.0
1	2015	214	15863.0	 22.0	 28.0	3.000	 1.0	 8.0
1	2015	215	16920.0	 22.0	 28.0	3.000	 2.0	 6.0
1	2015	216	16609.0	 22.0	 28.0	3.000	 2.0	 2.0
1	2015	217	13973.0	 22.0	 27.0	3.000	 2.0	 2.0
1	2015	218	18347.0	 21.0	 29.0	3.000	 1.0	 1.0
1	2015	219	13020.0	 21.0	 27.0	3.000	 2.0	 7.0
1	2015	220	17343.0	 22.0	 28.0	3.000	 2.0	 2.0
1	2015	221	16477.0	 22.0	 28.0	3.000	 2.0	 3.0
1	2015	222	11496.0	 22.0	 26.0	3.000	 3.0	14.0
1	2015	223	17988.0	 22.0	 28.0	3.000	 3.0	 1.0
1	2015	224	18231.0	 22.0	 29.0	3.000	 2.0	 2.0
1	2015	225	18684.0	 22.0	 30.0	3.000	 1.0	14.0
1	2015	226	12297.0	 22.0	 27.0	3.000	 2.0	 3.0
1	2015	227	14596.0	 22.0	 27.0	3.000	 3.0	 3.0
1	2015	228	16284.0	 22.0	 28.0	3.000	 2.0	 1.0
1	2015	229	17300.0	 22.0	 28.0	3.000	 2.0	 3.0
1	2015	230	13462.0	 22.0	 27.0	3.000	 2.0	 4.0
1	2015	231	11246.0	 22.0	 27.0	3.000	 2.0	 2.0
1	2015	232	10419.0	 22.0	 27.0	3.000	 2.0	 6.0
1	2015	233	11109.0	 22.0	 26.0	3.000	 2.0	 4.0
1	2015	234	9006.0	 22.0	 26.0	3.000	 2.0	 1.0
1	2015	235	14829.0	 22.0	 28.0	3.000	 1.0	 2.0
1	2015	236	15394.0	 22.0	 28.0	3.000	 1.0	 8.0
1	2015	237	15378.0	 22.0	 28.0	3.000	 3.0	 1.0
1	2015	238	18271.0	 22.0	 28.0	3.000	 1.0	 1.0
1	2015	239	14712.0	 22.0	 27.0	3.000	 2.0	 8.0
1	2015	240	16887.0	 22.0	 28.0	3.000	 2.0	 2.0
1	2015	241	19766.0	 22.0	 28.0	3.000	 2.0	 1.0
1	2015	242	18409.0	 21.0	 28.0	3.000	 2.0	 1.0
1	2015	243	18396.0	 21.0	 28.0	2.000	 3.0	 1.0
1	2015	244	8390.0	 21.0	 25.0	3.000	 2.0	 5.0
1	2015	245	15477.0	 21.0	 27.0	3.000	 2.0	 2.0
1	2015	246	17453.0	 22.0	 28.0	3.000	 1.0	 1.0
1	2015	247	18484.0	 22.0	 29.0	3.000	 1.0	 2.0
1	2015	248	14061.0	 22.0	 28.0	3.000	 2.0	 2.0
1	2015	249	10189.0	 22.0	 26.0	3.000	 2.0	 5.0
1	2015	250	16476.0	 22.0	 28.0	3.000	 1.0	 4.0
1	2015	251	19158.0	 22.0	 29.0	3.000	 1.0	 9.0
1	2015	252	16065.0	 22.0	 28.0	3.000	 2.0	 3.0
1	2015	253	15216.0	 22.0	 28.0	3.000	 1.0	 1.0
1	2015	254	19127.0	 22.0	 30.0	3.000	 0.0	 5.0
1	2015	255	20032.0	 22.0	 29.0	3.000	 2.0	 1.0
1	2015	256	18266.0	 22.0	 28.0	3.000	 3.0	 1.0
1	2015	257	15480.0	 22.0	 27.0	3.000	 2.0	 2.0
1	2015	258	11155.0	 22.0	 25.0	3.000	 3.0	 5.0
1	2015	259	8593.0	 21.0	 27.0	3.000	 2.0	 0.0
1	2015	260	11710.0	 22.0	 27.0	3.000	 2.0	 1.0
1	2015	261	18845.0	 22.0	 29.0	3.000	 2.0	 1.0
1	2015	262	20582.0	 22.0	 29.0	3.000	 1.0	 2.0
1	2015	263	15084.0	 22.0	 28.0	3.000	 1.0	11.0
1	2015	264	17056.0	 22.0	 28.0	3.000	 2.0	 7.0
1	2015	265	17631.0	 22.0	 29.0	3.000	 2.0	 6.0
1	2015	266	20043.0	 22.0	 29.0	3.000	 1.0	 3.0
1	2015	267	16730.0	 22.0	 29.0	3.000	 1.0	10.0
1	2015	268	11239.0	 22.0	 27.0	3.000	 1.0	 7.0
1	2015	269	18589.0	 22.0	 29.0	3.000	 1.0	 2.0
1	2015	270	18425.0	 22.0	 29.0	3.000	 1.0	 1.0
1	2015	271	15372.0	 23.0	 29.0	3.000	 1.0	10.0
1	2015	272	16704.0	 23.0	 29.0	3.000	 2.0	11.0
1	2015	273	14731.0	 22.0	 28.0	3.000	 1.0	 9.0
1	2015	274	15850.0	 22.0	 29.0	3.000	 1.0	 1.0
1	2015	275	18670.0	 22.0	 29.0	3.000	 1.0	 3.0
1	2015	276	16443.0	 22.0	 28.0	3.000	 1.0	 8.0
1	2015	277	16396.0	 22.0	 29.0	3.000	 1.0	 2.0
1	2015	278	16477.0	 23.0	 28.0	3.000	 1.0	16.0
1	2015	279	14571.0	 23.0	 28.0	3.000	 1.0	 4.0
1	2015	280	13281.0	 22.0	 27.0	3.000	 1.0	24.0
1	2015	281	16333.0	 22.0	 29.0	3.000	 1.0	 9.0
1	2015	282	11783.0	 22.0	 26.0	3.000	 1.0	 5.0
1	2015	283	17304.0	 22.0	 29.0	3.000	 1.0	 2.0
1	2015	284	21115.0	 23.0	 30.0	3.000	 1.0	 1.0
1	2015	285	21049.0	 23.0	 30.0	3.000	 1.0	 3.0
1	2015	286	20955.0	 23.0	 30.0	3.000	 1.0	 2.0
1	2015	287	15064.0	 23.0	 28.0	3.000	 1.0	 9.0
1	2015	288	18903.0	 23.0	 30.0	3.000	 1.0	 3.0
1	2015	289	20964.0	 23.0	 30.0	3.000	 1.0	 7.0
1	2015	290	17579.0	 23.0	 29.0	3.000	 2.0	 2.0
1	2015	291	18371.0	 23.0	 30.0	3.000	 1.0	 1.0
1	2015	292	21045.0	 23.0	 30.0	3.000	 1.0	 2.0
1	2015	293	18377.0	 23.0	 29.0	3.000	 1.0	 6.0
1	2015	294	13321.0	 23.0	 28.0	3.000	 1.0	 6.0
1	2015	295	15227.0	 22.0	 29.0	3.000	 1.0	 9.0
1	2015	296	20935.0	 23.0	 30.0	3.000	 1.0	 1.0
1	2015	297	19000.0	 23.0	 30.0	3.000	 1.0	 5.0
1	2015	298	18793.0	 23.0	 29.0	3.000	 1.0	 6.0
1	2015	299	19245.0	 23.0	 30.0	3.000	 1.0	 1.0
1	2015	300	18421.0	 23.0	 30.0	3.000	 1.0	 7.0
1	2015	301	19213.0	 23.0	 30.0	3.000	 1.0	 2.0
1	2015	302	19720.0	 23.0	 30.0	3.000	 1.0	 6.0
1	2015	303	19594.0	 22.0	 30.0	3.000	 1.0	 2.0
1	2015	304	14814.0	 22.0	 29.0	3.000	 1.0	13.0
1	2015	305	14910.0	 22.0	 28.0	3.000	 1.0	 4.0
1	2015	306	14538.0	 22.0	 28.0	3.000	 1.0	 4.0
1	2015	307	19129.0	 22.0	 30.0	3.000	 1.0	 0.0
1	2015	308	20883.0	 23.0	 30.0	3.000	 2.0	 0.0
1	2015	309	20606.0	 23.0	 30.0	3.000	 1.0	 2.0
1	2015	310	19029.0	 23.0	 30.0	3.000	 1.0	 4.0
1	2015	311	17045.0	 22.0	 29.0	3.000	 1.0	 2.0
1	2015	312	18970.0	 22.0	 29.0	3.000	 1.0	 1.0
1	2015	313	18202.0	 23.0	 29.0	3.000	 1.0	 4.0
1	2015	314	20185.0	 22.0	 30.0	3.000	 1.0	 0.0
1	2015	315	20108.0	 23.0	 30.0	3.000	 1.0	 1.0
1	2015	316	20165.0	 23.0	 30.0	3.000	 1.0	 1.0
1	2015	317	20656.0	 23.0	 31.0	3.000	 0.0	 0.0
1	2015	318	20548.0	 23.0	 31.0	3.000	 1.0	 0.0
1	2015	319	20200.0	 23.0	 30.0	3.000	 1.0	 0.0
1	2015	320	20062.0	 23.0	 31.0	3.000	 1.0	 0.0
1	2015	321	15117.0	 24.0	 29.0	3.000	 1.0	10.0
1	2015	322	18975.0	 22.0	 30.0	3.000	 1.0	 0.0
1	2015	323	20387.0	 22.0	 31.0	3.000	 1.0	 0.0
1	2015	324	19574.0	 23.0	 30.0	3.000	 1.0	 0.0
1	2015	325	19146.0	 23.0	 30.0	3.000	 1.0	 1.0
1	2015	326	20198.0	 22.0	 31.0	3.000	 1.0	 1.0
1	2015	327	18009.0	 23.0	 30.0	3.000	 1.0	 3.0
1	2015	328	18310.0	 23.0	 30.0	3.000	 1.0	 1.0
1	2015	329	19254.0	 23.0	 31.0	3.000	 1.0	 1.0
1	2015	330	16946.0	 24.0	 30.0	3.000	 1.0	 2.0
1	2015	331	17897.0	 23.0	 30.0	3.000	 1.0	 2.0
1	2015	332	17187.0	 23.0	 30.0	3.000	 1.0	 1.0
1	2015	333	18711.0	 23.0	 31.0	3.000	 1.0	 1.0
1	2015	334	18574.0	 24.0	 31.0	3.000	 1.0	 0.0
1	2015	335	20220.0	 23.0	 32.0	3.000	 1.0	 0.0
1	2015	336	18285.0	 24.0	 30.0	3.000	 1.0	 1.0
1	2015	337	16287.0	 24.0	 29.0	3.000	 1.0	 1.0
1	2015	338	19473.0	 22.0	 31.0	2.000	 1.0	 0.0
1	2015	339	21610.0	 22.0	 31.0	2.000	 1.0	 0.0
1	2015	340	20485.0	 23.0	 32.0	2.000	 1.0	 0.0
1	2015	341	19805.0	 22.0	 32.0	2.000	 1.0	 0.0
1	2015	342	21736.0	 22.0	 32.0	2.000	 1.0	 0.0
1	2015	343	21622.0	 21.0	 31.0	2.000	 1.0	 0.0
1	2015	344	21857.0	 21.0	 32.0	2.000	 1.0	 0.0
1	2015	345	21738.0	 21.0	 33.0	2.000	 0.0	 0.0
1	2015	346	19945.0	 22.0	 31.0	2.000	 1.0	 0.0
1	2015	347	20311.0	 22.0	 31.0	2.000	 1.0	 0.0
1	2015	348	21290.0	 22.0	 31.0	2.000	 1.0	 0.0
1	2015	349	22050.0	 21.0	 32.0	2.000	 1.0	 0.0
1	2015	350	22530.0	 19.0	 31.0	2.000	 1.0	 0.0
1	2015	351	22119.0	 18.0	 31.0	2.000	 1.0	 0.0
1	2015	352	22134.0	 19.0	 31.0	2.000	 1.0	 0.0
1	2015	353	22156.0	 19.0	 31.0	2.000	 1.0	 0.0
1	2015	354	20578.0	 22.0	 31.0	2.000	 1.0	 0.0
1	2015	355	21805.0	 20.0	 32.0	2.000	 1.0	 0.0
1	2015	356	21793.0	 21.0	 32.0	2.000	 1.0	 0.0
1	2015	357	21667.0	 20.0	 32.0	2.000	 1.0	 0.0
1	2015	358	21515.0	 20.0	 31.0	2.000	 1.0	 0.0
1	2015	359	21587.0	 21.0	 32.0	2.000	 1.0	 0.0
1	2015	360	22134.0	 20.0	 32.0	2.000	 1.0	 0.0
1	2015	361	22170.0	 20.0	 32.0	2.000	 1.0	 0.0
1	2015	362	22272.0	 20.0	 33.0	2.000	 1.0	 0.0
1	2015	363	22449.0	 20.0	 32.0	2.000	 1.0	 0.0
1	2015	364	21990.0	 20.0	 33.0	2.000	 0.0	 0.0
1	2015	365	20259.0	 21.0	 33.0	2.000	 0.0	 0.0
