*---------------------------------------------------
* Station: Northern
* Year: 2012
* Origin: ERA5-Reanalysis
* Columns & units
* ===================
* 1. station number
* 2. year
* 3. Day of Year
* 4. Irradiance   (kJ路m-2路d-1)
* 5. Daily minimum temperature (degC)
* 6. Daily maximum temperature (degC)
* 7. Vapour pressure (kPa)
* 8. Mean wind speed (m路s-1)
* 9. Precipitation (mm路d-1)
** WCCDESCRIPTION=Northern
** WCCFORMAT=2
** WCCYEARNR=2012
*------------------------------------------------------------*
-0.97  9.36  160.00 -0.18  -0.55
1	2012	1	21686.0	 20.0	 35.0	1.000	 3.0	 0.0
1	2012	2	21413.0	 22.0	 36.0	1.000	 3.0	 0.0
1	2012	3	21791.0	 21.0	 35.0	1.000	 3.0	 0.0
1	2012	4	21925.0	 20.0	 35.0	1.000	 3.0	 0.0
1	2012	5	21811.0	 21.0	 35.0	1.000	 3.0	 0.0
1	2012	6	21840.0	 21.0	 34.0	1.000	 3.0	 0.0
1	2012	7	21947.0	 20.0	 35.0	1.000	 3.0	 0.0
1	2012	8	22127.0	 19.0	 34.0	1.000	 3.0	 0.0
1	2012	9	22118.0	 20.0	 35.0	1.000	 2.0	 0.0
1	2012	10	22183.0	 20.0	 35.0	1.000	 3.0	 0.0
1	2012	11	22344.0	 20.0	 35.0	1.000	 3.0	 0.0
1	2012	12	22371.0	 20.0	 34.0	1.000	 3.0	 0.0
1	2012	13	22449.0	 20.0	 34.0	1.000	 3.0	 0.0
1	2012	14	22480.0	 19.0	 34.0	1.000	 4.0	 0.0
1	2012	15	22560.0	 18.0	 33.0	1.000	 3.0	 0.0
1	2012	16	22584.0	 19.0	 34.0	1.000	 3.0	 0.0
1	2012	17	22675.0	 19.0	 34.0	1.000	 3.0	 0.0
1	2012	18	22606.0	 19.0	 34.0	1.000	 1.0	 0.0
1	2012	19	22302.0	 19.0	 35.0	1.000	 1.0	 0.0
1	2012	20	20363.0	 22.0	 35.0	2.000	 1.0	 0.0
1	2012	21	19591.0	 25.0	 34.0	1.000	 2.0	 0.0
1	2012	22	20846.0	 22.0	 34.0	1.000	 3.0	 0.0
1	2012	23	21068.0	 23.0	 36.0	1.000	 3.0	 0.0
1	2012	24	22059.0	 23.0	 37.0	1.000	 3.0	 0.0
1	2012	25	22496.0	 22.0	 37.0	1.000	 3.0	 0.0
1	2012	26	22708.0	 22.0	 38.0	1.000	 1.0	 0.0
1	2012	27	21634.0	 22.0	 36.0	2.000	 1.0	 0.0
1	2012	28	21545.0	 22.0	 37.0	1.000	 2.0	 0.0
1	2012	29	22068.0	 21.0	 37.0	1.000	 1.0	 0.0
1	2012	30	22350.0	 22.0	 38.0	1.000	 1.0	 0.0
1	2012	31	22626.0	 22.0	 38.0	1.000	 2.0	 0.0
1	2012	32	22841.0	 21.0	 37.0	1.000	 1.0	 0.0
1	2012	33	22300.0	 21.0	 37.0	1.000	 1.0	 0.0
1	2012	34	22258.0	 24.0	 37.0	2.000	 0.0	 0.0
1	2012	35	20505.0	 26.0	 37.0	2.000	 1.0	 0.0
1	2012	36	22292.0	 25.0	 39.0	1.000	 1.0	 1.0
1	2012	37	21751.0	 23.0	 36.0	0.000	 3.0	 0.0
1	2012	38	23600.0	 21.0	 34.0	0.000	 3.0	 0.0
1	2012	39	23368.0	 21.0	 35.0	0.000	 3.0	 0.0
1	2012	40	23618.0	 22.0	 37.0	0.000	 2.0	 0.0
1	2012	41	23674.0	 22.0	 38.0	1.000	 2.0	 0.0
1	2012	42	23139.0	 23.0	 38.0	1.000	 2.0	 0.0
1	2012	43	22539.0	 23.0	 38.0	1.000	 2.0	 0.0
1	2012	44	23866.0	 23.0	 38.0	1.000	 2.0	 0.0
1	2012	45	23868.0	 21.0	 38.0	1.000	 2.0	 0.0
1	2012	46	22847.0	 24.0	 38.0	1.000	 1.0	 0.0
1	2012	47	22871.0	 26.0	 38.0	2.000	 1.0	 0.0
1	2012	48	21869.0	 24.0	 37.0	2.000	 2.0	 0.0
1	2012	49	20068.0	 27.0	 37.0	2.000	 3.0	 0.0
1	2012	50	20851.0	 26.0	 37.0	2.000	 4.0	 1.0
1	2012	51	21025.0	 25.0	 36.0	3.000	 2.0	16.0
1	2012	52	13350.0	 24.0	 30.0	3.000	 1.0	13.0
1	2012	53	16574.0	 24.0	 31.0	3.000	 0.0	 2.0
1	2012	54	21573.0	 24.0	 34.0	2.000	 1.0	 0.0
1	2012	55	23646.0	 23.0	 35.0	2.000	 1.0	 0.0
1	2012	56	24532.0	 22.0	 38.0	2.000	 1.0	 0.0
1	2012	57	23033.0	 23.0	 37.0	2.000	 1.0	 0.0
1	2012	58	23338.0	 24.0	 37.0	2.000	 2.0	 0.0
1	2012	59	22902.0	 26.0	 38.0	2.000	 2.0	 0.0
1	2012	60	21918.0	 25.0	 38.0	2.000	 2.0	 0.0
1	2012	61	21384.0	 27.0	 38.0	2.000	 2.0	 0.0
1	2012	62	22134.0	 27.0	 38.0	2.000	 2.0	 1.0
1	2012	63	22267.0	 26.0	 38.0	2.000	 1.0	 1.0
1	2012	64	22570.0	 26.0	 38.0	2.000	 2.0	 6.0
1	2012	65	20039.0	 24.0	 35.0	2.000	 2.0	 4.0
1	2012	66	21895.0	 25.0	 36.0	3.000	 2.0	 0.0
1	2012	67	23374.0	 24.0	 37.0	2.000	 2.0	 0.0
1	2012	68	23822.0	 25.0	 38.0	2.000	 2.0	 0.0
1	2012	69	22277.0	 26.0	 37.0	2.000	 2.0	 3.0
1	2012	70	16409.0	 25.0	 34.0	1.000	 1.0	 1.0
1	2012	71	25841.0	 23.0	 37.0	0.000	 3.0	 0.0
1	2012	72	26222.0	 21.0	 37.0	1.000	 2.0	 0.0
1	2012	73	23434.0	 22.0	 38.0	1.000	 1.0	 0.0
1	2012	74	26271.0	 22.0	 40.0	1.000	 1.0	 0.0
1	2012	75	26110.0	 21.0	 39.0	1.000	 2.0	 0.0
1	2012	76	25353.0	 25.0	 40.0	2.000	 1.0	 0.0
1	2012	77	25342.0	 25.0	 40.0	2.000	 1.0	 0.0
1	2012	78	24708.0	 24.0	 39.0	2.000	 2.0	 0.0
1	2012	79	25320.0	 26.0	 39.0	2.000	 2.0	 0.0
1	2012	80	24567.0	 26.0	 40.0	2.000	 1.0	 0.0
1	2012	81	26076.0	 25.0	 41.0	1.000	 1.0	 0.0
1	2012	82	26022.0	 25.0	 40.0	2.000	 1.0	 0.0
1	2012	83	25979.0	 25.0	 40.0	2.000	 1.0	 0.0
1	2012	84	25757.0	 26.0	 40.0	2.000	 2.0	 0.0
1	2012	85	23339.0	 28.0	 39.0	2.000	 2.0	 3.0
1	2012	86	24603.0	 27.0	 39.0	2.000	 2.0	 1.0
1	2012	87	23363.0	 28.0	 38.0	2.000	 2.0	 0.0
1	2012	88	25314.0	 28.0	 40.0	2.000	 2.0	 0.0
1	2012	89	23883.0	 29.0	 40.0	2.000	 3.0	 0.0
1	2012	90	23709.0	 29.0	 40.0	3.000	 3.0	 1.0
1	2012	91	23463.0	 28.0	 39.0	3.000	 3.0	 2.0
1	2012	92	23294.0	 28.0	 39.0	3.000	 3.0	 2.0
1	2012	93	23418.0	 27.0	 38.0	2.000	 2.0	 3.0
1	2012	94	23804.0	 24.0	 37.0	3.000	 2.0	 9.0
1	2012	95	17972.0	 25.0	 35.0	3.000	 2.0	 6.0
1	2012	96	22755.0	 26.0	 35.0	3.000	 1.0	 2.0
1	2012	97	25010.0	 26.0	 38.0	2.000	 2.0	 0.0
1	2012	98	20434.0	 27.0	 36.0	3.000	 4.0	 0.0
1	2012	99	24713.0	 27.0	 39.0	3.000	 2.0	 0.0
1	2012	100	15241.0	 25.0	 34.0	3.000	 3.0	 5.0
1	2012	101	23126.0	 26.0	 37.0	3.000	 3.0	 2.0
1	2012	102	21454.0	 27.0	 37.0	3.000	 3.0	 1.0
1	2012	103	21211.0	 27.0	 36.0	3.000	 3.0	 2.0
1	2012	104	12999.0	 24.0	 32.0	3.000	 3.0	11.0
1	2012	105	24521.0	 25.0	 38.0	2.000	 1.0	 0.0
1	2012	106	24408.0	 25.0	 37.0	3.000	 3.0	 0.0
1	2012	107	24326.0	 26.0	 39.0	3.000	 3.0	 0.0
1	2012	108	20915.0	 26.0	 35.0	3.000	 3.0	 4.0
1	2012	109	19324.0	 26.0	 35.0	3.000	 3.0	 0.0
1	2012	110	18374.0	 25.0	 35.0	3.000	 0.0	16.0
1	2012	111	22071.0	 24.0	 33.0	3.000	 2.0	 6.0
1	2012	112	25236.0	 24.0	 36.0	3.000	 1.0	 0.0
1	2012	113	26101.0	 25.0	 38.0	3.000	 2.0	 0.0
1	2012	114	20618.0	 26.0	 36.0	3.000	 3.0	 0.0
1	2012	115	24920.0	 26.0	 38.0	3.000	 3.0	 2.0
1	2012	116	15885.0	 26.0	 34.0	3.000	 4.0	 2.0
1	2012	117	21882.0	 24.0	 35.0	3.000	 2.0	 2.0
1	2012	118	25591.0	 26.0	 37.0	3.000	 2.0	 0.0
1	2012	119	21576.0	 27.0	 37.0	3.000	 2.0	 0.0
1	2012	120	25191.0	 26.0	 38.0	3.000	 3.0	 0.0
1	2012	121	24726.0	 26.0	 39.0	3.000	 2.0	 3.0
1	2012	122	23751.0	 26.0	 37.0	3.000	 3.0	 3.0
1	2012	123	19141.0	 25.0	 36.0	3.000	 3.0	 3.0
1	2012	124	20451.0	 25.0	 36.0	3.000	 3.0	 2.0
1	2012	125	16845.0	 24.0	 34.0	3.000	 3.0	 2.0
1	2012	126	20694.0	 26.0	 35.0	3.000	 3.0	 0.0
1	2012	127	23877.0	 25.0	 37.0	3.000	 2.0	 0.0
1	2012	128	20873.0	 25.0	 36.0	3.000	 3.0	 5.0
1	2012	129	22933.0	 25.0	 37.0	3.000	 3.0	 8.0
1	2012	130	20432.0	 24.0	 34.0	3.000	 3.0	 2.0
1	2012	131	17826.0	 24.0	 34.0	3.000	 3.0	 0.0
1	2012	132	21001.0	 24.0	 35.0	3.000	 2.0	 2.0
1	2012	133	17982.0	 25.0	 33.0	3.000	 3.0	 1.0
1	2012	134	23506.0	 24.0	 36.0	3.000	 3.0	 3.0
1	2012	135	15408.0	 25.0	 31.0	3.000	 2.0	 3.0
1	2012	136	19824.0	 24.0	 32.0	3.000	 1.0	 3.0
1	2012	137	20564.0	 25.0	 33.0	3.000	 2.0	 6.0
1	2012	138	18765.0	 24.0	 34.0	3.000	 2.0	 0.0
1	2012	139	23747.0	 25.0	 36.0	3.000	 3.0	 1.0
1	2012	140	16909.0	 25.0	 33.0	3.000	 2.0	 4.0
1	2012	141	21803.0	 25.0	 34.0	3.000	 3.0	 0.0
1	2012	142	21512.0	 25.0	 35.0	3.000	 2.0	 3.0
1	2012	143	23933.0	 25.0	 36.0	3.000	 2.0	 1.0
1	2012	144	22050.0	 26.0	 35.0	3.000	 2.0	 1.0
1	2012	145	21233.0	 25.0	 36.0	3.000	 3.0	 0.0
1	2012	146	18280.0	 24.0	 34.0	3.000	 3.0	 8.0
1	2012	147	16132.0	 24.0	 33.0	3.000	 3.0	 0.0
1	2012	148	24160.0	 25.0	 36.0	3.000	 3.0	 1.0
1	2012	149	16655.0	 25.0	 33.0	3.000	 4.0	 5.0
1	2012	150	14920.0	 24.0	 31.0	3.000	 3.0	 5.0
1	2012	151	20800.0	 24.0	 32.0	3.000	 2.0	10.0
1	2012	152	13521.0	 23.0	 29.0	3.000	 2.0	 8.0
1	2012	153	12761.0	 24.0	 29.0	3.000	 1.0	 7.0
1	2012	154	21918.0	 23.0	 32.0	3.000	 2.0	 4.0
1	2012	155	20067.0	 23.0	 31.0	3.000	 3.0	 1.0
1	2012	156	24086.0	 23.0	 33.0	3.000	 2.0	 0.0
1	2012	157	23813.0	 25.0	 34.0	3.000	 3.0	 0.0
1	2012	158	19826.0	 25.0	 32.0	3.000	 3.0	 4.0
1	2012	159	21449.0	 24.0	 33.0	3.000	 3.0	 0.0
1	2012	160	20706.0	 24.0	 33.0	3.000	 2.0	 3.0
1	2012	161	21460.0	 24.0	 34.0	3.000	 2.0	 0.0
1	2012	162	23085.0	 25.0	 35.0	3.000	 3.0	 0.0
1	2012	163	21532.0	 26.0	 35.0	3.000	 3.0	 1.0
1	2012	164	16426.0	 25.0	 32.0	3.000	 3.0	 3.0
1	2012	165	12962.0	 23.0	 30.0	3.000	 2.0	 4.0
1	2012	166	20919.0	 24.0	 34.0	3.000	 2.0	 2.0
1	2012	167	21168.0	 24.0	 34.0	3.000	 3.0	 1.0
1	2012	168	16760.0	 24.0	 32.0	3.000	 3.0	 3.0
1	2012	169	17916.0	 24.0	 32.0	3.000	 2.0	 6.0
1	2012	170	15376.0	 24.0	 30.0	3.000	 3.0	 1.0
1	2012	171	14147.0	 23.0	 30.0	3.000	 2.0	 0.0
1	2012	172	17515.0	 23.0	 32.0	3.000	 3.0	 0.0
1	2012	173	18072.0	 24.0	 32.0	3.000	 3.0	 1.0
1	2012	174	17284.0	 23.0	 32.0	3.000	 3.0	 0.0
1	2012	175	16634.0	 24.0	 32.0	3.000	 3.0	 0.0
1	2012	176	12745.0	 24.0	 31.0	3.000	 2.0	 1.0
1	2012	177	13861.0	 22.0	 29.0	3.000	 2.0	 8.0
1	2012	178	18512.0	 23.0	 31.0	3.000	 2.0	 0.0
1	2012	179	17562.0	 23.0	 32.0	3.000	 3.0	 4.0
1	2012	180	6813.0	 22.0	 27.0	3.000	 2.0	14.0
1	2012	181	9380.0	 22.0	 28.0	3.000	 2.0	 8.0
1	2012	182	17384.0	 23.0	 30.0	3.000	 2.0	 1.0
1	2012	183	20475.0	 23.0	 31.0	3.000	 2.0	 4.0
1	2012	184	17097.0	 23.0	 30.0	3.000	 2.0	 9.0
1	2012	185	15717.0	 23.0	 29.0	3.000	 2.0	 6.0
1	2012	186	16211.0	 22.0	 29.0	3.000	 3.0	14.0
1	2012	187	13479.0	 22.0	 27.0	3.000	 2.0	10.0
1	2012	188	17411.0	 22.0	 29.0	3.000	 2.0	 3.0
1	2012	189	20150.0	 23.0	 30.0	3.000	 2.0	 2.0
1	2012	190	18627.0	 23.0	 30.0	3.000	 2.0	 6.0
1	2012	191	13751.0	 23.0	 29.0	3.000	 3.0	 0.0
1	2012	192	18803.0	 23.0	 30.0	3.000	 2.0	 1.0
1	2012	193	16369.0	 23.0	 30.0	3.000	 2.0	 1.0
1	2012	194	18343.0	 23.0	 31.0	3.000	 2.0	 9.0
1	2012	195	19882.0	 23.0	 30.0	3.000	 2.0	 3.0
1	2012	196	21145.0	 24.0	 31.0	3.000	 3.0	 1.0
1	2012	197	14931.0	 24.0	 29.0	3.000	 3.0	 1.0
1	2012	198	6833.0	 23.0	 26.0	3.000	 4.0	 0.0
1	2012	199	14867.0	 21.0	 29.0	3.000	 2.0	 0.0
1	2012	200	21463.0	 21.0	 32.0	3.000	 2.0	 0.0
1	2012	201	7936.0	 23.0	 27.0	3.000	 2.0	 6.0
1	2012	202	16274.0	 23.0	 29.0	3.000	 2.0	 8.0
1	2012	203	16615.0	 23.0	 30.0	3.000	 2.0	 1.0
1	2012	204	6134.0	 22.0	 26.0	3.000	 2.0	10.0
1	2012	205	20073.0	 22.0	 30.0	3.000	 3.0	 1.0
1	2012	206	17600.0	 23.0	 29.0	3.000	 3.0	 2.0
1	2012	207	14587.0	 23.0	 29.0	3.000	 2.0	 7.0
1	2012	208	13889.0	 23.0	 29.0	3.000	 2.0	 2.0
1	2012	209	19253.0	 23.0	 31.0	3.000	 2.0	 5.0
1	2012	210	19217.0	 23.0	 30.0	3.000	 2.0	 2.0
1	2012	211	13013.0	 23.0	 28.0	3.000	 2.0	 2.0
1	2012	212	18607.0	 23.0	 30.0	3.000	 2.0	 1.0
1	2012	213	21683.0	 23.0	 31.0	3.000	 2.0	 1.0
1	2012	214	19243.0	 23.0	 30.0	3.000	 2.0	 7.0
1	2012	215	18725.0	 23.0	 29.0	3.000	 3.0	 3.0
1	2012	216	19034.0	 23.0	 31.0	3.000	 2.0	 0.0
1	2012	217	13725.0	 24.0	 29.0	3.000	 2.0	 7.0
1	2012	218	19466.0	 23.0	 30.0	3.000	 3.0	 1.0
1	2012	219	16945.0	 23.0	 30.0	3.000	 3.0	 1.0
1	2012	220	11169.0	 24.0	 29.0	3.000	 3.0	 3.0
1	2012	221	12224.0	 23.0	 28.0	3.000	 4.0	 2.0
1	2012	222	18043.0	 21.0	 30.0	3.000	 2.0	 1.0
1	2012	223	18609.0	 22.0	 31.0	3.000	 2.0	 1.0
1	2012	224	16376.0	 23.0	 29.0	3.000	 3.0	 8.0
1	2012	225	12066.0	 23.0	 28.0	3.000	 3.0	 1.0
1	2012	226	15248.0	 22.0	 30.0	3.000	 2.0	 1.0
1	2012	227	16732.0	 23.0	 31.0	3.000	 2.0	 3.0
1	2012	228	4452.0	 22.0	 25.0	3.000	 3.0	16.0
1	2012	229	16870.0	 22.0	 29.0	3.000	 2.0	 1.0
1	2012	230	19328.0	 22.0	 30.0	3.000	 1.0	 1.0
1	2012	231	21985.0	 23.0	 31.0	3.000	 2.0	11.0
1	2012	232	7602.0	 23.0	 27.0	3.000	 3.0	 6.0
1	2012	233	18947.0	 22.0	 30.0	3.000	 2.0	 2.0
1	2012	234	17033.0	 23.0	 30.0	3.000	 1.0	 1.0
1	2012	235	7644.0	 23.0	 26.0	3.000	 2.0	19.0
1	2012	236	17672.0	 22.0	 29.0	3.000	 3.0	 3.0
1	2012	237	18188.0	 23.0	 30.0	3.000	 2.0	 6.0
1	2012	238	20124.0	 23.0	 30.0	3.000	 1.0	 5.0
1	2012	239	21691.0	 22.0	 30.0	3.000	 1.0	 2.0
1	2012	240	21953.0	 23.0	 31.0	3.000	 2.0	 7.0
1	2012	241	21761.0	 23.0	 31.0	3.000	 2.0	 1.0
1	2012	242	16534.0	 24.0	 29.0	3.000	 2.0	 2.0
1	2012	243	17298.0	 23.0	 30.0	3.000	 2.0	 6.0
1	2012	244	19679.0	 23.0	 30.0	3.000	 2.0	 1.0
1	2012	245	21140.0	 23.0	 31.0	3.000	 2.0	 3.0
1	2012	246	10564.0	 22.0	 27.0	3.000	 1.0	 8.0
1	2012	247	19383.0	 23.0	 30.0	3.000	 2.0	 3.0
1	2012	248	20045.0	 23.0	 30.0	3.000	 2.0	 3.0
1	2012	249	14957.0	 23.0	 30.0	3.000	 2.0	15.0
1	2012	250	11888.0	 23.0	 28.0	3.000	 2.0	20.0
1	2012	251	20834.0	 21.0	 30.0	3.000	 1.0	 0.0
1	2012	252	20996.0	 23.0	 30.0	3.000	 1.0	10.0
1	2012	253	19335.0	 23.0	 30.0	3.000	 2.0	 1.0
1	2012	254	21507.0	 22.0	 31.0	3.000	 1.0	 2.0
1	2012	255	18459.0	 23.0	 30.0	3.000	 2.0	11.0
1	2012	256	5785.0	 23.0	 26.0	3.000	 1.0	21.0
1	2012	257	13958.0	 22.0	 29.0	3.000	 2.0	 1.0
1	2012	258	22587.0	 22.0	 31.0	3.000	 1.0	 1.0
1	2012	259	18788.0	 23.0	 30.0	3.000	 2.0	 1.0
1	2012	260	17928.0	 23.0	 30.0	3.000	 2.0	 4.0
1	2012	261	14220.0	 23.0	 29.0	3.000	 2.0	 3.0
1	2012	262	16540.0	 22.0	 29.0	3.000	 1.0	10.0
1	2012	263	18994.0	 23.0	 30.0	3.000	 1.0	 3.0
1	2012	264	15121.0	 22.0	 29.0	3.000	 1.0	15.0
1	2012	265	16797.0	 23.0	 29.0	3.000	 1.0	20.0
1	2012	266	21056.0	 23.0	 30.0	3.000	 1.0	 2.0
1	2012	267	12461.0	 23.0	 28.0	3.000	 1.0	17.0
1	2012	268	22217.0	 22.0	 31.0	3.000	 1.0	 4.0
1	2012	269	20659.0	 22.0	 31.0	3.000	 1.0	 1.0
1	2012	270	18691.0	 23.0	 30.0	3.000	 2.0	 2.0
1	2012	271	12912.0	 23.0	 29.0	3.000	 2.0	12.0
1	2012	272	15998.0	 23.0	 29.0	3.000	 1.0	 1.0
1	2012	273	24750.0	 22.0	 32.0	3.000	 1.0	 8.0
1	2012	274	14857.0	 23.0	 30.0	3.000	 1.0	 5.0
1	2012	275	18381.0	 23.0	 29.0	3.000	 2.0	 4.0
1	2012	276	20150.0	 23.0	 30.0	3.000	 1.0	 5.0
1	2012	277	19268.0	 23.0	 30.0	3.000	 1.0	 6.0
1	2012	278	18716.0	 23.0	 30.0	3.000	 1.0	 2.0
1	2012	279	22062.0	 24.0	 31.0	3.000	 1.0	 1.0
1	2012	280	22093.0	 24.0	 32.0	3.000	 2.0	 0.0
1	2012	281	14799.0	 24.0	 29.0	3.000	 2.0	 0.0
1	2012	282	9825.0	 23.0	 28.0	3.000	 1.0	10.0
1	2012	283	18439.0	 22.0	 30.0	3.000	 1.0	 1.0
1	2012	284	22214.0	 23.0	 32.0	3.000	 1.0	 5.0
1	2012	285	18540.0	 24.0	 31.0	3.000	 2.0	 0.0
1	2012	286	18952.0	 24.0	 31.0	3.000	 3.0	 1.0
1	2012	287	21192.0	 24.0	 31.0	3.000	 2.0	 1.0
1	2012	288	20519.0	 24.0	 31.0	3.000	 2.0	 1.0
1	2012	289	20505.0	 23.0	 31.0	3.000	 1.0	11.0
1	2012	290	20137.0	 23.0	 31.0	3.000	 1.0	 3.0
1	2012	291	14572.0	 23.0	 30.0	3.000	 0.0	 3.0
1	2012	292	20890.0	 23.0	 31.0	3.000	 1.0	 1.0
1	2012	293	22663.0	 24.0	 32.0	3.000	 2.0	 4.0
1	2012	294	16261.0	 24.0	 30.0	3.000	 2.0	 1.0
1	2012	295	21180.0	 24.0	 32.0	3.000	 1.0	 8.0
1	2012	296	22063.0	 24.0	 32.0	3.000	 2.0	 2.0
1	2012	297	18023.0	 23.0	 31.0	3.000	 1.0	 2.0
1	2012	298	22709.0	 24.0	 32.0	3.000	 3.0	 0.0
1	2012	299	21275.0	 23.0	 32.0	3.000	 2.0	 8.0
1	2012	300	21004.0	 23.0	 31.0	3.000	 1.0	 7.0
1	2012	301	19805.0	 24.0	 31.0	3.000	 1.0	 9.0
1	2012	302	19217.0	 23.0	 31.0	3.000	 1.0	15.0
1	2012	303	9782.0	 23.0	 29.0	3.000	 2.0	 6.0
1	2012	304	22726.0	 22.0	 33.0	3.000	 2.0	 0.0
1	2012	305	22780.0	 23.0	 32.0	3.000	 2.0	 0.0
1	2012	306	22035.0	 24.0	 33.0	3.000	 1.0	 0.0
1	2012	307	22395.0	 24.0	 33.0	3.000	 2.0	 0.0
1	2012	308	20631.0	 24.0	 32.0	3.000	 3.0	 0.0
1	2012	309	22359.0	 24.0	 33.0	3.000	 2.0	 0.0
1	2012	310	22159.0	 23.0	 33.0	3.000	 2.0	 0.0
1	2012	311	21654.0	 24.0	 34.0	3.000	 2.0	 0.0
1	2012	312	21030.0	 24.0	 33.0	3.000	 2.0	 0.0
1	2012	313	21142.0	 25.0	 34.0	3.000	 2.0	 2.0
1	2012	314	20813.0	 23.0	 33.0	3.000	 1.0	 0.0
1	2012	315	21590.0	 23.0	 34.0	3.000	 2.0	 0.0
1	2012	316	21441.0	 24.0	 34.0	3.000	 2.0	 0.0
1	2012	317	21324.0	 24.0	 35.0	3.000	 2.0	 0.0
1	2012	318	17503.0	 26.0	 34.0	3.000	 2.0	 0.0
1	2012	319	17733.0	 25.0	 34.0	3.000	 2.0	 0.0
1	2012	320	21129.0	 25.0	 36.0	3.000	 2.0	 0.0
1	2012	321	21368.0	 25.0	 37.0	2.000	 1.0	 0.0
1	2012	322	21562.0	 24.0	 36.0	2.000	 2.0	 0.0
1	2012	323	20767.0	 24.0	 35.0	3.000	 2.0	 0.0
1	2012	324	20799.0	 25.0	 36.0	3.000	 1.0	 0.0
1	2012	325	18499.0	 26.0	 35.0	2.000	 1.0	 0.0
1	2012	326	19846.0	 26.0	 36.0	2.000	 1.0	 0.0
1	2012	327	19703.0	 26.0	 35.0	2.000	 2.0	 0.0
1	2012	328	20602.0	 26.0	 36.0	2.000	 1.0	 0.0
1	2012	329	15827.0	 26.0	 34.0	3.000	 1.0	 0.0
1	2012	330	19746.0	 26.0	 36.0	2.000	 1.0	 0.0
1	2012	331	19061.0	 26.0	 35.0	2.000	 1.0	 0.0
1	2012	332	16665.0	 26.0	 35.0	2.000	 1.0	 0.0
1	2012	333	19420.0	 25.0	 36.0	2.000	 2.0	 0.0
1	2012	334	20400.0	 25.0	 36.0	2.000	 1.0	 0.0
1	2012	335	19251.0	 25.0	 36.0	2.000	 2.0	 0.0
1	2012	336	19543.0	 26.0	 36.0	2.000	 2.0	 0.0
1	2012	337	17443.0	 26.0	 35.0	2.000	 1.0	 0.0
1	2012	338	20991.0	 26.0	 38.0	2.000	 0.0	 0.0
1	2012	339	19943.0	 27.0	 38.0	2.000	 1.0	 0.0
1	2012	340	21218.0	 24.0	 36.0	2.000	 1.0	 0.0
1	2012	341	21489.0	 24.0	 37.0	1.000	 1.0	 0.0
1	2012	342	21478.0	 23.0	 37.0	1.000	 1.0	 0.0
1	2012	343	17679.0	 25.0	 36.0	2.000	 1.0	 0.0
1	2012	344	17700.0	 25.0	 36.0	2.000	 1.0	 0.0
1	2012	345	20037.0	 25.0	 36.0	2.000	 0.0	 0.0
1	2012	346	19966.0	 25.0	 37.0	2.000	 1.0	 0.0
1	2012	347	19128.0	 26.0	 36.0	2.000	 2.0	 0.0
1	2012	348	18534.0	 26.0	 36.0	2.000	 1.0	 0.0
1	2012	349	20725.0	 25.0	 37.0	2.000	 1.0	 0.0
1	2012	350	21188.0	 22.0	 37.0	1.000	 2.0	 0.0
1	2012	351	21327.0	 22.0	 37.0	1.000	 3.0	 0.0
1	2012	352	21268.0	 22.0	 37.0	1.000	 2.0	 0.0
1	2012	353	21435.0	 21.0	 36.0	1.000	 3.0	 0.0
1	2012	354	18697.0	 21.0	 35.0	1.000	 3.0	 0.0
1	2012	355	21380.0	 21.0	 35.0	1.000	 3.0	 0.0
1	2012	356	21286.0	 21.0	 36.0	1.000	 2.0	 0.0
1	2012	357	21289.0	 20.0	 36.0	1.000	 2.0	 0.0
1	2012	358	21488.0	 22.0	 37.0	1.000	 3.0	 0.0
1	2012	359	21731.0	 22.0	 36.0	1.000	 2.0	 0.0
1	2012	360	21692.0	 21.0	 36.0	1.000	 2.0	 0.0
1	2012	361	21584.0	 22.0	 37.0	1.000	 3.0	 0.0
1	2012	362	21601.0	 22.0	 36.0	1.000	 2.0	 0.0
1	2012	363	21839.0	 21.0	 36.0	1.000	 3.0	 0.0
1	2012	364	21887.0	 20.0	 36.0	1.000	 2.0	 0.0
1	2012	365	21868.0	 20.0	 35.0	1.000	 3.0	 0.0
1	2012	366	21807.0	 21.0	 34.0	1.000	 4.0	 0.0
