*---------------------------------------------------
* Station: Northern
* Year: 2018
* Origin: ERA5-Reanalysis
* Columns & units
* ===================
* 1. station number
* 2. year
* 3. Day of Year
* 4. Irradiance   (kJ路m-2路d-1)
* 5. Daily minimum temperature (degC)
* 6. Daily maximum temperature (degC)
* 7. Vapour pressure (kPa)
* 8. Mean wind speed (m路s-1)
* 9. Precipitation (mm路d-1)
** WCCDESCRIPTION=Northern
** WCCFORMAT=2
** WCCYEARNR=2018
*------------------------------------------------------------*
-0.97  9.36  160.00 -0.18  -0.55
1	2018	1	21501.0	 21.0	 35.0	1.000	 3.0	 0.0
1	2018	2	21519.0	 21.0	 35.0	1.000	 3.0	 0.0
1	2018	3	21520.0	 21.0	 35.0	1.000	 3.0	 0.0
1	2018	4	21583.0	 21.0	 35.0	1.000	 3.0	 0.0
1	2018	5	21844.0	 21.0	 35.0	1.000	 3.0	 0.0
1	2018	6	22046.0	 20.0	 35.0	1.000	 2.0	 0.0
1	2018	7	21494.0	 19.0	 35.0	1.000	 1.0	 0.0
1	2018	8	21023.0	 22.0	 36.0	1.000	 2.0	 0.0
1	2018	9	22120.0	 23.0	 37.0	1.000	 3.0	 0.0
1	2018	10	22381.0	 20.0	 36.0	1.000	 3.0	 0.0
1	2018	11	22553.0	 20.0	 35.0	1.000	 3.0	 0.0
1	2018	12	22475.0	 20.0	 36.0	1.000	 3.0	 0.0
1	2018	13	22770.0	 20.0	 35.0	1.000	 3.0	 0.0
1	2018	14	22871.0	 19.0	 35.0	1.000	 3.0	 0.0
1	2018	15	22163.0	 20.0	 36.0	1.000	 2.0	 0.0
1	2018	16	21769.0	 21.0	 36.0	1.000	 1.0	 0.0
1	2018	17	21702.0	 23.0	 37.0	1.000	 2.0	 0.0
1	2018	18	22508.0	 21.0	 37.0	1.000	 3.0	 0.0
1	2018	19	23257.0	 19.0	 36.0	1.000	 2.0	 0.0
1	2018	20	23154.0	 19.0	 35.0	1.000	 1.0	 0.0
1	2018	21	22844.0	 21.0	 37.0	1.000	 3.0	 0.0
1	2018	22	23012.0	 21.0	 36.0	1.000	 3.0	 0.0
1	2018	23	23129.0	 20.0	 36.0	1.000	 3.0	 0.0
1	2018	24	23035.0	 20.0	 36.0	1.000	 3.0	 0.0
1	2018	25	20200.0	 21.0	 35.0	1.000	 3.0	 0.0
1	2018	26	22230.0	 21.0	 36.0	1.000	 3.0	 0.0
1	2018	27	22611.0	 22.0	 37.0	1.000	 3.0	 0.0
1	2018	28	22265.0	 22.0	 37.0	1.000	 2.0	 0.0
1	2018	29	20575.0	 23.0	 37.0	1.000	 2.0	 0.0
1	2018	30	22658.0	 23.0	 37.0	1.000	 3.0	 0.0
1	2018	31	23061.0	 21.0	 37.0	1.000	 2.0	 0.0
1	2018	32	22922.0	 21.0	 37.0	1.000	 2.0	 0.0
1	2018	33	19669.0	 24.0	 37.0	2.000	 2.0	 0.0
1	2018	34	19865.0	 26.0	 38.0	2.000	 1.0	 0.0
1	2018	35	22791.0	 25.0	 39.0	1.000	 3.0	 0.0
1	2018	36	23444.0	 23.0	 40.0	1.000	 2.0	 0.0
1	2018	37	23381.0	 22.0	 39.0	1.000	 1.0	 0.0
1	2018	38	23651.0	 24.0	 39.0	1.000	 2.0	 0.0
1	2018	39	23277.0	 23.0	 39.0	1.000	 2.0	 0.0
1	2018	40	22167.0	 26.0	 38.0	1.000	 3.0	 0.0
1	2018	41	22921.0	 24.0	 38.0	1.000	 2.0	 0.0
1	2018	42	22791.0	 23.0	 37.0	1.000	 2.0	 0.0
1	2018	43	23467.0	 24.0	 37.0	1.000	 3.0	 0.0
1	2018	44	23899.0	 23.0	 37.0	1.000	 3.0	 0.0
1	2018	45	23853.0	 23.0	 39.0	1.000	 2.0	 0.0
1	2018	46	23945.0	 23.0	 39.0	1.000	 2.0	 0.0
1	2018	47	24022.0	 24.0	 40.0	1.000	 3.0	 0.0
1	2018	48	23841.0	 23.0	 39.0	1.000	 2.0	 0.0
1	2018	49	22422.0	 25.0	 39.0	2.000	 2.0	 0.0
1	2018	50	20782.0	 27.0	 38.0	2.000	 2.0	 0.0
1	2018	51	20908.0	 28.0	 38.0	2.000	 3.0	 0.0
1	2018	52	21125.0	 27.0	 38.0	2.000	 3.0	 0.0
1	2018	53	20392.0	 28.0	 38.0	2.000	 3.0	 1.0
1	2018	54	21116.0	 26.0	 38.0	3.000	 3.0	 3.0
1	2018	55	12921.0	 24.0	 33.0	3.000	 1.0	 6.0
1	2018	56	19169.0	 25.0	 35.0	3.000	 1.0	 1.0
1	2018	57	16144.0	 25.0	 35.0	3.000	 2.0	 0.0
1	2018	58	21781.0	 26.0	 37.0	2.000	 1.0	 1.0
1	2018	59	20758.0	 25.0	 36.0	3.000	 2.0	 0.0
1	2018	60	22442.0	 26.0	 39.0	2.000	 2.0	 0.0
1	2018	61	24128.0	 26.0	 39.0	2.000	 2.0	 0.0
1	2018	62	23593.0	 25.0	 40.0	2.000	 1.0	 0.0
1	2018	63	21633.0	 27.0	 38.0	2.000	 3.0	 0.0
1	2018	64	22038.0	 26.0	 38.0	2.000	 2.0	 0.0
1	2018	65	22467.0	 26.0	 38.0	2.000	 2.0	 0.0
1	2018	66	15103.0	 28.0	 36.0	2.000	 3.0	 1.0
1	2018	67	13240.0	 26.0	 35.0	2.000	 2.0	 0.0
1	2018	68	20720.0	 26.0	 39.0	2.000	 2.0	 0.0
1	2018	69	22801.0	 26.0	 39.0	3.000	 3.0	 0.0
1	2018	70	22920.0	 27.0	 39.0	3.000	 3.0	 0.0
1	2018	71	23046.0	 28.0	 38.0	3.000	 4.0	 0.0
1	2018	72	23060.0	 28.0	 39.0	3.000	 3.0	 1.0
1	2018	73	22594.0	 28.0	 39.0	3.000	 2.0	 0.0
1	2018	74	22130.0	 29.0	 39.0	3.000	 3.0	 2.0
1	2018	75	20641.0	 27.0	 37.0	3.000	 3.0	 0.0
1	2018	76	22511.0	 27.0	 38.0	3.000	 2.0	 4.0
1	2018	77	22594.0	 26.0	 37.0	3.000	 2.0	 1.0
1	2018	78	22670.0	 27.0	 39.0	3.000	 2.0	 0.0
1	2018	79	23203.0	 27.0	 38.0	3.000	 3.0	 0.0
1	2018	80	21491.0	 28.0	 38.0	3.000	 3.0	 6.0
1	2018	81	21897.0	 26.0	 36.0	3.000	 2.0	 1.0
1	2018	82	19699.0	 25.0	 36.0	3.000	 1.0	 4.0
1	2018	83	12495.0	 25.0	 33.0	3.000	 1.0	 0.0
1	2018	84	23192.0	 22.0	 37.0	1.000	 1.0	 0.0
1	2018	85	25909.0	 23.0	 39.0	1.000	 0.0	 0.0
1	2018	86	25740.0	 25.0	 40.0	2.000	 1.0	 0.0
1	2018	87	23845.0	 26.0	 40.0	2.000	 2.0	 0.0
1	2018	88	23713.0	 28.0	 39.0	3.000	 3.0	 0.0
1	2018	89	21586.0	 28.0	 37.0	3.000	 2.0	 2.0
1	2018	90	22763.0	 26.0	 37.0	3.000	 2.0	 1.0
1	2018	91	25256.0	 27.0	 41.0	2.000	 1.0	 0.0
1	2018	92	25293.0	 27.0	 40.0	2.000	 3.0	 0.0
1	2018	93	24578.0	 28.0	 40.0	3.000	 3.0	 1.0
1	2018	94	24243.0	 27.0	 39.0	3.000	 3.0	 2.0
1	2018	95	19564.0	 26.0	 36.0	3.000	 3.0	 2.0
1	2018	96	23917.0	 27.0	 38.0	3.000	 3.0	 1.0
1	2018	97	23607.0	 25.0	 37.0	3.000	 4.0	 4.0
1	2018	98	20800.0	 24.0	 35.0	3.000	 3.0	 5.0
1	2018	99	23416.0	 25.0	 36.0	3.000	 2.0	 3.0
1	2018	100	16853.0	 25.0	 34.0	3.000	 3.0	 0.0
1	2018	101	25586.0	 26.0	 38.0	3.000	 2.0	 0.0
1	2018	102	23194.0	 26.0	 37.0	3.000	 3.0	 0.0
1	2018	103	21509.0	 27.0	 38.0	3.000	 3.0	 3.0
1	2018	104	23099.0	 26.0	 37.0	3.000	 3.0	 6.0
1	2018	105	22934.0	 25.0	 35.0	3.000	 2.0	 0.0
1	2018	106	25182.0	 26.0	 38.0	3.000	 2.0	 0.0
1	2018	107	25032.0	 26.0	 38.0	3.000	 3.0	 0.0
1	2018	108	22959.0	 27.0	 38.0	3.000	 3.0	 3.0
1	2018	109	24320.0	 26.0	 38.0	3.000	 3.0	 1.0
1	2018	110	22814.0	 27.0	 39.0	3.000	 3.0	 3.0
1	2018	111	21328.0	 26.0	 36.0	3.000	 3.0	 0.0
1	2018	112	25133.0	 26.0	 39.0	3.000	 3.0	 0.0
1	2018	113	25117.0	 27.0	 39.0	3.000	 3.0	 1.0
1	2018	114	25772.0	 27.0	 40.0	3.000	 3.0	 0.0
1	2018	115	24777.0	 28.0	 39.0	3.000	 4.0	 1.0
1	2018	116	23537.0	 28.0	 38.0	3.000	 3.0	 3.0
1	2018	117	23014.0	 27.0	 38.0	3.000	 2.0	 4.0
1	2018	118	21663.0	 25.0	 37.0	3.000	 2.0	 1.0
1	2018	119	24386.0	 26.0	 38.0	3.000	 3.0	 4.0
1	2018	120	19352.0	 25.0	 37.0	3.000	 3.0	 1.0
1	2018	121	23662.0	 26.0	 38.0	3.000	 3.0	 1.0
1	2018	122	24974.0	 25.0	 38.0	3.000	 3.0	 0.0
1	2018	123	21161.0	 26.0	 38.0	3.000	 4.0	 0.0
1	2018	124	24355.0	 26.0	 38.0	3.000	 3.0	 0.0
1	2018	125	24001.0	 27.0	 39.0	3.000	 3.0	 2.0
1	2018	126	14104.0	 24.0	 33.0	3.000	 3.0	17.0
1	2018	127	24399.0	 25.0	 36.0	3.000	 3.0	 0.0
1	2018	128	26036.0	 26.0	 38.0	3.000	 3.0	 0.0
1	2018	129	15664.0	 26.0	 35.0	3.000	 4.0	 0.0
1	2018	130	20059.0	 25.0	 35.0	3.000	 2.0	35.0
1	2018	131	5424.0	 24.0	 27.0	3.000	 1.0	27.0
1	2018	132	20215.0	 24.0	 31.0	3.000	 2.0	 1.0
1	2018	133	22447.0	 24.0	 32.0	3.000	 3.0	 0.0
1	2018	134	21626.0	 25.0	 33.0	3.000	 3.0	 0.0
1	2018	135	21792.0	 25.0	 33.0	3.000	 3.0	 0.0
1	2018	136	24027.0	 25.0	 33.0	3.000	 3.0	 3.0
1	2018	137	21916.0	 25.0	 33.0	3.000	 2.0	 1.0
1	2018	138	15221.0	 25.0	 32.0	3.000	 2.0	 0.0
1	2018	139	24270.0	 25.0	 34.0	3.000	 2.0	 0.0
1	2018	140	24813.0	 25.0	 35.0	3.000	 3.0	 0.0
1	2018	141	23162.0	 26.0	 36.0	3.000	 4.0	 0.0
1	2018	142	22691.0	 26.0	 36.0	3.000	 3.0	 0.0
1	2018	143	17538.0	 25.0	 34.0	3.000	 3.0	 0.0
1	2018	144	20684.0	 26.0	 35.0	3.000	 3.0	 0.0
1	2018	145	18806.0	 26.0	 36.0	3.000	 3.0	 0.0
1	2018	146	14011.0	 25.0	 32.0	3.000	 3.0	 7.0
1	2018	147	20706.0	 24.0	 32.0	3.000	 3.0	 5.0
1	2018	148	16208.0	 24.0	 32.0	3.000	 2.0	 0.0
1	2018	149	23727.0	 25.0	 34.0	3.000	 2.0	 0.0
1	2018	150	20640.0	 24.0	 34.0	3.000	 3.0	 0.0
1	2018	151	22014.0	 24.0	 35.0	3.000	 3.0	 0.0
1	2018	152	22050.0	 25.0	 35.0	3.000	 2.0	 1.0
1	2018	153	21476.0	 24.0	 35.0	3.000	 1.0	 4.0
1	2018	154	16578.0	 25.0	 32.0	3.000	 2.0	 1.0
1	2018	155	18943.0	 25.0	 34.0	3.000	 2.0	 0.0
1	2018	156	23182.0	 26.0	 36.0	3.000	 2.0	 0.0
1	2018	157	21974.0	 25.0	 35.0	3.000	 1.0	 3.0
1	2018	158	18015.0	 25.0	 34.0	3.000	 2.0	 0.0
1	2018	159	24969.0	 26.0	 36.0	3.000	 2.0	 0.0
1	2018	160	17040.0	 25.0	 35.0	3.000	 3.0	 2.0
1	2018	161	14335.0	 25.0	 33.0	3.000	 3.0	 5.0
1	2018	162	14161.0	 24.0	 32.0	3.000	 2.0	 1.0
1	2018	163	21490.0	 25.0	 34.0	3.000	 2.0	 0.0
1	2018	164	22438.0	 26.0	 36.0	3.000	 2.0	 0.0
1	2018	165	21673.0	 26.0	 35.0	3.000	 3.0	 3.0
1	2018	166	23346.0	 26.0	 36.0	3.000	 3.0	 2.0
1	2018	167	16862.0	 25.0	 35.0	3.000	 3.0	 1.0
1	2018	168	10382.0	 25.0	 32.0	3.000	 3.0	 3.0
1	2018	169	12189.0	 24.0	 32.0	3.000	 3.0	16.0
1	2018	170	12747.0	 23.0	 31.0	3.000	 4.0	21.0
1	2018	171	19622.0	 24.0	 32.0	3.000	 4.0	 2.0
1	2018	172	10118.0	 23.0	 28.0	3.000	 4.0	19.0
1	2018	173	19732.0	 23.0	 30.0	3.000	 3.0	 2.0
1	2018	174	16820.0	 23.0	 30.0	3.000	 3.0	10.0
1	2018	175	7516.0	 23.0	 27.0	3.000	 2.0	16.0
1	2018	176	18612.0	 23.0	 30.0	3.000	 2.0	 3.0
1	2018	177	22476.0	 23.0	 31.0	3.000	 1.0	 5.0
1	2018	178	15962.0	 24.0	 30.0	3.000	 3.0	 1.0
1	2018	179	19972.0	 23.0	 31.0	3.000	 2.0	 0.0
1	2018	180	18738.0	 23.0	 30.0	3.000	 2.0	13.0
1	2018	181	14826.0	 23.0	 29.0	3.000	 2.0	 9.0
1	2018	182	8691.0	 23.0	 27.0	3.000	 2.0	44.0
1	2018	183	14835.0	 23.0	 28.0	3.000	 2.0	 1.0
1	2018	184	15533.0	 23.0	 29.0	3.000	 1.0	 5.0
1	2018	185	18232.0	 22.0	 29.0	3.000	 2.0	 4.0
1	2018	186	21198.0	 23.0	 30.0	3.000	 2.0	 2.0
1	2018	187	18636.0	 23.0	 30.0	3.000	 2.0	 3.0
1	2018	188	17217.0	 24.0	 30.0	3.000	 2.0	 1.0
1	2018	189	20545.0	 23.0	 31.0	3.000	 1.0	 3.0
1	2018	190	20585.0	 24.0	 30.0	3.000	 2.0	 4.0
1	2018	191	20702.0	 23.0	 31.0	3.000	 2.0	 1.0
1	2018	192	20123.0	 24.0	 31.0	3.000	 2.0	 3.0
1	2018	193	16109.0	 23.0	 30.0	3.000	 2.0	 9.0
1	2018	194	16641.0	 24.0	 30.0	3.000	 2.0	 1.0
1	2018	195	21502.0	 23.0	 31.0	3.000	 2.0	 0.0
1	2018	196	14688.0	 24.0	 30.0	3.000	 3.0	 1.0
1	2018	197	15973.0	 23.0	 30.0	3.000	 2.0	 4.0
1	2018	198	12852.0	 23.0	 29.0	3.000	 2.0	13.0
1	2018	199	20788.0	 23.0	 30.0	3.000	 2.0	 6.0
1	2018	200	21127.0	 23.0	 31.0	3.000	 2.0	 1.0
1	2018	201	17871.0	 24.0	 30.0	3.000	 2.0	 2.0
1	2018	202	13544.0	 23.0	 29.0	3.000	 3.0	16.0
1	2018	203	16475.0	 23.0	 29.0	3.000	 2.0	 4.0
1	2018	204	18895.0	 23.0	 31.0	3.000	 2.0	 3.0
1	2018	205	19974.0	 23.0	 31.0	3.000	 3.0	 7.0
1	2018	206	12360.0	 23.0	 29.0	3.000	 3.0	13.0
1	2018	207	14193.0	 23.0	 29.0	3.000	 3.0	10.0
1	2018	208	9368.0	 23.0	 28.0	3.000	 2.0	 0.0
1	2018	209	20672.0	 22.0	 30.0	3.000	 2.0	10.0
1	2018	210	18187.0	 23.0	 30.0	3.000	 2.0	 2.0
1	2018	211	14662.0	 23.0	 29.0	3.000	 2.0	 5.0
1	2018	212	19406.0	 23.0	 29.0	3.000	 2.0	 1.0
1	2018	213	22996.0	 22.0	 30.0	3.000	 2.0	 0.0
1	2018	214	19173.0	 24.0	 30.0	3.000	 2.0	 0.0
1	2018	215	13610.0	 23.0	 29.0	3.000	 2.0	 9.0
1	2018	216	17291.0	 22.0	 29.0	3.000	 2.0	 8.0
1	2018	217	18924.0	 23.0	 30.0	3.000	 2.0	 1.0
1	2018	218	17301.0	 23.0	 30.0	3.000	 2.0	 1.0
1	2018	219	16938.0	 23.0	 29.0	3.000	 2.0	12.0
1	2018	220	20994.0	 23.0	 30.0	3.000	 2.0	 1.0
1	2018	221	17012.0	 23.0	 29.0	3.000	 2.0	 1.0
1	2018	222	18613.0	 23.0	 30.0	3.000	 2.0	 4.0
1	2018	223	18221.0	 23.0	 29.0	3.000	 2.0	 4.0
1	2018	224	20487.0	 24.0	 31.0	3.000	 2.0	 3.0
1	2018	225	11444.0	 23.0	 28.0	3.000	 1.0	 9.0
1	2018	226	5975.0	 22.0	 26.0	3.000	 2.0	37.0
1	2018	227	21019.0	 23.0	 30.0	3.000	 2.0	 1.0
1	2018	228	21930.0	 24.0	 31.0	3.000	 2.0	 2.0
1	2018	229	13917.0	 24.0	 29.0	3.000	 2.0	12.0
1	2018	230	9030.0	 23.0	 28.0	3.000	 2.0	30.0
1	2018	231	15471.0	 22.0	 29.0	3.000	 2.0	17.0
1	2018	232	17714.0	 23.0	 30.0	3.000	 3.0	13.0
1	2018	233	7831.0	 22.0	 28.0	3.000	 1.0	24.0
1	2018	234	6604.0	 23.0	 26.0	3.000	 2.0	18.0
1	2018	235	19550.0	 23.0	 30.0	3.000	 2.0	10.0
1	2018	236	12413.0	 23.0	 28.0	3.000	 2.0	12.0
1	2018	237	5657.0	 23.0	 25.0	3.000	 2.0	34.0
1	2018	238	10046.0	 23.0	 28.0	3.000	 3.0	 8.0
1	2018	239	18770.0	 22.0	 29.0	3.000	 2.0	10.0
1	2018	240	19518.0	 23.0	 30.0	3.000	 1.0	11.0
1	2018	241	12811.0	 23.0	 28.0	3.000	 1.0	11.0
1	2018	242	19964.0	 22.0	 30.0	3.000	 2.0	17.0
1	2018	243	4591.0	 23.0	 26.0	3.000	 0.0	49.0
1	2018	244	8166.0	 22.0	 27.0	3.000	 2.0	15.0
1	2018	245	18047.0	 22.0	 29.0	3.000	 1.0	 3.0
1	2018	246	18333.0	 23.0	 30.0	3.000	 1.0	 8.0
1	2018	247	10320.0	 23.0	 27.0	3.000	 2.0	 9.0
1	2018	248	18281.0	 23.0	 29.0	3.000	 2.0	12.0
1	2018	249	19928.0	 23.0	 30.0	3.000	 2.0	 2.0
1	2018	250	15855.0	 23.0	 30.0	3.000	 1.0	12.0
1	2018	251	5582.0	 22.0	 25.0	3.000	 1.0	41.0
1	2018	252	15121.0	 22.0	 28.0	3.000	 2.0	 2.0
1	2018	253	16823.0	 23.0	 29.0	3.000	 2.0	 5.0
1	2018	254	17267.0	 22.0	 30.0	3.000	 0.0	29.0
1	2018	255	14678.0	 22.0	 28.0	3.000	 1.0	 9.0
1	2018	256	20611.0	 22.0	 31.0	3.000	 1.0	 0.0
1	2018	257	22508.0	 23.0	 31.0	3.000	 2.0	 1.0
1	2018	258	22395.0	 23.0	 31.0	3.000	 1.0	 2.0
1	2018	259	14286.0	 22.0	 28.0	3.000	 1.0	11.0
1	2018	260	19506.0	 23.0	 30.0	3.000	 1.0	 0.0
1	2018	261	14849.0	 23.0	 30.0	3.000	 1.0	 3.0
1	2018	262	22307.0	 23.0	 31.0	3.000	 2.0	 8.0
1	2018	263	21205.0	 24.0	 31.0	3.000	 1.0	 5.0
1	2018	264	19110.0	 24.0	 30.0	3.000	 2.0	 7.0
1	2018	265	10360.0	 23.0	 28.0	3.000	 1.0	13.0
1	2018	266	19269.0	 23.0	 30.0	3.000	 1.0	 3.0
1	2018	267	12973.0	 23.0	 30.0	3.000	 1.0	 0.0
1	2018	268	18519.0	 23.0	 30.0	3.000	 0.0	 5.0
1	2018	269	17799.0	 23.0	 29.0	3.000	 2.0	14.0
1	2018	270	22276.0	 23.0	 31.0	3.000	 2.0	 1.0
1	2018	271	19940.0	 23.0	 30.0	3.000	 2.0	 3.0
1	2018	272	21733.0	 23.0	 30.0	3.000	 2.0	 3.0
1	2018	273	16994.0	 23.0	 30.0	3.000	 1.0	17.0
1	2018	274	20720.0	 23.0	 30.0	3.000	 1.0	 1.0
1	2018	275	19740.0	 23.0	 31.0	3.000	 2.0	 6.0
1	2018	276	20082.0	 23.0	 30.0	3.000	 2.0	10.0
1	2018	277	17335.0	 23.0	 30.0	3.000	 2.0	 2.0
1	2018	278	13964.0	 24.0	 29.0	3.000	 1.0	 7.0
1	2018	279	13447.0	 23.0	 29.0	3.000	 1.0	16.0
1	2018	280	18010.0	 22.0	 31.0	3.000	 0.0	 0.0
1	2018	281	18961.0	 24.0	 31.0	3.000	 2.0	 1.0
1	2018	282	20112.0	 24.0	 31.0	3.000	 2.0	 5.0
1	2018	283	22820.0	 23.0	 31.0	3.000	 1.0	 0.0
1	2018	284	9613.0	 23.0	 28.0	3.000	 1.0	 4.0
1	2018	285	20735.0	 23.0	 31.0	3.000	 1.0	 2.0
1	2018	286	15737.0	 23.0	 30.0	3.000	 2.0	 0.0
1	2018	287	22176.0	 23.0	 31.0	3.000	 1.0	 2.0
1	2018	288	19342.0	 23.0	 30.0	3.000	 0.0	 9.0
1	2018	289	22446.0	 23.0	 31.0	3.000	 1.0	 5.0
1	2018	290	17172.0	 23.0	 31.0	3.000	 2.0	 0.0
1	2018	291	23126.0	 24.0	 31.0	3.000	 2.0	 0.0
1	2018	292	22791.0	 24.0	 32.0	3.000	 1.0	 0.0
1	2018	293	22941.0	 24.0	 32.0	3.000	 1.0	 2.0
1	2018	294	23683.0	 24.0	 33.0	3.000	 1.0	 0.0
1	2018	295	22461.0	 24.0	 32.0	3.000	 1.0	 0.0
1	2018	296	21356.0	 24.0	 32.0	3.000	 2.0	 0.0
1	2018	297	21203.0	 24.0	 33.0	3.000	 2.0	 0.0
1	2018	298	18545.0	 24.0	 32.0	3.000	 3.0	 0.0
1	2018	299	21160.0	 24.0	 32.0	3.000	 2.0	 0.0
1	2018	300	21969.0	 24.0	 32.0	3.000	 2.0	 0.0
1	2018	301	16450.0	 24.0	 31.0	3.000	 1.0	 8.0
1	2018	302	13369.0	 24.0	 29.0	3.000	 0.0	 5.0
1	2018	303	18424.0	 23.0	 31.0	3.000	 1.0	 0.0
1	2018	304	21827.0	 24.0	 33.0	3.000	 1.0	 1.0
1	2018	305	22987.0	 24.0	 33.0	3.000	 1.0	 0.0
1	2018	306	22717.0	 24.0	 33.0	3.000	 2.0	 0.0
1	2018	307	20552.0	 24.0	 32.0	3.000	 2.0	 0.0
1	2018	308	20314.0	 23.0	 32.0	3.000	 2.0	 1.0
1	2018	309	19303.0	 24.0	 32.0	3.000	 2.0	 0.0
1	2018	310	21951.0	 24.0	 34.0	3.000	 1.0	 1.0
1	2018	311	21569.0	 24.0	 33.0	3.000	 2.0	 0.0
1	2018	312	20823.0	 24.0	 33.0	3.000	 2.0	 0.0
1	2018	313	22086.0	 24.0	 34.0	3.000	 1.0	 0.0
1	2018	314	21448.0	 24.0	 34.0	3.000	 1.0	 0.0
1	2018	315	20422.0	 24.0	 34.0	3.000	 2.0	 0.0
1	2018	316	21989.0	 24.0	 35.0	3.000	 1.0	 0.0
1	2018	317	22278.0	 24.0	 35.0	2.000	 1.0	 0.0
1	2018	318	22007.0	 23.0	 35.0	2.000	 1.0	 0.0
1	2018	319	21653.0	 24.0	 35.0	2.000	 1.0	 0.0
1	2018	320	21502.0	 24.0	 35.0	3.000	 2.0	 0.0
1	2018	321	21149.0	 25.0	 35.0	3.000	 2.0	 0.0
1	2018	322	19500.0	 26.0	 34.0	3.000	 2.0	 1.0
1	2018	323	20605.0	 25.0	 35.0	3.000	 1.0	 1.0
1	2018	324	19339.0	 25.0	 35.0	3.000	 1.0	 0.0
1	2018	325	20701.0	 25.0	 36.0	2.000	 1.0	 0.0
1	2018	326	21662.0	 25.0	 35.0	2.000	 1.0	 0.0
1	2018	327	21597.0	 24.0	 35.0	2.000	 1.0	 0.0
1	2018	328	21290.0	 25.0	 36.0	2.000	 1.0	 0.0
1	2018	329	21711.0	 24.0	 36.0	2.000	 0.0	 0.0
1	2018	330	21682.0	 23.0	 35.0	2.000	 0.0	 0.0
1	2018	331	21951.0	 24.0	 36.0	2.000	 1.0	 0.0
1	2018	332	20577.0	 23.0	 34.0	2.000	 1.0	 0.0
1	2018	333	21121.0	 24.0	 36.0	2.000	 1.0	 0.0
1	2018	334	22007.0	 22.0	 36.0	2.000	 2.0	 0.0
1	2018	335	21808.0	 21.0	 35.0	1.000	 2.0	 0.0
1	2018	336	20896.0	 22.0	 35.0	2.000	 1.0	 0.0
1	2018	337	20187.0	 21.0	 35.0	1.000	 2.0	 0.0
1	2018	338	21447.0	 20.0	 35.0	1.000	 2.0	 0.0
1	2018	339	20925.0	 22.0	 35.0	2.000	 2.0	 0.0
1	2018	340	21563.0	 22.0	 35.0	1.000	 3.0	 0.0
1	2018	341	21246.0	 21.0	 35.0	1.000	 2.0	 0.0
1	2018	342	21633.0	 20.0	 35.0	1.000	 3.0	 0.0
1	2018	343	21630.0	 20.0	 35.0	1.000	 3.0	 0.0
1	2018	344	21468.0	 21.0	 35.0	1.000	 2.0	 0.0
1	2018	345	21389.0	 21.0	 34.0	1.000	 2.0	 0.0
1	2018	346	21042.0	 20.0	 34.0	1.000	 2.0	 0.0
1	2018	347	20956.0	 21.0	 35.0	1.000	 2.0	 0.0
1	2018	348	21517.0	 21.0	 35.0	1.000	 3.0	 0.0
1	2018	349	21426.0	 21.0	 36.0	1.000	 2.0	 0.0
1	2018	350	21362.0	 19.0	 36.0	1.000	 2.0	 0.0
1	2018	351	21397.0	 20.0	 36.0	1.000	 2.0	 0.0
1	2018	352	21319.0	 21.0	 36.0	1.000	 2.0	 0.0
1	2018	353	21406.0	 19.0	 35.0	1.000	 3.0	 0.0
1	2018	354	21406.0	 20.0	 35.0	1.000	 2.0	 0.0
1	2018	355	21415.0	 21.0	 35.0	1.000	 3.0	 0.0
1	2018	356	21411.0	 21.0	 34.0	1.000	 3.0	 0.0
1	2018	357	21625.0	 21.0	 35.0	1.000	 3.0	 0.0
1	2018	358	21626.0	 21.0	 34.0	1.000	 3.0	 0.0
1	2018	359	21634.0	 20.0	 34.0	1.000	 3.0	 0.0
1	2018	360	21549.0	 20.0	 34.0	1.000	 3.0	 0.0
1	2018	361	21476.0	 20.0	 35.0	1.000	 3.0	 0.0
1	2018	362	21219.0	 22.0	 36.0	1.000	 2.0	 0.0
1	2018	363	20814.0	 22.0	 36.0	1.000	 2.0	 0.0
1	2018	364	20540.0	 22.0	 36.0	1.000	 2.0	 0.0
1	2018	365	21103.0	 22.0	 36.0	1.000	 3.0	 0.0
