*---------------------------------------------------
* Station: Northern
* Year: 2010
* Origin: ERA5-Reanalysis
* Columns & units
* ===================
* 1. station number
* 2. year
* 3. Day of Year
* 4. Irradiance   (kJ路m-2路d-1)
* 5. Daily minimum temperature (degC)
* 6. Daily maximum temperature (degC)
* 7. Vapour pressure (kPa)
* 8. Mean wind speed (m路s-1)
* 9. Precipitation (mm路d-1)
** WCCDESCRIPTION=Northern
** WCCFORMAT=2
** WCCYEARNR=2010
*------------------------------------------------------------*
-0.97  9.36  160.00 -0.18  -0.55
1	2010	1	20692.0	 19.0	 34.0	1.000	 2.0	 0.0
1	2010	2	20892.0	 20.0	 35.0	1.000	 2.0	 0.0
1	2010	3	21905.0	 20.0	 35.0	1.000	 2.0	 0.0
1	2010	4	22194.0	 18.0	 34.0	1.000	 2.0	 0.0
1	2010	5	22059.0	 18.0	 34.0	1.000	 1.0	 0.0
1	2010	6	21848.0	 19.0	 35.0	1.000	 1.0	 0.0
1	2010	7	21562.0	 19.0	 35.0	1.000	 1.0	 0.0
1	2010	8	21792.0	 18.0	 35.0	1.000	 1.0	 0.0
1	2010	9	22028.0	 18.0	 35.0	1.000	 2.0	 0.0
1	2010	10	22085.0	 18.0	 35.0	1.000	 2.0	 0.0
1	2010	11	21222.0	 21.0	 35.0	1.000	 2.0	 0.0
1	2010	12	22284.0	 19.0	 36.0	1.000	 2.0	 0.0
1	2010	13	22407.0	 19.0	 36.0	1.000	 1.0	 0.0
1	2010	14	22085.0	 19.0	 36.0	1.000	 1.0	 0.0
1	2010	15	21662.0	 21.0	 36.0	2.000	 0.0	 0.0
1	2010	16	22183.0	 19.0	 36.0	1.000	 2.0	 0.0
1	2010	17	22873.0	 18.0	 36.0	1.000	 2.0	 0.0
1	2010	18	22691.0	 19.0	 36.0	1.000	 3.0	 0.0
1	2010	19	22677.0	 20.0	 34.0	1.000	 3.0	 0.0
1	2010	20	22814.0	 19.0	 34.0	1.000	 3.0	 0.0
1	2010	21	22577.0	 20.0	 35.0	1.000	 2.0	 0.0
1	2010	22	22494.0	 21.0	 36.0	1.000	 2.0	 0.0
1	2010	23	22289.0	 21.0	 36.0	1.000	 2.0	 0.0
1	2010	24	21969.0	 20.0	 36.0	1.000	 2.0	 0.0
1	2010	25	21528.0	 21.0	 36.0	1.000	 1.0	 0.0
1	2010	26	21949.0	 22.0	 37.0	2.000	 1.0	 0.0
1	2010	27	21385.0	 24.0	 37.0	2.000	 1.0	 0.0
1	2010	28	20466.0	 26.0	 36.0	2.000	 1.0	 0.0
1	2010	29	22860.0	 22.0	 38.0	1.000	 2.0	 0.0
1	2010	30	23166.0	 21.0	 39.0	1.000	 3.0	 0.0
1	2010	31	23236.0	 21.0	 39.0	1.000	 3.0	 0.0
1	2010	32	23185.0	 21.0	 37.0	1.000	 3.0	 0.0
1	2010	33	23272.0	 22.0	 38.0	1.000	 3.0	 0.0
1	2010	34	23219.0	 21.0	 38.0	1.000	 2.0	 0.0
1	2010	35	23160.0	 20.0	 37.0	1.000	 1.0	 0.0
1	2010	36	23279.0	 21.0	 38.0	1.000	 2.0	 0.0
1	2010	37	23788.0	 23.0	 38.0	1.000	 4.0	 0.0
1	2010	38	23958.0	 22.0	 36.0	1.000	 3.0	 0.0
1	2010	39	24162.0	 22.0	 37.0	1.000	 2.0	 0.0
1	2010	40	23476.0	 20.0	 37.0	1.000	 1.0	 0.0
1	2010	41	22100.0	 23.0	 37.0	2.000	 0.0	 0.0
1	2010	42	20537.0	 25.0	 36.0	2.000	 1.0	 0.0
1	2010	43	19047.0	 26.0	 36.0	3.000	 2.0	 6.0
1	2010	44	17690.0	 24.0	 33.0	3.000	 1.0	 0.0
1	2010	45	21332.0	 26.0	 36.0	3.000	 1.0	 0.0
1	2010	46	18912.0	 26.0	 35.0	3.000	 2.0	 0.0
1	2010	47	20006.0	 26.0	 37.0	3.000	 2.0	 1.0
1	2010	48	21276.0	 26.0	 37.0	3.000	 1.0	 0.0
1	2010	49	21468.0	 27.0	 38.0	3.000	 2.0	 0.0
1	2010	50	21902.0	 28.0	 39.0	3.000	 2.0	 0.0
1	2010	51	22056.0	 29.0	 39.0	3.000	 2.0	 0.0
1	2010	52	22154.0	 28.0	 40.0	2.000	 2.0	 0.0
1	2010	53	23161.0	 28.0	 40.0	2.000	 2.0	 0.0
1	2010	54	22235.0	 27.0	 39.0	2.000	 2.0	 0.0
1	2010	55	23693.0	 28.0	 40.0	2.000	 1.0	 0.0
1	2010	56	23200.0	 28.0	 39.0	2.000	 2.0	 0.0
1	2010	57	21449.0	 28.0	 38.0	3.000	 2.0	 0.0
1	2010	58	23015.0	 28.0	 39.0	2.000	 2.0	 0.0
1	2010	59	23767.0	 28.0	 40.0	2.000	 2.0	 0.0
1	2010	60	22174.0	 27.0	 38.0	2.000	 2.0	 0.0
1	2010	61	20828.0	 28.0	 38.0	3.000	 2.0	 0.0
1	2010	62	22559.0	 28.0	 39.0	2.000	 2.0	 0.0
1	2010	63	23768.0	 27.0	 39.0	2.000	 2.0	 0.0
1	2010	64	23584.0	 27.0	 39.0	2.000	 2.0	 0.0
1	2010	65	22560.0	 28.0	 38.0	3.000	 3.0	 0.0
1	2010	66	21593.0	 28.0	 37.0	3.000	 3.0	 0.0
1	2010	67	23124.0	 29.0	 39.0	2.000	 2.0	 0.0
1	2010	68	19797.0	 28.0	 36.0	3.000	 3.0	 0.0
1	2010	69	22532.0	 27.0	 38.0	3.000	 2.0	10.0
1	2010	70	21080.0	 25.0	 35.0	3.000	 2.0	10.0
1	2010	71	21850.0	 26.0	 36.0	3.000	 2.0	 0.0
1	2010	72	23312.0	 27.0	 38.0	3.000	 2.0	 0.0
1	2010	73	23317.0	 27.0	 38.0	3.000	 3.0	 2.0
1	2010	74	23061.0	 27.0	 38.0	3.000	 3.0	 0.0
1	2010	75	20526.0	 27.0	 37.0	3.000	 4.0	 0.0
1	2010	76	21762.0	 28.0	 36.0	3.000	 2.0	 1.0
1	2010	77	21362.0	 26.0	 39.0	2.000	 1.0	 0.0
1	2010	78	22532.0	 27.0	 38.0	3.000	 2.0	 1.0
1	2010	79	22574.0	 27.0	 39.0	2.000	 2.0	 0.0
1	2010	80	25491.0	 25.0	 38.0	2.000	 1.0	 0.0
1	2010	81	26392.0	 24.0	 39.0	1.000	 2.0	 0.0
1	2010	82	26913.0	 23.0	 39.0	1.000	 1.0	 0.0
1	2010	83	27076.0	 23.0	 39.0	1.000	 1.0	 0.0
1	2010	84	26208.0	 24.0	 38.0	2.000	 1.0	 0.0
1	2010	85	26204.0	 26.0	 39.0	2.000	 0.0	 0.0
1	2010	86	26357.0	 25.0	 40.0	1.000	 1.0	 0.0
1	2010	87	25202.0	 26.0	 39.0	2.000	 1.0	 0.0
1	2010	88	25926.0	 27.0	 40.0	2.000	 1.0	 0.0
1	2010	89	25441.0	 27.0	 39.0	2.000	 2.0	 0.0
1	2010	90	25242.0	 27.0	 39.0	2.000	 2.0	 0.0
1	2010	91	25595.0	 28.0	 40.0	2.000	 2.0	 0.0
1	2010	92	25437.0	 29.0	 41.0	2.000	 2.0	 0.0
1	2010	93	24827.0	 29.0	 40.0	3.000	 3.0	 0.0
1	2010	94	23220.0	 28.0	 39.0	3.000	 3.0	 0.0
1	2010	95	22761.0	 29.0	 38.0	3.000	 3.0	 2.0
1	2010	96	14441.0	 27.0	 36.0	3.000	 2.0	 0.0
1	2010	97	23550.0	 27.0	 38.0	3.000	 2.0	 0.0
1	2010	98	25325.0	 28.0	 40.0	3.000	 2.0	 0.0
1	2010	99	23429.0	 28.0	 38.0	3.000	 3.0	 0.0
1	2010	100	23812.0	 27.0	 38.0	3.000	 3.0	 0.0
1	2010	101	25535.0	 28.0	 39.0	3.000	 3.0	 0.0
1	2010	102	24639.0	 29.0	 39.0	3.000	 3.0	 2.0
1	2010	103	24620.0	 28.0	 39.0	3.000	 3.0	 0.0
1	2010	104	19065.0	 26.0	 36.0	3.000	 2.0	 3.0
1	2010	105	20585.0	 28.0	 37.0	3.000	 3.0	 4.0
1	2010	106	21380.0	 26.0	 37.0	3.000	 3.0	 0.0
1	2010	107	24180.0	 27.0	 37.0	3.000	 2.0	 0.0
1	2010	108	25883.0	 27.0	 39.0	3.000	 2.0	 0.0
1	2010	109	25408.0	 28.0	 40.0	3.000	 2.0	 9.0
1	2010	110	19609.0	 26.0	 36.0	3.000	 3.0	 0.0
1	2010	111	23812.0	 26.0	 38.0	3.000	 3.0	 0.0
1	2010	112	23176.0	 26.0	 38.0	3.000	 4.0	 2.0
1	2010	113	14997.0	 24.0	 35.0	3.000	 2.0	 0.0
1	2010	114	22534.0	 26.0	 36.0	3.000	 2.0	 4.0
1	2010	115	14777.0	 26.0	 34.0	3.000	 2.0	 0.0
1	2010	116	23029.0	 26.0	 37.0	3.000	 2.0	 2.0
1	2010	117	14521.0	 25.0	 32.0	3.000	 1.0	 7.0
1	2010	118	18341.0	 24.0	 33.0	3.000	 2.0	11.0
1	2010	119	23656.0	 26.0	 36.0	3.000	 2.0	 1.0
1	2010	120	24059.0	 26.0	 36.0	3.000	 3.0	 0.0
1	2010	121	23658.0	 26.0	 36.0	3.000	 2.0	 0.0
1	2010	122	18528.0	 26.0	 34.0	3.000	 2.0	 8.0
1	2010	123	21964.0	 25.0	 35.0	3.000	 2.0	 3.0
1	2010	124	19300.0	 26.0	 35.0	3.000	 2.0	 0.0
1	2010	125	21593.0	 26.0	 36.0	3.000	 3.0	 9.0
1	2010	126	21127.0	 26.0	 34.0	3.000	 2.0	 0.0
1	2010	127	22483.0	 26.0	 35.0	3.000	 1.0	 5.0
1	2010	128	23742.0	 25.0	 35.0	3.000	 2.0	 8.0
1	2010	129	23728.0	 25.0	 36.0	3.000	 2.0	 0.0
1	2010	130	24748.0	 26.0	 36.0	3.000	 3.0	 0.0
1	2010	131	21511.0	 27.0	 36.0	3.000	 3.0	 0.0
1	2010	132	22691.0	 27.0	 37.0	3.000	 2.0	 1.0
1	2010	133	20635.0	 27.0	 36.0	3.000	 3.0	 2.0
1	2010	134	21652.0	 26.0	 36.0	3.000	 3.0	 0.0
1	2010	135	23134.0	 27.0	 36.0	3.000	 2.0	 0.0
1	2010	136	23536.0	 26.0	 36.0	3.000	 3.0	 1.0
1	2010	137	23290.0	 27.0	 36.0	3.000	 3.0	 1.0
1	2010	138	17566.0	 26.0	 35.0	3.000	 3.0	 0.0
1	2010	139	21275.0	 27.0	 36.0	3.000	 3.0	 1.0
1	2010	140	19541.0	 25.0	 35.0	3.000	 2.0	 6.0
1	2010	141	16754.0	 24.0	 32.0	3.000	 1.0	12.0
1	2010	142	22123.0	 25.0	 34.0	3.000	 2.0	 1.0
1	2010	143	23658.0	 26.0	 36.0	3.000	 2.0	 0.0
1	2010	144	16052.0	 26.0	 34.0	3.000	 2.0	 0.0
1	2010	145	23190.0	 26.0	 36.0	3.000	 2.0	 1.0
1	2010	146	21476.0	 26.0	 36.0	3.000	 3.0	 4.0
1	2010	147	16243.0	 26.0	 34.0	3.000	 3.0	 0.0
1	2010	148	21794.0	 26.0	 35.0	3.000	 3.0	 0.0
1	2010	149	22803.0	 26.0	 36.0	3.000	 2.0	 6.0
1	2010	150	21086.0	 26.0	 35.0	3.000	 2.0	 2.0
1	2010	151	22980.0	 25.0	 36.0	3.000	 3.0	 0.0
1	2010	152	20248.0	 25.0	 35.0	3.000	 3.0	 0.0
1	2010	153	16164.0	 25.0	 32.0	3.000	 2.0	 7.0
1	2010	154	21106.0	 24.0	 33.0	3.000	 2.0	 1.0
1	2010	155	3084.0	 24.0	 27.0	3.000	 2.0	97.0
1	2010	156	15145.0	 24.0	 30.0	3.000	 2.0	 1.0
1	2010	157	21358.0	 24.0	 32.0	3.000	 1.0	 0.0
1	2010	158	17317.0	 25.0	 31.0	3.000	 3.0	 1.0
1	2010	159	19819.0	 24.0	 31.0	3.000	 3.0	 1.0
1	2010	160	16495.0	 24.0	 31.0	3.000	 3.0	 2.0
1	2010	161	14812.0	 23.0	 29.0	3.000	 2.0	 5.0
1	2010	162	18791.0	 23.0	 30.0	3.000	 0.0	 1.0
1	2010	163	20724.0	 25.0	 32.0	3.000	 2.0	 2.0
1	2010	164	13767.0	 24.0	 31.0	3.000	 3.0	 0.0
1	2010	165	15478.0	 24.0	 31.0	3.000	 3.0	 0.0
1	2010	166	18412.0	 24.0	 31.0	3.000	 3.0	 4.0
1	2010	167	19986.0	 23.0	 31.0	3.000	 3.0	 2.0
1	2010	168	16136.0	 24.0	 31.0	3.000	 2.0	 0.0
1	2010	169	22265.0	 24.0	 32.0	3.000	 2.0	 0.0
1	2010	170	23393.0	 25.0	 33.0	3.000	 2.0	 0.0
1	2010	171	20616.0	 25.0	 33.0	3.000	 2.0	 2.0
1	2010	172	19421.0	 25.0	 31.0	3.000	 2.0	 2.0
1	2010	173	19466.0	 25.0	 33.0	3.000	 1.0	 1.0
1	2010	174	20848.0	 24.0	 33.0	3.000	 2.0	22.0
1	2010	175	14156.0	 24.0	 31.0	3.000	 3.0	 5.0
1	2010	176	16804.0	 24.0	 30.0	3.000	 3.0	 1.0
1	2010	177	10449.0	 23.0	 27.0	3.000	 3.0	 5.0
1	2010	178	13737.0	 23.0	 29.0	3.000	 2.0	 7.0
1	2010	179	21428.0	 23.0	 31.0	3.000	 1.0	 1.0
1	2010	180	19550.0	 24.0	 32.0	3.000	 2.0	 0.0
1	2010	181	19045.0	 24.0	 32.0	3.000	 2.0	 0.0
1	2010	182	21041.0	 24.0	 32.0	3.000	 3.0	 2.0
1	2010	183	22604.0	 23.0	 31.0	3.000	 2.0	 1.0
1	2010	184	21776.0	 24.0	 32.0	3.000	 2.0	 1.0
1	2010	185	22188.0	 24.0	 32.0	3.000	 2.0	 0.0
1	2010	186	18110.0	 25.0	 32.0	3.000	 3.0	 1.0
1	2010	187	16746.0	 24.0	 32.0	3.000	 3.0	 2.0
1	2010	188	17911.0	 24.0	 32.0	3.000	 3.0	 2.0
1	2010	189	19912.0	 24.0	 32.0	3.000	 2.0	 0.0
1	2010	190	21278.0	 24.0	 33.0	3.000	 2.0	 6.0
1	2010	191	18534.0	 23.0	 30.0	3.000	 3.0	 8.0
1	2010	192	7592.0	 23.0	 26.0	3.000	 3.0	11.0
1	2010	193	15065.0	 23.0	 30.0	3.000	 2.0	 1.0
1	2010	194	18483.0	 23.0	 31.0	3.000	 1.0	 2.0
1	2010	195	20269.0	 23.0	 31.0	3.000	 2.0	 4.0
1	2010	196	13331.0	 24.0	 30.0	3.000	 3.0	 6.0
1	2010	197	13516.0	 23.0	 30.0	3.000	 3.0	20.0
1	2010	198	15525.0	 23.0	 28.0	3.000	 3.0	 7.0
1	2010	199	19178.0	 23.0	 30.0	3.000	 2.0	 2.0
1	2010	200	21474.0	 23.0	 31.0	3.000	 2.0	 1.0
1	2010	201	18452.0	 24.0	 30.0	3.000	 4.0	 1.0
1	2010	202	14233.0	 23.0	 29.0	3.000	 3.0	 0.0
1	2010	203	21978.0	 22.0	 32.0	3.000	 2.0	 1.0
1	2010	204	9602.0	 21.0	 25.0	3.000	 3.0	21.0
1	2010	205	10199.0	 22.0	 26.0	3.000	 2.0	 1.0
1	2010	206	21151.0	 22.0	 30.0	3.000	 2.0	 0.0
1	2010	207	22642.0	 23.0	 32.0	3.000	 2.0	 0.0
1	2010	208	16604.0	 24.0	 30.0	3.000	 3.0	 1.0
1	2010	209	16027.0	 23.0	 30.0	3.000	 2.0	 3.0
1	2010	210	19497.0	 23.0	 30.0	3.000	 2.0	 3.0
1	2010	211	13069.0	 23.0	 29.0	3.000	 2.0	 2.0
1	2010	212	12354.0	 24.0	 28.0	3.000	 2.0	 1.0
1	2010	213	20003.0	 23.0	 30.0	3.000	 2.0	 1.0
1	2010	214	15648.0	 24.0	 30.0	3.000	 1.0	 1.0
1	2010	215	15393.0	 24.0	 30.0	3.000	 3.0	 2.0
1	2010	216	13471.0	 24.0	 29.0	3.000	 3.0	 1.0
1	2010	217	15168.0	 24.0	 31.0	3.000	 2.0	 1.0
1	2010	218	21370.0	 24.0	 32.0	3.000	 2.0	 2.0
1	2010	219	19838.0	 24.0	 32.0	3.000	 2.0	 4.0
1	2010	220	9756.0	 24.0	 27.0	3.000	 2.0	15.0
1	2010	221	9133.0	 23.0	 29.0	3.000	 2.0	 0.0
1	2010	222	20835.0	 23.0	 32.0	3.000	 2.0	 4.0
1	2010	223	8486.0	 23.0	 28.0	3.000	 3.0	 9.0
1	2010	224	12784.0	 23.0	 29.0	3.000	 3.0	12.0
1	2010	225	17530.0	 23.0	 29.0	3.000	 2.0	 7.0
1	2010	226	4224.0	 23.0	 26.0	3.000	 2.0	67.0
1	2010	227	20557.0	 22.0	 30.0	3.000	 1.0	 2.0
1	2010	228	21133.0	 23.0	 31.0	3.000	 1.0	14.0
1	2010	229	14976.0	 23.0	 29.0	3.000	 2.0	 6.0
1	2010	230	12696.0	 23.0	 29.0	3.000	 2.0	 7.0
1	2010	231	18350.0	 23.0	 30.0	3.000	 1.0	 1.0
1	2010	232	17753.0	 24.0	 30.0	3.000	 1.0	 4.0
1	2010	233	14589.0	 22.0	 29.0	3.000	 1.0	 2.0
1	2010	234	17477.0	 23.0	 30.0	3.000	 3.0	 1.0
1	2010	235	12411.0	 24.0	 29.0	3.000	 2.0	 3.0
1	2010	236	17259.0	 23.0	 30.0	3.000	 2.0	 4.0
1	2010	237	13236.0	 23.0	 30.0	3.000	 1.0	 0.0
1	2010	238	19065.0	 23.0	 30.0	3.000	 2.0	 3.0
1	2010	239	20798.0	 23.0	 31.0	3.000	 2.0	 4.0
1	2010	240	19119.0	 23.0	 30.0	3.000	 2.0	 8.0
1	2010	241	20328.0	 23.0	 30.0	3.000	 2.0	 2.0
1	2010	242	18155.0	 24.0	 30.0	3.000	 2.0	 3.0
1	2010	243	13536.0	 23.0	 29.0	3.000	 2.0	 7.0
1	2010	244	13730.0	 23.0	 29.0	3.000	 3.0	10.0
1	2010	245	16456.0	 23.0	 29.0	3.000	 2.0	 5.0
1	2010	246	14316.0	 23.0	 29.0	3.000	 1.0	19.0
1	2010	247	12317.0	 23.0	 28.0	3.000	 2.0	 4.0
1	2010	248	16961.0	 23.0	 30.0	3.000	 2.0	 3.0
1	2010	249	7410.0	 23.0	 27.0	3.000	 2.0	33.0
1	2010	250	18975.0	 23.0	 30.0	3.000	 2.0	 1.0
1	2010	251	7939.0	 23.0	 26.0	3.000	 1.0	27.0
1	2010	252	10195.0	 23.0	 28.0	3.000	 2.0	 6.0
1	2010	253	17581.0	 23.0	 29.0	3.000	 2.0	 5.0
1	2010	254	17612.0	 22.0	 30.0	3.000	 1.0	 8.0
1	2010	255	16119.0	 23.0	 29.0	3.000	 1.0	 8.0
1	2010	256	16164.0	 23.0	 29.0	3.000	 1.0	 7.0
1	2010	257	12471.0	 23.0	 29.0	3.000	 1.0	 4.0
1	2010	258	15899.0	 23.0	 28.0	3.000	 2.0	 2.0
1	2010	259	20590.0	 23.0	 30.0	3.000	 2.0	 1.0
1	2010	260	15139.0	 23.0	 29.0	3.000	 1.0	 6.0
1	2010	261	10713.0	 23.0	 28.0	3.000	 2.0	 7.0
1	2010	262	19317.0	 22.0	 29.0	3.000	 1.0	 6.0
1	2010	263	16709.0	 22.0	 30.0	3.000	 1.0	 7.0
1	2010	264	18523.0	 23.0	 30.0	3.000	 2.0	 4.0
1	2010	265	21160.0	 22.0	 30.0	3.000	 1.0	 6.0
1	2010	266	15860.0	 23.0	 30.0	3.000	 1.0	17.0
1	2010	267	12096.0	 22.0	 29.0	3.000	 2.0	 3.0
1	2010	268	10401.0	 23.0	 27.0	3.000	 1.0	 5.0
1	2010	269	21696.0	 22.0	 30.0	3.000	 2.0	 1.0
1	2010	270	22199.0	 23.0	 30.0	3.000	 1.0	 3.0
1	2010	271	12609.0	 23.0	 28.0	3.000	 1.0	10.0
1	2010	272	17275.0	 22.0	 30.0	3.000	 0.0	 0.0
1	2010	273	22804.0	 23.0	 31.0	3.000	 1.0	 4.0
1	2010	274	20850.0	 24.0	 31.0	3.000	 2.0	 8.0
1	2010	275	17467.0	 23.0	 30.0	3.000	 2.0	 1.0
1	2010	276	20132.0	 23.0	 31.0	3.000	 1.0	 6.0
1	2010	277	16417.0	 23.0	 30.0	3.000	 2.0	 6.0
1	2010	278	16523.0	 23.0	 29.0	3.000	 2.0	 1.0
1	2010	279	18383.0	 23.0	 30.0	3.000	 1.0	 5.0
1	2010	280	8831.0	 23.0	 28.0	3.000	 1.0	19.0
1	2010	281	20090.0	 23.0	 30.0	3.000	 1.0	 4.0
1	2010	282	20684.0	 23.0	 31.0	3.000	 2.0	 2.0
1	2010	283	23004.0	 23.0	 32.0	3.000	 1.0	 6.0
1	2010	284	16824.0	 23.0	 30.0	3.000	 2.0	 3.0
1	2010	285	20370.0	 23.0	 30.0	3.000	 1.0	 5.0
1	2010	286	13992.0	 23.0	 29.0	3.000	 1.0	 7.0
1	2010	287	18870.0	 23.0	 31.0	3.000	 1.0	 6.0
1	2010	288	21111.0	 24.0	 31.0	3.000	 1.0	 1.0
1	2010	289	22454.0	 24.0	 31.0	3.000	 1.0	 1.0
1	2010	290	19876.0	 24.0	 31.0	3.000	 1.0	 5.0
1	2010	291	17492.0	 24.0	 30.0	3.000	 2.0	 6.0
1	2010	292	17224.0	 23.0	 31.0	3.000	 2.0	 0.0
1	2010	293	12017.0	 23.0	 29.0	3.000	 1.0	 8.0
1	2010	294	21086.0	 23.0	 30.0	3.000	 1.0	 2.0
1	2010	295	20740.0	 23.0	 31.0	3.000	 1.0	 6.0
1	2010	296	21727.0	 23.0	 31.0	3.000	 2.0	 0.0
1	2010	297	21142.0	 23.0	 31.0	3.000	 1.0	 7.0
1	2010	298	16359.0	 23.0	 29.0	3.000	 1.0	 9.0
1	2010	299	17630.0	 22.0	 29.0	3.000	 1.0	 3.0
1	2010	300	20346.0	 23.0	 31.0	3.000	 1.0	 2.0
1	2010	301	14014.0	 23.0	 30.0	3.000	 1.0	 2.0
1	2010	302	20533.0	 23.0	 31.0	3.000	 1.0	 4.0
1	2010	303	21470.0	 23.0	 32.0	3.000	 1.0	 5.0
1	2010	304	20198.0	 23.0	 31.0	3.000	 2.0	 0.0
1	2010	305	18944.0	 24.0	 31.0	3.000	 1.0	 0.0
1	2010	306	20180.0	 24.0	 31.0	3.000	 1.0	 0.0
1	2010	307	22839.0	 24.0	 33.0	3.000	 1.0	 0.0
1	2010	308	21871.0	 24.0	 33.0	3.000	 2.0	 0.0
1	2010	309	21437.0	 24.0	 32.0	3.000	 2.0	 0.0
1	2010	310	15752.0	 24.0	 30.0	3.000	 2.0	 0.0
1	2010	311	16720.0	 24.0	 32.0	3.000	 1.0	10.0
1	2010	312	17553.0	 23.0	 30.0	3.000	 1.0	 5.0
1	2010	313	21043.0	 23.0	 32.0	3.000	 1.0	 0.0
1	2010	314	21846.0	 23.0	 33.0	3.000	 1.0	 0.0
1	2010	315	21738.0	 23.0	 33.0	3.000	 1.0	 0.0
1	2010	316	22581.0	 23.0	 35.0	3.000	 0.0	 0.0
1	2010	317	21213.0	 23.0	 33.0	3.000	 2.0	 0.0
1	2010	318	20313.0	 24.0	 33.0	3.000	 2.0	 0.0
1	2010	319	21305.0	 24.0	 33.0	3.000	 2.0	 0.0
1	2010	320	21680.0	 24.0	 35.0	3.000	 1.0	 0.0
1	2010	321	19954.0	 23.0	 34.0	3.000	 1.0	 0.0
1	2010	322	21296.0	 24.0	 34.0	3.000	 2.0	 0.0
1	2010	323	20918.0	 24.0	 34.0	3.000	 2.0	 0.0
1	2010	324	20824.0	 24.0	 35.0	3.000	 1.0	 0.0
1	2010	325	20471.0	 24.0	 35.0	2.000	 1.0	 0.0
1	2010	326	20418.0	 25.0	 35.0	2.000	 2.0	 0.0
1	2010	327	20278.0	 24.0	 34.0	2.000	 1.0	 0.0
1	2010	328	21782.0	 22.0	 35.0	2.000	 1.0	 0.0
1	2010	329	22064.0	 22.0	 35.0	2.000	 0.0	 0.0
1	2010	330	21779.0	 22.0	 35.0	2.000	 1.0	 0.0
1	2010	331	21020.0	 23.0	 35.0	2.000	 1.0	 0.0
1	2010	332	20336.0	 24.0	 35.0	2.000	 2.0	 0.0
1	2010	333	19340.0	 24.0	 35.0	2.000	 1.0	 0.0
1	2010	334	21494.0	 23.0	 35.0	2.000	 1.0	 0.0
1	2010	335	21710.0	 23.0	 35.0	2.000	 0.0	 0.0
1	2010	336	21579.0	 21.0	 35.0	2.000	 1.0	 0.0
1	2010	337	18586.0	 24.0	 34.0	2.000	 1.0	 0.0
1	2010	338	20828.0	 23.0	 35.0	2.000	 0.0	 0.0
1	2010	339	20905.0	 22.0	 35.0	2.000	 1.0	 0.0
1	2010	340	19457.0	 21.0	 34.0	2.000	 1.0	 0.0
1	2010	341	21107.0	 22.0	 35.0	2.000	 1.0	 0.0
1	2010	342	20755.0	 21.0	 34.0	2.000	 2.0	 0.0
1	2010	343	21712.0	 20.0	 34.0	1.000	 2.0	 0.0
1	2010	344	21988.0	 20.0	 34.0	1.000	 3.0	 0.0
1	2010	345	21866.0	 19.0	 33.0	1.000	 3.0	 0.0
1	2010	346	22174.0	 18.0	 33.0	1.000	 2.0	 0.0
1	2010	347	21604.0	 18.0	 34.0	1.000	 1.0	 0.0
1	2010	348	19818.0	 22.0	 34.0	2.000	 1.0	 0.0
1	2010	349	20918.0	 23.0	 36.0	1.000	 2.0	 0.0
1	2010	350	21400.0	 20.0	 35.0	1.000	 2.0	 0.0
1	2010	351	20907.0	 21.0	 37.0	1.000	 2.0	 0.0
1	2010	352	20945.0	 21.0	 36.0	2.000	 1.0	 0.0
1	2010	353	19950.0	 23.0	 35.0	2.000	 1.0	 0.0
1	2010	354	20697.0	 22.0	 36.0	2.000	 1.0	 0.0
1	2010	355	21435.0	 21.0	 35.0	1.000	 2.0	 0.0
1	2010	356	21566.0	 19.0	 34.0	1.000	 1.0	 0.0
1	2010	357	19199.0	 21.0	 34.0	2.000	 1.0	 0.0
1	2010	358	20641.0	 21.0	 34.0	2.000	 1.0	 0.0
1	2010	359	21415.0	 19.0	 34.0	2.000	 1.0	 0.0
1	2010	360	19496.0	 21.0	 34.0	2.000	 0.0	 0.0
1	2010	361	19915.0	 23.0	 35.0	2.000	 1.0	 0.0
1	2010	362	21040.0	 20.0	 35.0	1.000	 1.0	 0.0
1	2010	363	20641.0	 20.0	 34.0	1.000	 2.0	 0.0
1	2010	364	21102.0	 21.0	 34.0	1.000	 3.0	 0.0
1	2010	365	21200.0	 20.0	 33.0	1.000	 3.0	 0.0
