*---------------------------------------------------
* Station: Northern
* Year: 2015
* Origin: ERA5-Reanalysis
* Columns & units
* ===================
* 1. station number
* 2. year
* 3. Day of Year
* 4. Irradiance   (kJ路m-2路d-1)
* 5. Daily minimum temperature (degC)
* 6. Daily maximum temperature (degC)
* 7. Vapour pressure (kPa)
* 8. Mean wind speed (m路s-1)
* 9. Precipitation (mm路d-1)
** WCCDESCRIPTION=Northern
** WCCFORMAT=2
** WCCYEARNR=2015
*------------------------------------------------------------*
-0.97  9.36  160.00 -0.18  -0.55
1	2015	1	21425.0	 19.0	 34.0	1.000	 3.0	 0.0
1	2015	2	21278.0	 22.0	 35.0	1.000	 3.0	 0.0
1	2015	3	21504.0	 21.0	 35.0	1.000	 3.0	 0.0
1	2015	4	21758.0	 21.0	 34.0	1.000	 3.0	 0.0
1	2015	5	21929.0	 20.0	 33.0	1.000	 3.0	 0.0
1	2015	6	22068.0	 18.0	 33.0	1.000	 3.0	 0.0
1	2015	7	22138.0	 19.0	 33.0	1.000	 3.0	 0.0
1	2015	8	22012.0	 19.0	 34.0	1.000	 3.0	 0.0
1	2015	9	21881.0	 21.0	 35.0	1.000	 3.0	 0.0
1	2015	10	22261.0	 21.0	 33.0	1.000	 4.0	 0.0
1	2015	11	22470.0	 19.0	 33.0	1.000	 3.0	 0.0
1	2015	12	22591.0	 19.0	 33.0	1.000	 3.0	 0.0
1	2015	13	22576.0	 18.0	 32.0	1.000	 3.0	 0.0
1	2015	14	22619.0	 18.0	 34.0	1.000	 2.0	 0.0
1	2015	15	22301.0	 19.0	 35.0	1.000	 3.0	 0.0
1	2015	16	22084.0	 21.0	 36.0	1.000	 2.0	 0.0
1	2015	17	22217.0	 22.0	 36.0	1.000	 2.0	 0.0
1	2015	18	22389.0	 21.0	 36.0	1.000	 2.0	 0.0
1	2015	19	22607.0	 19.0	 36.0	1.000	 2.0	 0.0
1	2015	20	22564.0	 19.0	 36.0	1.000	 1.0	 0.0
1	2015	21	21201.0	 22.0	 36.0	2.000	 1.0	 0.0
1	2015	22	20798.0	 25.0	 37.0	2.000	 0.0	 0.0
1	2015	23	22504.0	 22.0	 37.0	1.000	 2.0	 0.0
1	2015	24	22624.0	 22.0	 38.0	1.000	 2.0	 0.0
1	2015	25	22493.0	 21.0	 37.0	1.000	 1.0	 0.0
1	2015	26	21707.0	 23.0	 36.0	2.000	 1.0	 0.0
1	2015	27	22912.0	 21.0	 37.0	1.000	 3.0	 0.0
1	2015	28	23044.0	 20.0	 37.0	1.000	 3.0	 0.0
1	2015	29	23114.0	 21.0	 37.0	1.000	 3.0	 0.0
1	2015	30	23187.0	 20.0	 37.0	1.000	 2.0	 0.0
1	2015	31	22061.0	 23.0	 37.0	2.000	 0.0	 0.0
1	2015	32	21305.0	 25.0	 37.0	2.000	 0.0	 0.0
1	2015	33	22977.0	 23.0	 38.0	1.000	 1.0	 0.0
1	2015	34	22228.0	 24.0	 39.0	2.000	 1.0	 0.0
1	2015	35	21352.0	 26.0	 38.0	2.000	 2.0	 0.0
1	2015	36	20876.0	 27.0	 39.0	2.000	 2.0	 0.0
1	2015	37	21849.0	 27.0	 39.0	2.000	 2.0	 0.0
1	2015	38	21238.0	 28.0	 38.0	2.000	 1.0	 0.0
1	2015	39	21145.0	 26.0	 39.0	2.000	 2.0	 0.0
1	2015	40	21855.0	 27.0	 39.0	2.000	 2.0	 0.0
1	2015	41	21450.0	 28.0	 39.0	2.000	 3.0	 0.0
1	2015	42	20740.0	 28.0	 38.0	2.000	 3.0	 0.0
1	2015	43	16400.0	 26.0	 36.0	2.000	 1.0	 0.0
1	2015	44	21766.0	 26.0	 38.0	2.000	 1.0	 0.0
1	2015	45	22267.0	 27.0	 38.0	2.000	 2.0	 0.0
1	2015	46	20856.0	 27.0	 38.0	2.000	 2.0	 0.0
1	2015	47	20786.0	 27.0	 38.0	2.000	 2.0	 0.0
1	2015	48	22279.0	 27.0	 38.0	2.000	 1.0	 0.0
1	2015	49	22900.0	 25.0	 38.0	2.000	 1.0	 0.0
1	2015	50	19974.0	 27.0	 37.0	2.000	 3.0	 0.0
1	2015	51	14824.0	 25.0	 34.0	3.000	 2.0	 9.0
1	2015	52	18873.0	 24.0	 33.0	3.000	 1.0	19.0
1	2015	53	20494.0	 23.0	 32.0	2.000	 1.0	 6.0
1	2015	54	21885.0	 23.0	 33.0	2.000	 2.0	 0.0
1	2015	55	24165.0	 21.0	 35.0	1.000	 2.0	 0.0
1	2015	56	24669.0	 20.0	 36.0	1.000	 1.0	 0.0
1	2015	57	25123.0	 21.0	 36.0	1.000	 1.0	 0.0
1	2015	58	25372.0	 20.0	 36.0	1.000	 3.0	 0.0
1	2015	59	25201.0	 19.0	 37.0	1.000	 3.0	 0.0
1	2015	60	25031.0	 22.0	 38.0	1.000	 3.0	 0.0
1	2015	61	25668.0	 22.0	 38.0	1.000	 3.0	 0.0
1	2015	62	25627.0	 21.0	 38.0	1.000	 2.0	 0.0
1	2015	63	24836.0	 21.0	 37.0	2.000	 1.0	 0.0
1	2015	64	23338.0	 25.0	 38.0	2.000	 0.0	 0.0
1	2015	65	24535.0	 24.0	 39.0	2.000	 1.0	 0.0
1	2015	66	25089.0	 23.0	 39.0	2.000	 1.0	 0.0
1	2015	67	24985.0	 24.0	 39.0	2.000	 1.0	 0.0
1	2015	68	24965.0	 25.0	 39.0	2.000	 1.0	 0.0
1	2015	69	23482.0	 25.0	 39.0	2.000	 1.0	 0.0
1	2015	70	23928.0	 27.0	 39.0	2.000	 2.0	 0.0
1	2015	71	24061.0	 28.0	 40.0	2.000	 2.0	 1.0
1	2015	72	21868.0	 27.0	 36.0	3.000	 2.0	 3.0
1	2015	73	24511.0	 25.0	 38.0	2.000	 1.0	 0.0
1	2015	74	22773.0	 27.0	 39.0	2.000	 1.0	 0.0
1	2015	75	22843.0	 29.0	 39.0	2.000	 3.0	 0.0
1	2015	76	21036.0	 28.0	 39.0	2.000	 3.0	 2.0
1	2015	77	9259.0	 24.0	 31.0	3.000	 3.0	22.0
1	2015	78	22819.0	 25.0	 36.0	3.000	 1.0	 0.0
1	2015	79	21596.0	 26.0	 36.0	2.000	 1.0	 0.0
1	2015	80	23362.0	 26.0	 36.0	3.000	 3.0	 1.0
1	2015	81	23331.0	 25.0	 37.0	3.000	 3.0	 0.0
1	2015	82	21773.0	 27.0	 37.0	3.000	 3.0	 0.0
1	2015	83	23051.0	 26.0	 37.0	3.000	 3.0	 6.0
1	2015	84	15937.0	 24.0	 33.0	3.000	 2.0	 2.0
1	2015	85	22912.0	 25.0	 36.0	3.000	 2.0	 3.0
1	2015	86	23595.0	 25.0	 36.0	3.000	 1.0	 0.0
1	2015	87	24040.0	 26.0	 38.0	2.000	 2.0	 0.0
1	2015	88	26416.0	 24.0	 38.0	2.000	 2.0	 0.0
1	2015	89	25800.0	 24.0	 38.0	2.000	 2.0	 0.0
1	2015	90	24222.0	 25.0	 38.0	2.000	 2.0	 0.0
1	2015	91	21320.0	 25.0	 37.0	3.000	 2.0	 4.0
1	2015	92	22100.0	 26.0	 38.0	2.000	 2.0	 0.0
1	2015	93	25368.0	 25.0	 39.0	2.000	 1.0	 0.0
1	2015	94	23642.0	 27.0	 39.0	2.000	 2.0	 1.0
1	2015	95	19238.0	 27.0	 37.0	3.000	 3.0	 3.0
1	2015	96	20692.0	 24.0	 36.0	3.000	 3.0	 4.0
1	2015	97	21855.0	 27.0	 39.0	3.000	 2.0	 2.0
1	2015	98	20213.0	 25.0	 37.0	3.000	 3.0	 0.0
1	2015	99	25371.0	 26.0	 39.0	3.000	 3.0	 0.0
1	2015	100	24408.0	 27.0	 39.0	3.000	 3.0	 0.0
1	2015	101	23805.0	 27.0	 38.0	3.000	 3.0	 3.0
1	2015	102	20926.0	 26.0	 37.0	3.000	 3.0	 0.0
1	2015	103	24198.0	 26.0	 38.0	2.000	 1.0	 0.0
1	2015	104	27804.0	 23.0	 39.0	2.000	 1.0	 0.0
1	2015	105	27881.0	 22.0	 39.0	1.000	 0.0	 0.0
1	2015	106	27085.0	 24.0	 39.0	2.000	 1.0	 0.0
1	2015	107	26994.0	 25.0	 39.0	2.000	 1.0	 0.0
1	2015	108	23907.0	 27.0	 38.0	2.000	 2.0	 0.0
1	2015	109	24602.0	 27.0	 39.0	2.000	 2.0	 0.0
1	2015	110	24882.0	 27.0	 39.0	2.000	 3.0	 0.0
1	2015	111	24500.0	 28.0	 39.0	3.000	 3.0	 0.0
1	2015	112	25704.0	 28.0	 40.0	2.000	 3.0	 0.0
1	2015	113	25631.0	 27.0	 40.0	2.000	 2.0	 0.0
1	2015	114	25710.0	 27.0	 40.0	2.000	 3.0	 0.0
1	2015	115	25398.0	 27.0	 39.0	3.000	 3.0	 0.0
1	2015	116	24549.0	 29.0	 39.0	3.000	 3.0	 0.0
1	2015	117	24590.0	 27.0	 38.0	2.000	 2.0	 0.0
1	2015	118	25129.0	 27.0	 39.0	2.000	 3.0	 0.0
1	2015	119	24876.0	 27.0	 38.0	2.000	 3.0	 0.0
1	2015	120	24786.0	 28.0	 39.0	3.000	 3.0	 0.0
1	2015	121	25774.0	 28.0	 40.0	2.000	 4.0	 0.0
1	2015	122	24398.0	 27.0	 39.0	3.000	 3.0	 0.0
1	2015	123	24908.0	 27.0	 39.0	3.000	 3.0	 2.0
1	2015	124	17120.0	 25.0	 34.0	3.000	 3.0	 6.0
1	2015	125	21513.0	 26.0	 34.0	3.000	 3.0	 1.0
1	2015	126	24181.0	 25.0	 37.0	3.000	 3.0	 0.0
1	2015	127	26043.0	 27.0	 39.0	3.000	 3.0	 0.0
1	2015	128	24199.0	 27.0	 37.0	3.000	 4.0	 0.0
1	2015	129	23457.0	 28.0	 37.0	3.000	 3.0	 0.0
1	2015	130	23500.0	 28.0	 36.0	3.000	 3.0	 1.0
1	2015	131	23855.0	 26.0	 36.0	3.000	 2.0	 0.0
1	2015	132	24013.0	 27.0	 38.0	3.000	 2.0	12.0
1	2015	133	24682.0	 25.0	 36.0	3.000	 2.0	 2.0
1	2015	134	25124.0	 26.0	 37.0	3.000	 3.0	 0.0
1	2015	135	21843.0	 26.0	 35.0	3.000	 2.0	 0.0
1	2015	136	15262.0	 25.0	 35.0	3.000	 1.0	 2.0
1	2015	137	20802.0	 27.0	 36.0	3.000	 3.0	 0.0
1	2015	138	23420.0	 26.0	 37.0	3.000	 3.0	 0.0
1	2015	139	20232.0	 26.0	 36.0	3.000	 3.0	 0.0
1	2015	140	22856.0	 27.0	 38.0	3.000	 2.0	 1.0
1	2015	141	21891.0	 26.0	 37.0	3.000	 3.0	 1.0
1	2015	142	23296.0	 27.0	 37.0	3.000	 3.0	 2.0
1	2015	143	16180.0	 26.0	 34.0	3.000	 4.0	 1.0
1	2015	144	21249.0	 25.0	 36.0	3.000	 4.0	 0.0
1	2015	145	24286.0	 26.0	 38.0	3.000	 2.0	 0.0
1	2015	146	22152.0	 27.0	 38.0	3.000	 3.0	 1.0
1	2015	147	11575.0	 26.0	 32.0	3.000	 4.0	 0.0
1	2015	148	21627.0	 25.0	 36.0	3.000	 3.0	 0.0
1	2015	149	23172.0	 25.0	 37.0	3.000	 3.0	 0.0
1	2015	150	22028.0	 26.0	 37.0	3.000	 3.0	 0.0
1	2015	151	20562.0	 27.0	 36.0	3.000	 4.0	 0.0
1	2015	152	18223.0	 26.0	 36.0	3.000	 4.0	 1.0
1	2015	153	19459.0	 26.0	 35.0	3.000	 3.0	 1.0
1	2015	154	15784.0	 26.0	 35.0	3.000	 2.0	 0.0
1	2015	155	20939.0	 25.0	 34.0	3.000	 3.0	 0.0
1	2015	156	16356.0	 25.0	 34.0	3.000	 3.0	 2.0
1	2015	157	15994.0	 24.0	 33.0	3.000	 3.0	 0.0
1	2015	158	25023.0	 25.0	 37.0	3.000	 3.0	 0.0
1	2015	159	21886.0	 26.0	 36.0	3.000	 4.0	 0.0
1	2015	160	16397.0	 25.0	 34.0	3.000	 3.0	13.0
1	2015	161	19081.0	 24.0	 32.0	3.000	 2.0	 2.0
1	2015	162	18277.0	 24.0	 34.0	3.000	 2.0	 0.0
1	2015	163	20904.0	 25.0	 35.0	3.000	 3.0	 2.0
1	2015	164	16224.0	 24.0	 33.0	3.000	 3.0	 0.0
1	2015	165	13918.0	 24.0	 31.0	3.000	 3.0	 1.0
1	2015	166	17294.0	 24.0	 33.0	3.000	 3.0	 0.0
1	2015	167	16332.0	 25.0	 32.0	3.000	 3.0	 2.0
1	2015	168	18332.0	 25.0	 34.0	3.000	 3.0	 0.0
1	2015	169	15927.0	 25.0	 33.0	3.000	 3.0	 0.0
1	2015	170	17228.0	 24.0	 33.0	3.000	 3.0	 1.0
1	2015	171	20843.0	 25.0	 34.0	3.000	 3.0	 6.0
1	2015	172	15601.0	 24.0	 32.0	3.000	 3.0	 1.0
1	2015	173	15237.0	 24.0	 32.0	3.000	 3.0	 0.0
1	2015	174	16328.0	 25.0	 33.0	3.000	 4.0	 0.0
1	2015	175	21289.0	 25.0	 34.0	3.000	 3.0	 0.0
1	2015	176	14520.0	 25.0	 32.0	3.000	 3.0	 1.0
1	2015	177	19066.0	 25.0	 34.0	3.000	 3.0	 0.0
1	2015	178	21206.0	 25.0	 34.0	3.000	 3.0	 1.0
1	2015	179	20230.0	 24.0	 33.0	3.000	 3.0	 2.0
1	2015	180	19313.0	 25.0	 33.0	3.000	 3.0	 0.0
1	2015	181	18529.0	 25.0	 33.0	3.000	 3.0	 1.0
1	2015	182	19388.0	 25.0	 35.0	3.000	 2.0	 0.0
1	2015	183	22585.0	 25.0	 36.0	3.000	 3.0	17.0
1	2015	184	9743.0	 24.0	 28.0	3.000	 3.0	 4.0
1	2015	185	16233.0	 24.0	 30.0	3.000	 3.0	 2.0
1	2015	186	20757.0	 24.0	 32.0	3.000	 2.0	 1.0
1	2015	187	15771.0	 25.0	 31.0	3.000	 2.0	 2.0
1	2015	188	22791.0	 24.0	 33.0	3.000	 2.0	 0.0
1	2015	189	20329.0	 25.0	 33.0	3.000	 1.0	 4.0
1	2015	190	15474.0	 24.0	 31.0	3.000	 0.0	14.0
1	2015	191	16441.0	 24.0	 31.0	3.000	 0.0	12.0
1	2015	192	20419.0	 24.0	 31.0	3.000	 1.0	 1.0
1	2015	193	21485.0	 24.0	 32.0	3.000	 1.0	 4.0
1	2015	194	11276.0	 24.0	 31.0	3.000	 2.0	 0.0
1	2015	195	17650.0	 24.0	 32.0	3.000	 3.0	 0.0
1	2015	196	15843.0	 24.0	 31.0	3.000	 3.0	 1.0
1	2015	197	19208.0	 24.0	 31.0	3.000	 3.0	 1.0
1	2015	198	21078.0	 24.0	 32.0	3.000	 2.0	 1.0
1	2015	199	19720.0	 25.0	 32.0	3.000	 2.0	 2.0
1	2015	200	17677.0	 25.0	 32.0	3.000	 3.0	 1.0
1	2015	201	12622.0	 24.0	 31.0	3.000	 3.0	 3.0
1	2015	202	3038.0	 23.0	 25.0	3.000	 2.0	73.0
1	2015	203	19357.0	 22.0	 30.0	3.000	 3.0	 1.0
1	2015	204	18299.0	 23.0	 30.0	3.000	 2.0	 1.0
1	2015	205	18992.0	 23.0	 30.0	3.000	 2.0	 0.0
1	2015	206	18316.0	 23.0	 30.0	3.000	 2.0	 3.0
1	2015	207	19487.0	 23.0	 30.0	3.000	 2.0	 1.0
1	2015	208	19805.0	 23.0	 30.0	3.000	 2.0	 5.0
1	2015	209	7729.0	 23.0	 27.0	3.000	 2.0	10.0
1	2015	210	18535.0	 23.0	 29.0	3.000	 2.0	 1.0
1	2015	211	21827.0	 22.0	 31.0	3.000	 2.0	 1.0
1	2015	212	17325.0	 23.0	 30.0	3.000	 3.0	 1.0
1	2015	213	21141.0	 23.0	 30.0	3.000	 2.0	 1.0
1	2015	214	11994.0	 23.0	 29.0	3.000	 1.0	13.0
1	2015	215	12150.0	 23.0	 29.0	3.000	 2.0	 3.0
1	2015	216	19728.0	 23.0	 30.0	3.000	 2.0	 2.0
1	2015	217	16208.0	 23.0	 30.0	3.000	 2.0	 3.0
1	2015	218	16904.0	 24.0	 30.0	3.000	 1.0	 8.0
1	2015	219	14090.0	 23.0	 30.0	3.000	 2.0	11.0
1	2015	220	14546.0	 24.0	 29.0	3.000	 2.0	 6.0
1	2015	221	17733.0	 23.0	 30.0	3.000	 1.0	 3.0
1	2015	222	5944.0	 24.0	 26.0	3.000	 2.0	22.0
1	2015	223	15604.0	 23.0	 29.0	3.000	 3.0	 2.0
1	2015	224	21759.0	 23.0	 31.0	3.000	 2.0	 5.0
1	2015	225	11617.0	 24.0	 29.0	3.000	 1.0	 8.0
1	2015	226	21200.0	 23.0	 31.0	3.000	 2.0	 2.0
1	2015	227	15567.0	 24.0	 29.0	3.000	 3.0	 6.0
1	2015	228	16783.0	 23.0	 30.0	3.000	 2.0	 0.0
1	2015	229	19938.0	 24.0	 31.0	3.000	 1.0	 9.0
1	2015	230	7623.0	 23.0	 27.0	3.000	 2.0	 9.0
1	2015	231	19259.0	 23.0	 30.0	3.000	 1.0	 1.0
1	2015	232	12898.0	 23.0	 28.0	3.000	 1.0	11.0
1	2015	233	14225.0	 23.0	 29.0	3.000	 2.0	 5.0
1	2015	234	12027.0	 23.0	 29.0	3.000	 2.0	 3.0
1	2015	235	17701.0	 24.0	 31.0	3.000	 1.0	 0.0
1	2015	236	11068.0	 24.0	 30.0	3.000	 2.0	 1.0
1	2015	237	14658.0	 23.0	 29.0	3.000	 3.0	 1.0
1	2015	238	15197.0	 23.0	 29.0	3.000	 1.0	11.0
1	2015	239	16456.0	 23.0	 30.0	3.000	 1.0	 8.0
1	2015	240	16363.0	 23.0	 29.0	3.000	 2.0	 6.0
1	2015	241	11776.0	 23.0	 28.0	3.000	 2.0	 7.0
1	2015	242	16144.0	 23.0	 29.0	3.000	 2.0	 2.0
1	2015	243	21115.0	 23.0	 30.0	3.000	 2.0	 1.0
1	2015	244	15782.0	 24.0	 29.0	3.000	 2.0	24.0
1	2015	245	14177.0	 23.0	 28.0	3.000	 2.0	 2.0
1	2015	246	16443.0	 23.0	 29.0	3.000	 2.0	 2.0
1	2015	247	16146.0	 23.0	 29.0	3.000	 1.0	 4.0
1	2015	248	18080.0	 23.0	 30.0	3.000	 1.0	 2.0
1	2015	249	12751.0	 23.0	 27.0	3.000	 2.0	25.0
1	2015	250	17467.0	 23.0	 30.0	3.000	 2.0	 1.0
1	2015	251	15865.0	 23.0	 31.0	3.000	 0.0	 7.0
1	2015	252	19681.0	 23.0	 30.0	3.000	 2.0	 3.0
1	2015	253	20575.0	 24.0	 30.0	3.000	 2.0	 1.0
1	2015	254	22917.0	 23.0	 31.0	3.000	 0.0	 7.0
1	2015	255	18118.0	 23.0	 30.0	3.000	 1.0	 1.0
1	2015	256	19428.0	 24.0	 30.0	3.000	 2.0	 5.0
1	2015	257	18516.0	 23.0	 30.0	3.000	 1.0	 7.0
1	2015	258	19183.0	 24.0	 30.0	3.000	 2.0	10.0
1	2015	259	14781.0	 23.0	 29.0	3.000	 2.0	 4.0
1	2015	260	22267.0	 23.0	 31.0	3.000	 2.0	 6.0
1	2015	261	17127.0	 23.0	 30.0	3.000	 1.0	 7.0
1	2015	262	22195.0	 24.0	 30.0	3.000	 1.0	 2.0
1	2015	263	17477.0	 24.0	 30.0	3.000	 1.0	 4.0
1	2015	264	11933.0	 23.0	 28.0	3.000	 1.0	11.0
1	2015	265	20137.0	 23.0	 30.0	3.000	 2.0	 1.0
1	2015	266	19660.0	 23.0	 30.0	3.000	 2.0	 2.0
1	2015	267	21916.0	 24.0	 31.0	3.000	 1.0	 7.0
1	2015	268	14691.0	 23.0	 29.0	3.000	 1.0	13.0
1	2015	269	18262.0	 23.0	 30.0	3.000	 2.0	 2.0
1	2015	270	22925.0	 23.0	 31.0	3.000	 1.0	 1.0
1	2015	271	18847.0	 23.0	 30.0	3.000	 2.0	18.0
1	2015	272	15234.0	 23.0	 30.0	3.000	 1.0	 4.0
1	2015	273	18534.0	 24.0	 30.0	3.000	 2.0	 5.0
1	2015	274	15992.0	 23.0	 30.0	3.000	 1.0	 1.0
1	2015	275	21424.0	 24.0	 32.0	3.000	 1.0	 1.0
1	2015	276	11910.0	 23.0	 30.0	3.000	 2.0	 8.0
1	2015	277	21351.0	 23.0	 31.0	3.000	 1.0	 6.0
1	2015	278	14719.0	 23.0	 30.0	3.000	 1.0	12.0
1	2015	279	19077.0	 24.0	 31.0	3.000	 1.0	 4.0
1	2015	280	11980.0	 23.0	 29.0	3.000	 2.0	 9.0
1	2015	281	16979.0	 23.0	 30.0	3.000	 2.0	 1.0
1	2015	282	21320.0	 23.0	 31.0	3.000	 2.0	 5.0
1	2015	283	12838.0	 23.0	 29.0	3.000	 2.0	 1.0
1	2015	284	20345.0	 23.0	 31.0	3.000	 1.0	 6.0
1	2015	285	21165.0	 24.0	 31.0	3.000	 1.0	 7.0
1	2015	286	19938.0	 23.0	 31.0	3.000	 1.0	 2.0
1	2015	287	20683.0	 25.0	 31.0	3.000	 2.0	 0.0
1	2015	288	20187.0	 23.0	 31.0	3.000	 2.0	 0.0
1	2015	289	21637.0	 24.0	 32.0	3.000	 1.0	 0.0
1	2015	290	22646.0	 25.0	 32.0	3.000	 2.0	 1.0
1	2015	291	20871.0	 25.0	 32.0	3.000	 2.0	 0.0
1	2015	292	21334.0	 25.0	 32.0	3.000	 2.0	 4.0
1	2015	293	21086.0	 24.0	 32.0	3.000	 2.0	 1.0
1	2015	294	17902.0	 24.0	 31.0	3.000	 1.0	13.0
1	2015	295	15781.0	 24.0	 30.0	3.000	 2.0	 1.0
1	2015	296	19407.0	 24.0	 31.0	3.000	 2.0	 0.0
1	2015	297	22870.0	 24.0	 33.0	3.000	 2.0	 0.0
1	2015	298	19865.0	 24.0	 32.0	3.000	 2.0	 0.0
1	2015	299	21179.0	 24.0	 32.0	3.000	 2.0	 0.0
1	2015	300	21348.0	 24.0	 33.0	3.000	 2.0	 8.0
1	2015	301	17584.0	 24.0	 31.0	3.000	 2.0	 1.0
1	2015	302	20973.0	 24.0	 32.0	3.000	 1.0	 1.0
1	2015	303	20559.0	 24.0	 33.0	3.000	 1.0	 1.0
1	2015	304	13668.0	 24.0	 30.0	3.000	 1.0	16.0
1	2015	305	17665.0	 23.0	 30.0	3.000	 2.0	 7.0
1	2015	306	18822.0	 23.0	 31.0	3.000	 1.0	 1.0
1	2015	307	21473.0	 24.0	 33.0	3.000	 1.0	 0.0
1	2015	308	22289.0	 24.0	 33.0	3.000	 2.0	 0.0
1	2015	309	20657.0	 24.0	 33.0	3.000	 2.0	 0.0
1	2015	310	19505.0	 23.0	 32.0	3.000	 1.0	 0.0
1	2015	311	20883.0	 23.0	 33.0	3.000	 2.0	 0.0
1	2015	312	19954.0	 23.0	 32.0	3.000	 1.0	 0.0
1	2015	313	19465.0	 24.0	 33.0	3.000	 1.0	 0.0
1	2015	314	19571.0	 24.0	 34.0	3.000	 2.0	 0.0
1	2015	315	20383.0	 24.0	 34.0	3.000	 1.0	 0.0
1	2015	316	22582.0	 23.0	 36.0	2.000	 2.0	 0.0
1	2015	317	23003.0	 21.0	 35.0	2.000	 2.0	 0.0
1	2015	318	23450.0	 21.0	 36.0	1.000	 2.0	 0.0
1	2015	319	23301.0	 20.0	 35.0	2.000	 1.0	 0.0
1	2015	320	22988.0	 21.0	 36.0	2.000	 1.0	 0.0
1	2015	321	19740.0	 24.0	 34.0	2.000	 1.0	 0.0
1	2015	322	22372.0	 24.0	 36.0	2.000	 1.0	 0.0
1	2015	323	22729.0	 21.0	 36.0	1.000	 2.0	 0.0
1	2015	324	22404.0	 22.0	 36.0	2.000	 1.0	 0.0
1	2015	325	22018.0	 21.0	 36.0	2.000	 2.0	 0.0
1	2015	326	22567.0	 22.0	 36.0	1.000	 1.0	 0.0
1	2015	327	20953.0	 23.0	 36.0	2.000	 1.0	 0.0
1	2015	328	21047.0	 25.0	 37.0	2.000	 1.0	 0.0
1	2015	329	20671.0	 25.0	 37.0	2.000	 1.0	 0.0
1	2015	330	19804.0	 25.0	 36.0	2.000	 1.0	 0.0
1	2015	331	19116.0	 25.0	 36.0	2.000	 1.0	 0.0
1	2015	332	19952.0	 25.0	 36.0	2.000	 1.0	 0.0
1	2015	333	21495.0	 25.0	 37.0	2.000	 0.0	 0.0
1	2015	334	22289.0	 22.0	 37.0	1.000	 1.0	 0.0
1	2015	335	22523.0	 21.0	 37.0	1.000	 2.0	 0.0
1	2015	336	21352.0	 21.0	 36.0	2.000	 2.0	 0.0
1	2015	337	21556.0	 23.0	 35.0	1.000	 3.0	 0.0
1	2015	338	21754.0	 22.0	 35.0	1.000	 3.0	 0.0
1	2015	339	21987.0	 21.0	 35.0	1.000	 3.0	 0.0
1	2015	340	21670.0	 21.0	 35.0	1.000	 3.0	 0.0
1	2015	341	21576.0	 24.0	 35.0	1.000	 4.0	 0.0
1	2015	342	21580.0	 22.0	 35.0	1.000	 3.0	 0.0
1	2015	343	21686.0	 21.0	 34.0	1.000	 3.0	 0.0
1	2015	344	21779.0	 21.0	 35.0	1.000	 3.0	 0.0
1	2015	345	21688.0	 21.0	 36.0	1.000	 3.0	 0.0
1	2015	346	21706.0	 21.0	 35.0	1.000	 3.0	 0.0
1	2015	347	21890.0	 21.0	 34.0	1.000	 3.0	 0.0
1	2015	348	21677.0	 20.0	 34.0	1.000	 3.0	 0.0
1	2015	349	21732.0	 21.0	 35.0	1.000	 3.0	 0.0
1	2015	350	22228.0	 19.0	 34.0	1.000	 4.0	 0.0
1	2015	351	22165.0	 20.0	 34.0	1.000	 3.0	 0.0
1	2015	352	21841.0	 19.0	 33.0	1.000	 3.0	 0.0
1	2015	353	21631.0	 19.0	 33.0	1.000	 3.0	 0.0
1	2015	354	19185.0	 20.0	 33.0	1.000	 3.0	 0.0
1	2015	355	20831.0	 20.0	 34.0	1.000	 3.0	 0.0
1	2015	356	20764.0	 21.0	 35.0	1.000	 3.0	 0.0
1	2015	357	21460.0	 21.0	 35.0	1.000	 3.0	 0.0
1	2015	358	21630.0	 20.0	 35.0	1.000	 3.0	 0.0
1	2015	359	21535.0	 20.0	 34.0	1.000	 4.0	 0.0
1	2015	360	21353.0	 21.0	 34.0	1.000	 4.0	 0.0
1	2015	361	21500.0	 20.0	 35.0	1.000	 3.0	 0.0
1	2015	362	20996.0	 20.0	 35.0	1.000	 3.0	 0.0
1	2015	363	21109.0	 21.0	 36.0	1.000	 3.0	 0.0
1	2015	364	21735.0	 21.0	 36.0	1.000	 3.0	 0.0
1	2015	365	21662.0	 21.0	 35.0	1.000	 3.0	 0.0
