*---------------------------------------------------
* Station: Northern
* Year: 2011
* Origin: ERA5-Reanalysis
* Columns & units
* ===================
* 1. station number
* 2. year
* 3. Day of Year
* 4. Irradiance   (kJ路m-2路d-1)
* 5. Daily minimum temperature (degC)
* 6. Daily maximum temperature (degC)
* 7. Vapour pressure (kPa)
* 8. Mean wind speed (m路s-1)
* 9. Precipitation (mm路d-1)
** WCCDESCRIPTION=Northern
** WCCFORMAT=2
** WCCYEARNR=2011
*------------------------------------------------------------*
-0.97  9.36  160.00 -0.18  -0.55
1	2011	1	21202.0	 19.0	 33.0	1.000	 3.0	 0.0
1	2011	2	21347.0	 19.0	 33.0	1.000	 2.0	 0.0
1	2011	3	21295.0	 20.0	 34.0	1.000	 2.0	 0.0
1	2011	4	21295.0	 21.0	 35.0	1.000	 3.0	 0.0
1	2011	5	21335.0	 21.0	 35.0	1.000	 2.0	 0.0
1	2011	6	21381.0	 22.0	 35.0	1.000	 3.0	 0.0
1	2011	7	21457.0	 21.0	 35.0	1.000	 3.0	 0.0
1	2011	8	21859.0	 21.0	 34.0	1.000	 3.0	 0.0
1	2011	9	21759.0	 20.0	 33.0	1.000	 3.0	 0.0
1	2011	10	21807.0	 20.0	 34.0	1.000	 3.0	 0.0
1	2011	11	21870.0	 21.0	 34.0	1.000	 3.0	 0.0
1	2011	12	22106.0	 20.0	 34.0	1.000	 2.0	 0.0
1	2011	13	22121.0	 20.0	 34.0	1.000	 2.0	 0.0
1	2011	14	22088.0	 20.0	 35.0	1.000	 3.0	 0.0
1	2011	15	21767.0	 22.0	 35.0	1.000	 3.0	 0.0
1	2011	16	22057.0	 21.0	 34.0	1.000	 3.0	 0.0
1	2011	17	22058.0	 21.0	 33.0	1.000	 3.0	 0.0
1	2011	18	22459.0	 19.0	 33.0	1.000	 3.0	 0.0
1	2011	19	22464.0	 19.0	 34.0	1.000	 2.0	 0.0
1	2011	20	22486.0	 19.0	 34.0	1.000	 2.0	 0.0
1	2011	21	22147.0	 20.0	 35.0	1.000	 1.0	 0.0
1	2011	22	22129.0	 21.0	 36.0	1.000	 1.0	 0.0
1	2011	23	21896.0	 21.0	 36.0	1.000	 1.0	 0.0
1	2011	24	21678.0	 22.0	 37.0	1.000	 2.0	 0.0
1	2011	25	20538.0	 23.0	 36.0	2.000	 0.0	 0.0
1	2011	26	20860.0	 25.0	 37.0	2.000	 1.0	 0.0
1	2011	27	21160.0	 25.0	 37.0	2.000	 1.0	 0.0
1	2011	28	22097.0	 24.0	 38.0	2.000	 1.0	 0.0
1	2011	29	22299.0	 22.0	 37.0	2.000	 1.0	 0.0
1	2011	30	21829.0	 24.0	 37.0	2.000	 2.0	 0.0
1	2011	31	20319.0	 26.0	 37.0	2.000	 1.0	 0.0
1	2011	32	21032.0	 26.0	 38.0	2.000	 2.0	 0.0
1	2011	33	20911.0	 27.0	 38.0	3.000	 3.0	 1.0
1	2011	34	17155.0	 26.0	 34.0	2.000	 2.0	 1.0
1	2011	35	21572.0	 24.0	 35.0	1.000	 3.0	 0.0
1	2011	36	22481.0	 24.0	 35.0	0.000	 4.0	 0.0
1	2011	37	21376.0	 23.0	 36.0	0.000	 3.0	 0.0
1	2011	38	23083.0	 23.0	 37.0	1.000	 3.0	 0.0
1	2011	39	23308.0	 24.0	 37.0	1.000	 3.0	 0.0
1	2011	40	23260.0	 22.0	 38.0	1.000	 2.0	 0.0
1	2011	41	22631.0	 23.0	 38.0	1.000	 1.0	 0.0
1	2011	42	18288.0	 26.0	 37.0	2.000	 2.0	 0.0
1	2011	43	20186.0	 26.0	 38.0	2.000	 2.0	 0.0
1	2011	44	20930.0	 27.0	 38.0	2.000	 3.0	 0.0
1	2011	45	20625.0	 25.0	 36.0	2.000	 1.0	 5.0
1	2011	46	18981.0	 24.0	 37.0	1.000	 1.0	 0.0
1	2011	47	23598.0	 23.0	 38.0	1.000	 1.0	 0.0
1	2011	48	23694.0	 22.0	 38.0	1.000	 1.0	 0.0
1	2011	49	23196.0	 23.0	 38.0	1.000	 0.0	 0.0
1	2011	50	21013.0	 26.0	 38.0	2.000	 1.0	 0.0
1	2011	51	23321.0	 25.0	 41.0	1.000	 1.0	 0.0
1	2011	52	22616.0	 27.0	 39.0	2.000	 2.0	 1.0
1	2011	53	22833.0	 26.0	 39.0	2.000	 2.0	 0.0
1	2011	54	19825.0	 26.0	 37.0	2.000	 3.0	 0.0
1	2011	55	20568.0	 26.0	 37.0	2.000	 1.0	 0.0
1	2011	56	20615.0	 27.0	 38.0	2.000	 2.0	 2.0
1	2011	57	11805.0	 24.0	 34.0	2.000	 1.0	 1.0
1	2011	58	17686.0	 25.0	 36.0	2.000	 1.0	 3.0
1	2011	59	17972.0	 24.0	 36.0	2.000	 1.0	 1.0
1	2011	60	20840.0	 26.0	 38.0	2.000	 1.0	 0.0
1	2011	61	23976.0	 27.0	 39.0	2.000	 2.0	 1.0
1	2011	62	22255.0	 26.0	 38.0	2.000	 3.0	 4.0
1	2011	63	12791.0	 24.0	 35.0	2.000	 3.0	 2.0
1	2011	64	23191.0	 25.0	 37.0	3.000	 2.0	 0.0
1	2011	65	23115.0	 26.0	 38.0	2.000	 3.0	 0.0
1	2011	66	22833.0	 26.0	 38.0	3.000	 2.0	 0.0
1	2011	67	22098.0	 27.0	 39.0	2.000	 2.0	 0.0
1	2011	68	24252.0	 27.0	 39.0	2.000	 3.0	 0.0
1	2011	69	22277.0	 27.0	 38.0	3.000	 3.0	 0.0
1	2011	70	23103.0	 27.0	 38.0	2.000	 2.0	 0.0
1	2011	71	23339.0	 27.0	 39.0	2.000	 2.0	 0.0
1	2011	72	24050.0	 28.0	 40.0	2.000	 3.0	 0.0
1	2011	73	22345.0	 28.0	 39.0	2.000	 3.0	 0.0
1	2011	74	23543.0	 27.0	 38.0	2.000	 1.0	 0.0
1	2011	75	23435.0	 27.0	 39.0	2.000	 1.0	 0.0
1	2011	76	24366.0	 27.0	 39.0	2.000	 2.0	 0.0
1	2011	77	22089.0	 27.0	 38.0	2.000	 3.0	 0.0
1	2011	78	22164.0	 26.0	 38.0	2.000	 2.0	 0.0
1	2011	79	23341.0	 25.0	 38.0	2.000	 3.0	 0.0
1	2011	80	22744.0	 27.0	 38.0	2.000	 2.0	 0.0
1	2011	81	20895.0	 25.0	 37.0	3.000	 2.0	 0.0
1	2011	82	23776.0	 26.0	 38.0	2.000	 2.0	 1.0
1	2011	83	21165.0	 26.0	 38.0	2.000	 2.0	 0.0
1	2011	84	24607.0	 27.0	 39.0	2.000	 3.0	 0.0
1	2011	85	24743.0	 27.0	 39.0	2.000	 3.0	 0.0
1	2011	86	25355.0	 27.0	 40.0	2.000	 3.0	 0.0
1	2011	87	24282.0	 27.0	 39.0	2.000	 2.0	 0.0
1	2011	88	25836.0	 28.0	 40.0	2.000	 1.0	 0.0
1	2011	89	24843.0	 27.0	 39.0	2.000	 2.0	 0.0
1	2011	90	26229.0	 27.0	 40.0	2.000	 2.0	 0.0
1	2011	91	25533.0	 28.0	 40.0	2.000	 2.0	 0.0
1	2011	92	22909.0	 27.0	 38.0	2.000	 3.0	 0.0
1	2011	93	23148.0	 27.0	 38.0	2.000	 3.0	 4.0
1	2011	94	21116.0	 26.0	 36.0	3.000	 3.0	 4.0
1	2011	95	19229.0	 25.0	 36.0	2.000	 1.0	 0.0
1	2011	96	23662.0	 26.0	 40.0	2.000	 2.0	 0.0
1	2011	97	27011.0	 26.0	 41.0	1.000	 2.0	 0.0
1	2011	98	25799.0	 25.0	 39.0	2.000	 2.0	 0.0
1	2011	99	24494.0	 27.0	 39.0	2.000	 3.0	 2.0
1	2011	100	23776.0	 26.0	 38.0	3.000	 2.0	 1.0
1	2011	101	19391.0	 27.0	 36.0	3.000	 2.0	 1.0
1	2011	102	23017.0	 26.0	 39.0	3.000	 2.0	 1.0
1	2011	103	22805.0	 26.0	 38.0	3.000	 3.0	 1.0
1	2011	104	23322.0	 25.0	 38.0	2.000	 1.0	 0.0
1	2011	105	26057.0	 26.0	 39.0	2.000	 2.0	 0.0
1	2011	106	24091.0	 27.0	 39.0	2.000	 3.0	 0.0
1	2011	107	25363.0	 27.0	 40.0	3.000	 3.0	 0.0
1	2011	108	14293.0	 26.0	 35.0	3.000	 3.0	 0.0
1	2011	109	25116.0	 27.0	 39.0	2.000	 3.0	 0.0
1	2011	110	23224.0	 27.0	 38.0	3.000	 3.0	 0.0
1	2011	111	24803.0	 28.0	 40.0	3.000	 3.0	 0.0
1	2011	112	24492.0	 28.0	 39.0	3.000	 3.0	 0.0
1	2011	113	22568.0	 27.0	 39.0	3.000	 3.0	 2.0
1	2011	114	15280.0	 26.0	 32.0	3.000	 3.0	 8.0
1	2011	115	24001.0	 26.0	 37.0	3.000	 1.0	 1.0
1	2011	116	24672.0	 26.0	 38.0	3.000	 2.0	 2.0
1	2011	117	22961.0	 25.0	 37.0	3.000	 3.0	 0.0
1	2011	118	25359.0	 27.0	 39.0	3.000	 3.0	 0.0
1	2011	119	18700.0	 26.0	 35.0	3.000	 4.0	 0.0
1	2011	120	24297.0	 26.0	 38.0	3.000	 4.0	 1.0
1	2011	121	23213.0	 26.0	 37.0	3.000	 2.0	 2.0
1	2011	122	23521.0	 28.0	 38.0	3.000	 2.0	 2.0
1	2011	123	18064.0	 27.0	 35.0	3.000	 3.0	 0.0
1	2011	124	23617.0	 27.0	 39.0	3.000	 2.0	 0.0
1	2011	125	23029.0	 28.0	 38.0	3.000	 3.0	 0.0
1	2011	126	25145.0	 28.0	 40.0	3.000	 3.0	 2.0
1	2011	127	23271.0	 27.0	 38.0	3.000	 2.0	 1.0
1	2011	128	21226.0	 26.0	 36.0	3.000	 2.0	 6.0
1	2011	129	19112.0	 25.0	 36.0	3.000	 3.0	 3.0
1	2011	130	14393.0	 25.0	 34.0	3.000	 3.0	 0.0
1	2011	131	25254.0	 25.0	 37.0	3.000	 2.0	 2.0
1	2011	132	23909.0	 25.0	 36.0	3.000	 1.0	 0.0
1	2011	133	22241.0	 26.0	 36.0	3.000	 1.0	 4.0
1	2011	134	20492.0	 27.0	 35.0	3.000	 2.0	 1.0
1	2011	135	24716.0	 26.0	 37.0	3.000	 2.0	 0.0
1	2011	136	23557.0	 27.0	 38.0	3.000	 1.0	 0.0
1	2011	137	22579.0	 28.0	 38.0	3.000	 3.0	 0.0
1	2011	138	20419.0	 26.0	 37.0	3.000	 1.0	 0.0
1	2011	139	24305.0	 27.0	 38.0	3.000	 2.0	 0.0
1	2011	140	23690.0	 27.0	 38.0	3.000	 3.0	 0.0
1	2011	141	23659.0	 27.0	 37.0	3.000	 3.0	 3.0
1	2011	142	18603.0	 25.0	 35.0	3.000	 3.0	12.0
1	2011	143	14498.0	 25.0	 33.0	3.000	 3.0	 0.0
1	2011	144	22732.0	 25.0	 35.0	3.000	 2.0	 0.0
1	2011	145	23988.0	 26.0	 36.0	3.000	 3.0	 0.0
1	2011	146	16958.0	 26.0	 34.0	3.000	 3.0	 6.0
1	2011	147	16714.0	 25.0	 33.0	3.000	 3.0	 0.0
1	2011	148	15457.0	 25.0	 32.0	3.000	 3.0	 4.0
1	2011	149	21538.0	 25.0	 33.0	3.000	 2.0	 1.0
1	2011	150	21310.0	 25.0	 34.0	3.000	 2.0	 0.0
1	2011	151	24135.0	 25.0	 36.0	3.000	 2.0	 0.0
1	2011	152	22690.0	 26.0	 36.0	3.000	 2.0	 0.0
1	2011	153	23082.0	 25.0	 36.0	3.000	 3.0	 0.0
1	2011	154	21488.0	 26.0	 35.0	3.000	 2.0	 6.0
1	2011	155	22228.0	 25.0	 35.0	3.000	 2.0	 3.0
1	2011	156	20510.0	 24.0	 33.0	3.000	 2.0	 3.0
1	2011	157	23957.0	 25.0	 35.0	3.000	 2.0	 0.0
1	2011	158	22884.0	 26.0	 36.0	3.000	 2.0	 0.0
1	2011	159	17002.0	 25.0	 33.0	3.000	 3.0	 2.0
1	2011	160	11974.0	 24.0	 32.0	3.000	 2.0	 0.0
1	2011	161	22834.0	 24.0	 35.0	3.000	 3.0	 0.0
1	2011	162	20146.0	 24.0	 34.0	3.000	 3.0	 6.0
1	2011	163	19782.0	 24.0	 33.0	3.000	 3.0	 0.0
1	2011	164	16226.0	 24.0	 32.0	3.000	 2.0	 0.0
1	2011	165	22971.0	 25.0	 34.0	3.000	 2.0	 1.0
1	2011	166	22104.0	 25.0	 35.0	3.000	 2.0	15.0
1	2011	167	18043.0	 25.0	 32.0	3.000	 3.0	 2.0
1	2011	168	17117.0	 24.0	 32.0	3.000	 3.0	 2.0
1	2011	169	12796.0	 24.0	 31.0	3.000	 2.0	 2.0
1	2011	170	20849.0	 24.0	 33.0	3.000	 2.0	 1.0
1	2011	171	18621.0	 24.0	 32.0	3.000	 2.0	 0.0
1	2011	172	18638.0	 24.0	 32.0	3.000	 2.0	 5.0
1	2011	173	20065.0	 23.0	 32.0	3.000	 3.0	 2.0
1	2011	174	16672.0	 24.0	 32.0	3.000	 3.0	 0.0
1	2011	175	16544.0	 23.0	 31.0	3.000	 2.0	14.0
1	2011	176	19816.0	 23.0	 30.0	3.000	 2.0	 3.0
1	2011	177	22683.0	 24.0	 32.0	3.000	 2.0	 1.0
1	2011	178	17072.0	 24.0	 31.0	3.000	 3.0	 2.0
1	2011	179	19960.0	 24.0	 32.0	3.000	 3.0	 1.0
1	2011	180	21043.0	 24.0	 32.0	3.000	 2.0	 2.0
1	2011	181	13399.0	 24.0	 29.0	3.000	 2.0	 4.0
1	2011	182	18754.0	 23.0	 31.0	3.000	 2.0	 0.0
1	2011	183	17516.0	 24.0	 32.0	3.000	 2.0	 0.0
1	2011	184	22981.0	 24.0	 34.0	3.000	 2.0	10.0
1	2011	185	15433.0	 24.0	 30.0	3.000	 3.0	 0.0
1	2011	186	20718.0	 23.0	 31.0	3.000	 2.0	 1.0
1	2011	187	20014.0	 24.0	 32.0	3.000	 2.0	11.0
1	2011	188	17952.0	 23.0	 31.0	3.000	 2.0	 3.0
1	2011	189	20938.0	 24.0	 31.0	3.000	 3.0	 1.0
1	2011	190	19930.0	 24.0	 32.0	3.000	 3.0	16.0
1	2011	191	4435.0	 23.0	 25.0	3.000	 1.0	46.0
1	2011	192	14404.0	 22.0	 27.0	3.000	 2.0	 9.0
1	2011	193	18912.0	 22.0	 29.0	3.000	 2.0	 2.0
1	2011	194	20064.0	 23.0	 30.0	3.000	 2.0	 1.0
1	2011	195	16523.0	 22.0	 29.0	3.000	 2.0	23.0
1	2011	196	17246.0	 23.0	 29.0	3.000	 1.0	 2.0
1	2011	197	17098.0	 23.0	 29.0	3.000	 1.0	 2.0
1	2011	198	21621.0	 23.0	 30.0	3.000	 2.0	 1.0
1	2011	199	7736.0	 22.0	 26.0	3.000	 1.0	30.0
1	2011	200	15604.0	 21.0	 29.0	3.000	 2.0	 0.0
1	2011	201	22190.0	 22.0	 31.0	3.000	 2.0	 0.0
1	2011	202	11368.0	 23.0	 28.0	3.000	 3.0	11.0
1	2011	203	16053.0	 23.0	 29.0	3.000	 3.0	 0.0
1	2011	204	19694.0	 23.0	 29.0	3.000	 3.0	 3.0
1	2011	205	19890.0	 23.0	 30.0	3.000	 3.0	 1.0
1	2011	206	20056.0	 23.0	 29.0	3.000	 3.0	 1.0
1	2011	207	12735.0	 23.0	 28.0	3.000	 3.0	 1.0
1	2011	208	12970.0	 22.0	 28.0	3.000	 2.0	 3.0
1	2011	209	20672.0	 22.0	 30.0	3.000	 2.0	 0.0
1	2011	210	20421.0	 23.0	 31.0	3.000	 2.0	 2.0
1	2011	211	15720.0	 23.0	 29.0	3.000	 2.0	 3.0
1	2011	212	13436.0	 24.0	 29.0	3.000	 1.0	 2.0
1	2011	213	19590.0	 23.0	 31.0	3.000	 1.0	 8.0
1	2011	214	17432.0	 23.0	 31.0	3.000	 2.0	 4.0
1	2011	215	13736.0	 23.0	 30.0	3.000	 2.0	 1.0
1	2011	216	3552.0	 23.0	 25.0	3.000	 2.0	46.0
1	2011	217	15145.0	 23.0	 29.0	3.000	 3.0	 1.0
1	2011	218	17420.0	 23.0	 29.0	3.000	 2.0	13.0
1	2011	219	12180.0	 22.0	 28.0	3.000	 2.0	 4.0
1	2011	220	15003.0	 22.0	 29.0	3.000	 2.0	 9.0
1	2011	221	17087.0	 22.0	 29.0	3.000	 2.0	 1.0
1	2011	222	14639.0	 24.0	 29.0	3.000	 2.0	 0.0
1	2011	223	22375.0	 23.0	 30.0	3.000	 2.0	 3.0
1	2011	224	22688.0	 23.0	 31.0	3.000	 2.0	 4.0
1	2011	225	13651.0	 23.0	 28.0	3.000	 3.0	 6.0
1	2011	226	13587.0	 22.0	 27.0	3.000	 3.0	 4.0
1	2011	227	19116.0	 23.0	 29.0	3.000	 2.0	 4.0
1	2011	228	9989.0	 23.0	 28.0	3.000	 2.0	 8.0
1	2011	229	14002.0	 23.0	 28.0	3.000	 3.0	 2.0
1	2011	230	14558.0	 23.0	 28.0	3.000	 2.0	 7.0
1	2011	231	12668.0	 23.0	 28.0	3.000	 2.0	 3.0
1	2011	232	21172.0	 22.0	 29.0	3.000	 1.0	 1.0
1	2011	233	22558.0	 22.0	 30.0	3.000	 2.0	 1.0
1	2011	234	7141.0	 23.0	 26.0	3.000	 1.0	14.0
1	2011	235	16945.0	 23.0	 29.0	3.000	 2.0	 7.0
1	2011	236	16461.0	 22.0	 29.0	3.000	 1.0	 7.0
1	2011	237	17680.0	 23.0	 29.0	3.000	 1.0	 4.0
1	2011	238	11681.0	 23.0	 28.0	3.000	 2.0	11.0
1	2011	239	19136.0	 22.0	 29.0	3.000	 2.0	 7.0
1	2011	240	10260.0	 23.0	 27.0	3.000	 2.0	 7.0
1	2011	241	17900.0	 23.0	 29.0	3.000	 2.0	 2.0
1	2011	242	21346.0	 22.0	 30.0	3.000	 1.0	 7.0
1	2011	243	10902.0	 23.0	 28.0	3.000	 2.0	13.0
1	2011	244	18280.0	 22.0	 29.0	3.000	 2.0	 1.0
1	2011	245	22740.0	 22.0	 31.0	3.000	 1.0	 4.0
1	2011	246	13375.0	 23.0	 28.0	3.000	 3.0	 2.0
1	2011	247	19145.0	 22.0	 29.0	3.000	 2.0	 2.0
1	2011	248	12964.0	 23.0	 29.0	3.000	 2.0	 0.0
1	2011	249	22728.0	 22.0	 31.0	3.000	 1.0	 6.0
1	2011	250	19934.0	 23.0	 30.0	3.000	 2.0	 2.0
1	2011	251	20279.0	 24.0	 30.0	3.000	 2.0	 4.0
1	2011	252	16253.0	 23.0	 29.0	3.000	 2.0	 7.0
1	2011	253	15674.0	 23.0	 30.0	3.000	 1.0	19.0
1	2011	254	19213.0	 22.0	 30.0	3.000	 1.0	 1.0
1	2011	255	22940.0	 23.0	 31.0	3.000	 2.0	 2.0
1	2011	256	24036.0	 23.0	 31.0	3.000	 2.0	 1.0
1	2011	257	18693.0	 23.0	 29.0	3.000	 3.0	 1.0
1	2011	258	20518.0	 23.0	 30.0	3.000	 2.0	 1.0
1	2011	259	18373.0	 23.0	 30.0	3.000	 2.0	 1.0
1	2011	260	7823.0	 23.0	 26.0	3.000	 2.0	22.0
1	2011	261	17919.0	 22.0	 29.0	3.000	 2.0	 3.0
1	2011	262	15508.0	 23.0	 29.0	3.000	 1.0	 4.0
1	2011	263	21652.0	 23.0	 31.0	3.000	 0.0	 3.0
1	2011	264	21674.0	 23.0	 30.0	3.000	 2.0	 5.0
1	2011	265	12518.0	 23.0	 28.0	3.000	 1.0	 7.0
1	2011	266	22043.0	 22.0	 31.0	3.000	 1.0	 5.0
1	2011	267	17198.0	 23.0	 30.0	3.000	 2.0	13.0
1	2011	268	13462.0	 23.0	 29.0	3.000	 2.0	 0.0
1	2011	269	24636.0	 23.0	 31.0	3.000	 1.0	 2.0
1	2011	270	19340.0	 23.0	 30.0	3.000	 2.0	 2.0
1	2011	271	16111.0	 23.0	 29.0	3.000	 2.0	 2.0
1	2011	272	17341.0	 22.0	 29.0	3.000	 2.0	 1.0
1	2011	273	21022.0	 22.0	 30.0	3.000	 1.0	 7.0
1	2011	274	8624.0	 23.0	 28.0	3.000	 2.0	10.0
1	2011	275	18125.0	 22.0	 30.0	3.000	 2.0	 0.0
1	2011	276	21043.0	 23.0	 31.0	3.000	 2.0	 0.0
1	2011	277	20314.0	 24.0	 32.0	3.000	 2.0	 0.0
1	2011	278	20900.0	 24.0	 31.0	3.000	 2.0	 0.0
1	2011	279	21091.0	 24.0	 31.0	3.000	 2.0	 1.0
1	2011	280	13778.0	 23.0	 29.0	3.000	 1.0	15.0
1	2011	281	18865.0	 23.0	 30.0	3.000	 1.0	 8.0
1	2011	282	19244.0	 23.0	 31.0	3.000	 2.0	 3.0
1	2011	283	13717.0	 23.0	 29.0	3.000	 1.0	 2.0
1	2011	284	19949.0	 23.0	 30.0	3.000	 2.0	 1.0
1	2011	285	19194.0	 23.0	 30.0	3.000	 2.0	 4.0
1	2011	286	14821.0	 23.0	 29.0	3.000	 1.0	10.0
1	2011	287	19843.0	 23.0	 30.0	3.000	 2.0	 5.0
1	2011	288	17807.0	 23.0	 30.0	3.000	 1.0	 3.0
1	2011	289	17016.0	 23.0	 30.0	3.000	 2.0	 0.0
1	2011	290	20936.0	 23.0	 32.0	3.000	 1.0	 0.0
1	2011	291	22781.0	 24.0	 32.0	3.000	 2.0	 1.0
1	2011	292	18717.0	 23.0	 31.0	3.000	 2.0	 0.0
1	2011	293	21132.0	 24.0	 32.0	3.000	 2.0	 0.0
1	2011	294	16695.0	 24.0	 31.0	3.000	 2.0	 3.0
1	2011	295	17080.0	 23.0	 30.0	3.000	 2.0	 7.0
1	2011	296	18886.0	 23.0	 30.0	3.000	 1.0	 1.0
1	2011	297	21504.0	 23.0	 32.0	3.000	 1.0	 0.0
1	2011	298	18281.0	 23.0	 31.0	3.000	 3.0	 1.0
1	2011	299	16954.0	 23.0	 30.0	3.000	 2.0	 2.0
1	2011	300	17583.0	 23.0	 30.0	3.000	 2.0	 1.0
1	2011	301	19725.0	 23.0	 31.0	3.000	 2.0	 0.0
1	2011	302	23729.0	 22.0	 32.0	3.000	 2.0	 0.0
1	2011	303	23253.0	 23.0	 33.0	3.000	 2.0	 0.0
1	2011	304	23020.0	 23.0	 33.0	3.000	 2.0	 0.0
1	2011	305	21443.0	 23.0	 33.0	3.000	 2.0	 0.0
1	2011	306	22113.0	 23.0	 33.0	3.000	 1.0	 0.0
1	2011	307	23013.0	 23.0	 34.0	3.000	 2.0	 0.0
1	2011	308	22212.0	 23.0	 34.0	3.000	 2.0	 0.0
1	2011	309	21361.0	 24.0	 33.0	3.000	 2.0	 0.0
1	2011	310	21755.0	 23.0	 33.0	2.000	 2.0	 0.0
1	2011	311	21839.0	 24.0	 34.0	2.000	 2.0	 0.0
1	2011	312	22268.0	 24.0	 35.0	2.000	 2.0	 0.0
1	2011	313	22108.0	 25.0	 36.0	2.000	 2.0	 0.0
1	2011	314	21623.0	 24.0	 35.0	2.000	 1.0	 0.0
1	2011	315	19656.0	 25.0	 34.0	3.000	 2.0	 0.0
1	2011	316	20164.0	 24.0	 34.0	2.000	 1.0	 0.0
1	2011	317	21791.0	 24.0	 35.0	2.000	 1.0	 0.0
1	2011	318	21509.0	 23.0	 35.0	2.000	 1.0	 0.0
1	2011	319	21864.0	 22.0	 35.0	2.000	 1.0	 0.0
1	2011	320	21655.0	 22.0	 34.0	2.000	 1.0	 0.0
1	2011	321	22525.0	 22.0	 35.0	2.000	 1.0	 0.0
1	2011	322	22435.0	 22.0	 35.0	2.000	 1.0	 0.0
1	2011	323	20811.0	 25.0	 35.0	2.000	 2.0	 0.0
1	2011	324	21400.0	 25.0	 36.0	2.000	 2.0	 0.0
1	2011	325	21444.0	 25.0	 36.0	2.000	 1.0	 0.0
1	2011	326	20577.0	 25.0	 36.0	2.000	 1.0	 0.0
1	2011	327	21852.0	 23.0	 35.0	2.000	 1.0	 0.0
1	2011	328	21172.0	 24.0	 35.0	2.000	 2.0	 0.0
1	2011	329	18818.0	 25.0	 34.0	2.000	 1.0	 0.0
1	2011	330	20330.0	 24.0	 35.0	2.000	 1.0	 0.0
1	2011	331	21662.0	 24.0	 35.0	2.000	 1.0	 0.0
1	2011	332	21088.0	 25.0	 36.0	2.000	 1.0	 0.0
1	2011	333	21616.0	 23.0	 35.0	2.000	 1.0	 0.0
1	2011	334	22477.0	 21.0	 35.0	1.000	 2.0	 0.0
1	2011	335	22750.0	 19.0	 35.0	1.000	 2.0	 0.0
1	2011	336	22681.0	 19.0	 35.0	1.000	 3.0	 0.0
1	2011	337	22684.0	 18.0	 35.0	1.000	 3.0	 0.0
1	2011	338	22615.0	 18.0	 35.0	1.000	 2.0	 0.0
1	2011	339	22024.0	 18.0	 34.0	1.000	 1.0	 0.0
1	2011	340	21838.0	 20.0	 35.0	2.000	 2.0	 0.0
1	2011	341	21844.0	 21.0	 36.0	1.000	 2.0	 0.0
1	2011	342	21770.0	 20.0	 35.0	1.000	 2.0	 0.0
1	2011	343	22074.0	 19.0	 34.0	1.000	 3.0	 0.0
1	2011	344	22199.0	 18.0	 34.0	1.000	 2.0	 0.0
1	2011	345	22177.0	 19.0	 34.0	1.000	 3.0	 0.0
1	2011	346	21841.0	 19.0	 34.0	1.000	 3.0	 0.0
1	2011	347	21842.0	 20.0	 34.0	1.000	 3.0	 0.0
1	2011	348	22066.0	 19.0	 34.0	1.000	 3.0	 0.0
1	2011	349	21781.0	 20.0	 34.0	1.000	 3.0	 0.0
1	2011	350	21923.0	 19.0	 34.0	1.000	 3.0	 0.0
1	2011	351	21861.0	 20.0	 35.0	1.000	 3.0	 0.0
1	2011	352	21705.0	 19.0	 35.0	1.000	 2.0	 0.0
1	2011	353	21301.0	 20.0	 34.0	1.000	 2.0	 0.0
1	2011	354	20728.0	 23.0	 35.0	1.000	 2.0	 0.0
1	2011	355	20931.0	 21.0	 35.0	1.000	 2.0	 0.0
1	2011	356	21316.0	 20.0	 34.0	1.000	 3.0	 0.0
1	2011	357	21425.0	 19.0	 34.0	1.000	 3.0	 0.0
1	2011	358	21522.0	 20.0	 34.0	1.000	 3.0	 0.0
1	2011	359	21478.0	 20.0	 35.0	1.000	 3.0	 0.0
1	2011	360	20853.0	 20.0	 35.0	1.000	 2.0	 0.0
1	2011	361	21040.0	 22.0	 36.0	1.000	 3.0	 0.0
1	2011	362	21259.0	 22.0	 35.0	1.000	 3.0	 0.0
1	2011	363	20800.0	 21.0	 34.0	1.000	 3.0	 0.0
1	2011	364	21568.0	 21.0	 33.0	1.000	 3.0	 0.0
1	2011	365	21656.0	 20.0	 33.0	1.000	 3.0	 0.0
