*---------------------------------------------------
* Station: Northern
* Year: 2017
* Origin: ERA5-Reanalysis
* Columns & units
* ===================
* 1. station number
* 2. year
* 3. Day of Year
* 4. Irradiance   (kJ路m-2路d-1)
* 5. Daily minimum temperature (degC)
* 6. Daily maximum temperature (degC)
* 7. Vapour pressure (kPa)
* 8. Mean wind speed (m路s-1)
* 9. Precipitation (mm路d-1)
** WCCDESCRIPTION=Northern
** WCCFORMAT=2
** WCCYEARNR=2017
*------------------------------------------------------------*
-0.97  9.36  160.00 -0.18  -0.55
1	2017	1	21426.0	 22.0	 36.0	1.000	 3.0	 0.0
1	2017	2	21450.0	 22.0	 35.0	1.000	 3.0	 0.0
1	2017	3	21557.0	 22.0	 35.0	1.000	 3.0	 0.0
1	2017	4	21595.0	 22.0	 36.0	1.000	 3.0	 0.0
1	2017	5	21649.0	 22.0	 36.0	1.000	 3.0	 0.0
1	2017	6	21653.0	 22.0	 37.0	1.000	 3.0	 0.0
1	2017	7	21549.0	 23.0	 37.0	1.000	 3.0	 0.0
1	2017	8	20449.0	 22.0	 36.0	2.000	 1.0	 0.0
1	2017	9	21419.0	 23.0	 37.0	1.000	 3.0	 0.0
1	2017	10	21383.0	 22.0	 36.0	1.000	 2.0	 0.0
1	2017	11	22057.0	 21.0	 36.0	1.000	 1.0	 0.0
1	2017	12	21628.0	 21.0	 35.0	1.000	 2.0	 0.0
1	2017	13	21588.0	 21.0	 34.0	1.000	 3.0	 0.0
1	2017	14	20923.0	 21.0	 34.0	1.000	 3.0	 0.0
1	2017	15	21408.0	 21.0	 36.0	1.000	 3.0	 0.0
1	2017	16	21474.0	 22.0	 36.0	1.000	 2.0	 0.0
1	2017	17	22039.0	 22.0	 37.0	1.000	 2.0	 0.0
1	2017	18	22029.0	 20.0	 37.0	1.000	 1.0	 0.0
1	2017	19	19944.0	 23.0	 37.0	2.000	 0.0	 0.0
1	2017	20	21496.0	 24.0	 38.0	2.000	 1.0	 0.0
1	2017	21	21446.0	 23.0	 38.0	1.000	 1.0	 0.0
1	2017	22	21223.0	 25.0	 37.0	1.000	 1.0	 0.0
1	2017	23	20620.0	 23.0	 36.0	1.000	 2.0	 0.0
1	2017	24	22260.0	 22.0	 36.0	1.000	 2.0	 0.0
1	2017	25	22593.0	 20.0	 36.0	1.000	 2.0	 0.0
1	2017	26	22660.0	 22.0	 37.0	1.000	 2.0	 0.0
1	2017	27	22713.0	 21.0	 38.0	1.000	 2.0	 0.0
1	2017	28	22684.0	 23.0	 38.0	1.000	 3.0	 0.0
1	2017	29	22901.0	 23.0	 38.0	1.000	 3.0	 0.0
1	2017	30	23057.0	 21.0	 38.0	1.000	 2.0	 0.0
1	2017	31	22521.0	 22.0	 38.0	1.000	 2.0	 0.0
1	2017	32	20379.0	 26.0	 37.0	2.000	 2.0	 0.0
1	2017	33	19234.0	 26.0	 37.0	2.000	 1.0	 0.0
1	2017	34	21296.0	 28.0	 38.0	2.000	 1.0	 0.0
1	2017	35	22995.0	 23.0	 38.0	1.000	 2.0	 0.0
1	2017	36	22828.0	 23.0	 38.0	1.000	 3.0	 0.0
1	2017	37	23324.0	 22.0	 38.0	1.000	 3.0	 0.0
1	2017	38	23479.0	 23.0	 38.0	1.000	 3.0	 0.0
1	2017	39	23796.0	 22.0	 38.0	1.000	 3.0	 0.0
1	2017	40	23234.0	 21.0	 38.0	1.000	 2.0	 0.0
1	2017	41	23145.0	 22.0	 38.0	1.000	 2.0	 0.0
1	2017	42	22954.0	 24.0	 38.0	1.000	 1.0	 0.0
1	2017	43	22650.0	 26.0	 38.0	2.000	 1.0	 0.0
1	2017	44	22909.0	 26.0	 39.0	1.000	 2.0	 0.0
1	2017	45	23507.0	 23.0	 39.0	1.000	 2.0	 0.0
1	2017	46	23724.0	 24.0	 39.0	1.000	 3.0	 0.0
1	2017	47	22890.0	 24.0	 38.0	1.000	 3.0	 0.0
1	2017	48	24407.0	 22.0	 37.0	1.000	 3.0	 0.0
1	2017	49	24758.0	 23.0	 37.0	0.500	 3.0	 0.0
1	2017	50	25083.0	 22.0	 37.0	1.000	 3.0	 0.0
1	2017	51	24963.0	 21.0	 37.0	1.000	 1.0	 0.0
1	2017	52	24066.0	 23.0	 38.0	1.000	 1.0	 0.0
1	2017	53	23521.0	 24.0	 39.0	1.000	 2.0	 0.0
1	2017	54	22398.0	 24.0	 39.0	2.000	 1.0	 0.0
1	2017	55	22521.0	 28.0	 39.0	2.000	 1.0	 0.0
1	2017	56	21176.0	 28.0	 39.0	2.000	 1.0	 0.0
1	2017	57	23173.0	 28.0	 39.0	2.000	 2.0	 0.0
1	2017	58	21602.0	 27.0	 38.0	2.000	 1.0	 0.0
1	2017	59	23396.0	 27.0	 39.0	2.000	 0.0	 0.0
1	2017	60	24534.0	 26.0	 40.0	2.000	 1.0	 0.0
1	2017	61	22985.0	 28.0	 39.0	2.000	 2.0	 0.0
1	2017	62	22994.0	 28.0	 40.0	2.000	 1.0	 0.0
1	2017	63	24434.0	 28.0	 40.0	2.000	 1.0	 0.0
1	2017	64	24184.0	 28.0	 40.0	2.000	 1.0	 0.0
1	2017	65	23712.0	 28.0	 40.0	2.000	 1.0	 0.0
1	2017	66	24849.0	 26.0	 39.0	2.000	 1.0	 0.0
1	2017	67	26020.0	 24.0	 40.0	1.000	 1.0	 0.0
1	2017	68	25147.0	 24.0	 40.0	1.000	 0.0	 0.0
1	2017	69	22553.0	 27.0	 38.0	2.000	 2.0	 0.0
1	2017	70	24057.0	 28.0	 39.0	2.000	 1.0	 0.0
1	2017	71	23787.0	 27.0	 39.0	2.000	 1.0	 0.0
1	2017	72	25127.0	 27.0	 40.0	2.000	 2.0	 0.0
1	2017	73	24133.0	 28.0	 40.0	2.000	 3.0	 0.0
1	2017	74	24813.0	 27.0	 40.0	2.000	 1.0	 0.0
1	2017	75	25725.0	 27.0	 41.0	2.000	 0.0	 0.0
1	2017	76	25722.0	 27.0	 40.0	2.000	 2.0	 0.0
1	2017	77	24874.0	 28.0	 40.0	2.000	 3.0	 0.0
1	2017	78	22671.0	 29.0	 40.0	2.000	 3.0	 0.0
1	2017	79	21364.0	 26.0	 38.0	2.000	 2.0	 1.0
1	2017	80	23606.0	 28.0	 40.0	2.000	 1.0	 0.0
1	2017	81	22513.0	 29.0	 39.0	2.000	 3.0	 0.0
1	2017	82	19678.0	 28.0	 38.0	2.000	 3.0	 0.0
1	2017	83	20130.0	 26.0	 37.0	2.000	 2.0	 0.0
1	2017	84	23845.0	 28.0	 39.0	2.000	 2.0	 0.0
1	2017	85	23085.0	 29.0	 40.0	2.000	 2.0	 0.0
1	2017	86	23221.0	 29.0	 40.0	3.000	 2.0	 0.0
1	2017	87	24456.0	 29.0	 41.0	2.000	 2.0	 0.0
1	2017	88	25399.0	 29.0	 41.0	2.000	 1.0	 0.0
1	2017	89	25472.0	 29.0	 40.0	2.000	 2.0	 0.0
1	2017	90	22832.0	 27.0	 40.0	2.000	 2.0	 0.0
1	2017	91	25409.0	 28.0	 40.0	2.000	 3.0	 0.0
1	2017	92	23659.0	 28.0	 39.0	3.000	 3.0	 2.0
1	2017	93	11432.0	 24.0	 34.0	3.000	 1.0	12.0
1	2017	94	18861.0	 26.0	 36.0	3.000	 2.0	 0.0
1	2017	95	24928.0	 27.0	 38.0	3.000	 2.0	 0.0
1	2017	96	23002.0	 27.0	 38.0	2.000	 3.0	 0.0
1	2017	97	21101.0	 27.0	 36.0	3.000	 2.0	 2.0
1	2017	98	20439.0	 26.0	 35.0	3.000	 2.0	11.0
1	2017	99	21928.0	 25.0	 36.0	3.000	 2.0	 0.0
1	2017	100	24079.0	 26.0	 38.0	3.000	 2.0	 0.0
1	2017	101	26060.0	 27.0	 40.0	3.000	 2.0	 0.0
1	2017	102	24009.0	 28.0	 39.0	3.000	 3.0	 0.0
1	2017	103	26210.0	 29.0	 41.0	2.000	 2.0	 0.0
1	2017	104	21481.0	 28.0	 39.0	2.000	 3.0	 0.0
1	2017	105	24007.0	 27.0	 40.0	3.000	 2.0	 0.0
1	2017	106	24229.0	 28.0	 40.0	2.000	 4.0	 0.0
1	2017	107	23650.0	 28.0	 39.0	3.000	 3.0	 0.0
1	2017	108	23878.0	 29.0	 40.0	3.000	 2.0	 0.0
1	2017	109	24658.0	 28.0	 40.0	2.000	 2.0	 0.0
1	2017	110	24038.0	 26.0	 40.0	3.000	 3.0	 9.0
1	2017	111	19062.0	 26.0	 36.0	3.000	 4.0	 0.0
1	2017	112	25582.0	 26.0	 38.0	3.000	 3.0	 0.0
1	2017	113	25555.0	 28.0	 39.0	3.000	 2.0	 0.0
1	2017	114	23717.0	 26.0	 37.0	3.000	 2.0	 0.0
1	2017	115	23198.0	 27.0	 38.0	3.000	 2.0	 2.0
1	2017	116	12070.0	 25.0	 34.0	3.000	 3.0	 4.0
1	2017	117	25053.0	 27.0	 38.0	3.000	 3.0	 0.0
1	2017	118	24853.0	 27.0	 39.0	3.000	 3.0	 5.0
1	2017	119	22840.0	 26.0	 37.0	3.000	 3.0	 1.0
1	2017	120	24413.0	 27.0	 39.0	3.000	 3.0	 1.0
1	2017	121	23257.0	 28.0	 38.0	3.000	 2.0	 1.0
1	2017	122	24175.0	 27.0	 39.0	3.000	 3.0	 1.0
1	2017	123	20267.0	 26.0	 36.0	3.000	 1.0	 8.0
1	2017	124	18564.0	 25.0	 33.0	3.000	 2.0	20.0
1	2017	125	22536.0	 25.0	 34.0	3.000	 2.0	 0.0
1	2017	126	24805.0	 26.0	 36.0	3.000	 2.0	 0.0
1	2017	127	24484.0	 27.0	 37.0	3.000	 3.0	 0.0
1	2017	128	22101.0	 27.0	 37.0	3.000	 3.0	 0.0
1	2017	129	25755.0	 26.0	 38.0	3.000	 2.0	 0.0
1	2017	130	19219.0	 26.0	 35.0	3.000	 3.0	 3.0
1	2017	131	19276.0	 27.0	 34.0	3.000	 1.0	 1.0
1	2017	132	18395.0	 26.0	 35.0	3.000	 2.0	 1.0
1	2017	133	17553.0	 27.0	 35.0	3.000	 1.0	 1.0
1	2017	134	18188.0	 27.0	 34.0	3.000	 2.0	 2.0
1	2017	135	19391.0	 26.0	 35.0	3.000	 4.0	 0.0
1	2017	136	22704.0	 26.0	 36.0	3.000	 4.0	 0.0
1	2017	137	21691.0	 26.0	 36.0	3.000	 3.0	 0.0
1	2017	138	21347.0	 26.0	 36.0	3.000	 2.0	 1.0
1	2017	139	22004.0	 26.0	 36.0	3.000	 2.0	 1.0
1	2017	140	23381.0	 27.0	 37.0	3.000	 0.0	 7.0
1	2017	141	21613.0	 25.0	 35.0	3.000	 1.0	 5.0
1	2017	142	24757.0	 27.0	 37.0	3.000	 2.0	 1.0
1	2017	143	23737.0	 25.0	 36.0	3.000	 2.0	 1.0
1	2017	144	14649.0	 25.0	 33.0	3.000	 2.0	 2.0
1	2017	145	22035.0	 25.0	 35.0	3.000	 2.0	21.0
1	2017	146	11738.0	 24.0	 29.0	3.000	 1.0	 4.0
1	2017	147	20974.0	 24.0	 32.0	3.000	 2.0	 0.0
1	2017	148	22713.0	 25.0	 34.0	3.000	 2.0	 2.0
1	2017	149	24902.0	 25.0	 36.0	3.000	 3.0	 0.0
1	2017	150	18113.0	 25.0	 35.0	3.000	 3.0	10.0
1	2017	151	19806.0	 25.0	 33.0	3.000	 2.0	 3.0
1	2017	152	24025.0	 25.0	 34.0	3.000	 2.0	 0.0
1	2017	153	24283.0	 26.0	 35.0	3.000	 2.0	 0.0
1	2017	154	9169.0	 24.0	 30.0	3.000	 1.0	10.0
1	2017	155	16352.0	 24.0	 32.0	3.000	 2.0	 0.0
1	2017	156	20539.0	 25.0	 33.0	3.000	 2.0	 0.0
1	2017	157	14156.0	 25.0	 30.0	3.000	 2.0	 4.0
1	2017	158	18175.0	 24.0	 32.0	3.000	 2.0	 0.0
1	2017	159	23705.0	 25.0	 34.0	3.000	 1.0	 0.0
1	2017	160	23565.0	 26.0	 36.0	3.000	 2.0	 0.0
1	2017	161	16408.0	 25.0	 32.0	3.000	 3.0	20.0
1	2017	162	15575.0	 25.0	 32.0	3.000	 2.0	 4.0
1	2017	163	18485.0	 25.0	 32.0	3.000	 3.0	11.0
1	2017	164	18591.0	 24.0	 33.0	3.000	 4.0	 1.0
1	2017	165	19293.0	 25.0	 32.0	3.000	 2.0	 1.0
1	2017	166	14793.0	 24.0	 30.0	3.000	 2.0	 9.0
1	2017	167	20100.0	 24.0	 32.0	3.000	 2.0	 3.0
1	2017	168	10230.0	 24.0	 29.0	3.000	 2.0	 1.0
1	2017	169	19637.0	 24.0	 32.0	3.000	 2.0	 1.0
1	2017	170	23305.0	 24.0	 33.0	3.000	 3.0	 9.0
1	2017	171	13801.0	 24.0	 30.0	3.000	 3.0	32.0
1	2017	172	13228.0	 23.0	 29.0	3.000	 2.0	 6.0
1	2017	173	21082.0	 22.0	 32.0	3.000	 1.0	 0.0
1	2017	174	20387.0	 24.0	 32.0	3.000	 2.0	 5.0
1	2017	175	17940.0	 24.0	 31.0	3.000	 3.0	12.0
1	2017	176	12602.0	 23.0	 29.0	3.000	 1.0	13.0
1	2017	177	17071.0	 23.0	 30.0	3.000	 0.0	 9.0
1	2017	178	21638.0	 23.0	 31.0	3.000	 1.0	 1.0
1	2017	179	18426.0	 24.0	 31.0	3.000	 2.0	 1.0
1	2017	180	14230.0	 23.0	 29.0	3.000	 2.0	 2.0
1	2017	181	19130.0	 23.0	 30.0	3.000	 2.0	 1.0
1	2017	182	20983.0	 24.0	 31.0	3.000	 2.0	 1.0
1	2017	183	18158.0	 24.0	 31.0	3.000	 2.0	 1.0
1	2017	184	19568.0	 24.0	 31.0	3.000	 3.0	 1.0
1	2017	185	19881.0	 24.0	 31.0	3.000	 2.0	 3.0
1	2017	186	20939.0	 24.0	 31.0	3.000	 2.0	 6.0
1	2017	187	15730.0	 23.0	 30.0	3.000	 2.0	 5.0
1	2017	188	14361.0	 23.0	 30.0	3.000	 2.0	 7.0
1	2017	189	18253.0	 24.0	 31.0	3.000	 2.0	 1.0
1	2017	190	16493.0	 24.0	 30.0	3.000	 3.0	 3.0
1	2017	191	17374.0	 23.0	 30.0	3.000	 3.0	 2.0
1	2017	192	15171.0	 23.0	 29.0	3.000	 2.0	 1.0
1	2017	193	22016.0	 22.0	 31.0	3.000	 1.0	 0.0
1	2017	194	21907.0	 23.0	 32.0	3.000	 2.0	 1.0
1	2017	195	8557.0	 23.0	 27.0	3.000	 1.0	11.0
1	2017	196	15454.0	 23.0	 30.0	3.000	 2.0	 5.0
1	2017	197	16700.0	 23.0	 29.0	3.000	 2.0	 4.0
1	2017	198	20105.0	 23.0	 30.0	3.000	 2.0	 1.0
1	2017	199	17931.0	 24.0	 30.0	3.000	 2.0	 7.0
1	2017	200	17660.0	 24.0	 30.0	3.000	 2.0	 7.0
1	2017	201	18556.0	 23.0	 30.0	3.000	 2.0	 2.0
1	2017	202	22231.0	 24.0	 31.0	3.000	 2.0	 2.0
1	2017	203	20669.0	 23.0	 32.0	3.000	 1.0	 9.0
1	2017	204	9945.0	 23.0	 27.0	3.000	 2.0	14.0
1	2017	205	9705.0	 23.0	 27.0	3.000	 3.0	 9.0
1	2017	206	14542.0	 23.0	 29.0	3.000	 2.0	 4.0
1	2017	207	13718.0	 23.0	 29.0	3.000	 2.0	 2.0
1	2017	208	17003.0	 24.0	 30.0	3.000	 2.0	 1.0
1	2017	209	20933.0	 23.0	 31.0	3.000	 2.0	 6.0
1	2017	210	16433.0	 23.0	 29.0	3.000	 2.0	 8.0
1	2017	211	20660.0	 23.0	 31.0	3.000	 2.0	 4.0
1	2017	212	18132.0	 23.0	 30.0	3.000	 2.0	 6.0
1	2017	213	21268.0	 23.0	 31.0	3.000	 2.0	14.0
1	2017	214	16382.0	 23.0	 30.0	3.000	 2.0	 9.0
1	2017	215	10413.0	 23.0	 28.0	3.000	 3.0	 2.0
1	2017	216	17387.0	 23.0	 30.0	3.000	 2.0	 3.0
1	2017	217	16149.0	 23.0	 29.0	3.000	 2.0	16.0
1	2017	218	9912.0	 23.0	 28.0	3.000	 3.0	36.0
1	2017	219	20792.0	 23.0	 30.0	3.000	 2.0	 1.0
1	2017	220	15981.0	 23.0	 30.0	3.000	 1.0	 9.0
1	2017	221	17809.0	 22.0	 29.0	3.000	 2.0	 9.0
1	2017	222	20374.0	 23.0	 30.0	3.000	 2.0	 4.0
1	2017	223	15942.0	 23.0	 29.0	3.000	 1.0	 8.0
1	2017	224	20692.0	 22.0	 31.0	3.000	 1.0	 5.0
1	2017	225	18426.0	 24.0	 30.0	3.000	 2.0	 2.0
1	2017	226	18624.0	 24.0	 30.0	3.000	 2.0	 4.0
1	2017	227	10721.0	 23.0	 27.0	3.000	 2.0	29.0
1	2017	228	17167.0	 23.0	 31.0	3.000	 2.0	 0.0
1	2017	229	19426.0	 24.0	 30.0	3.000	 2.0	 5.0
1	2017	230	7726.0	 23.0	 26.0	3.000	 2.0	14.0
1	2017	231	17567.0	 23.0	 29.0	3.000	 2.0	 2.0
1	2017	232	20806.0	 23.0	 30.0	3.000	 2.0	 1.0
1	2017	233	18386.0	 23.0	 30.0	3.000	 2.0	 2.0
1	2017	234	14777.0	 23.0	 28.0	3.000	 2.0	 8.0
1	2017	235	18028.0	 23.0	 30.0	3.000	 1.0	 2.0
1	2017	236	21696.0	 23.0	 30.0	3.000	 1.0	 5.0
1	2017	237	18425.0	 23.0	 30.0	3.000	 1.0	 6.0
1	2017	238	19032.0	 23.0	 29.0	3.000	 1.0	11.0
1	2017	239	11348.0	 23.0	 28.0	3.000	 2.0	 8.0
1	2017	240	16056.0	 22.0	 30.0	3.000	 1.0	 1.0
1	2017	241	21121.0	 23.0	 31.0	3.000	 2.0	15.0
1	2017	242	9323.0	 23.0	 28.0	3.000	 3.0	 4.0
1	2017	243	15767.0	 23.0	 29.0	3.000	 3.0	 1.0
1	2017	244	16403.0	 24.0	 30.0	3.000	 2.0	 3.0
1	2017	245	14281.0	 23.0	 29.0	3.000	 2.0	 5.0
1	2017	246	16729.0	 23.0	 30.0	3.000	 2.0	 1.0
1	2017	247	18943.0	 22.0	 30.0	3.000	 2.0	 2.0
1	2017	248	23656.0	 23.0	 31.0	3.000	 1.0	 1.0
1	2017	249	20237.0	 23.0	 31.0	3.000	 1.0	 4.0
1	2017	250	10959.0	 23.0	 27.0	3.000	 2.0	16.0
1	2017	251	7005.0	 22.0	 27.0	3.000	 1.0	61.0
1	2017	252	17111.0	 22.0	 30.0	3.000	 1.0	 2.0
1	2017	253	22938.0	 23.0	 31.0	3.000	 1.0	 3.0
1	2017	254	18825.0	 24.0	 31.0	3.000	 2.0	 4.0
1	2017	255	15479.0	 22.0	 30.0	3.000	 2.0	 2.0
1	2017	256	16919.0	 23.0	 30.0	3.000	 2.0	 0.0
1	2017	257	19720.0	 23.0	 31.0	3.000	 2.0	 0.0
1	2017	258	22459.0	 23.0	 31.0	3.000	 3.0	 1.0
1	2017	259	13902.0	 24.0	 29.0	3.000	 2.0	 3.0
1	2017	260	10903.0	 23.0	 28.0	3.000	 2.0	 7.0
1	2017	261	20580.0	 23.0	 31.0	3.000	 1.0	 1.0
1	2017	262	21331.0	 24.0	 32.0	3.000	 2.0	 0.0
1	2017	263	18839.0	 25.0	 31.0	3.000	 2.0	 7.0
1	2017	264	16266.0	 24.0	 30.0	3.000	 1.0	 4.0
1	2017	265	3519.0	 23.0	 25.0	3.000	 2.0	22.0
1	2017	266	21638.0	 22.0	 30.0	3.000	 2.0	 4.0
1	2017	267	21928.0	 23.0	 31.0	3.000	 1.0	 3.0
1	2017	268	19828.0	 24.0	 31.0	3.000	 1.0	 3.0
1	2017	269	23708.0	 24.0	 31.0	3.000	 2.0	 3.0
1	2017	270	21732.0	 24.0	 31.0	3.000	 2.0	 1.0
1	2017	271	23071.0	 23.0	 31.0	3.000	 1.0	 3.0
1	2017	272	9726.0	 24.0	 29.0	3.000	 2.0	 1.0
1	2017	273	16255.0	 23.0	 30.0	3.000	 2.0	 0.0
1	2017	274	22400.0	 23.0	 31.0	3.000	 1.0	15.0
1	2017	275	20573.0	 23.0	 31.0	3.000	 1.0	 0.0
1	2017	276	20013.0	 23.0	 32.0	3.000	 1.0	 0.0
1	2017	277	18101.0	 23.0	 31.0	3.000	 2.0	 1.0
1	2017	278	13219.0	 24.0	 29.0	3.000	 1.0	 7.0
1	2017	279	18524.0	 23.0	 31.0	3.000	 2.0	 4.0
1	2017	280	21559.0	 24.0	 31.0	3.000	 2.0	 1.0
1	2017	281	17205.0	 23.0	 30.0	3.000	 2.0	 1.0
1	2017	282	20473.0	 23.0	 31.0	3.000	 1.0	 0.0
1	2017	283	22512.0	 24.0	 32.0	3.000	 2.0	 0.0
1	2017	284	20781.0	 24.0	 31.0	3.000	 2.0	 1.0
1	2017	285	20057.0	 23.0	 32.0	3.000	 2.0	 0.0
1	2017	286	22643.0	 24.0	 33.0	3.000	 2.0	 0.0
1	2017	287	21121.0	 24.0	 32.0	3.000	 2.0	 0.0
1	2017	288	22164.0	 23.0	 33.0	3.000	 2.0	 0.0
1	2017	289	23856.0	 24.0	 33.0	3.000	 1.0	 0.0
1	2017	290	22750.0	 23.0	 33.0	3.000	 1.0	 0.0
1	2017	291	24842.0	 23.0	 34.0	3.000	 1.0	 0.0
1	2017	292	24277.0	 24.0	 34.0	3.000	 2.0	 0.0
1	2017	293	23339.0	 24.0	 34.0	3.000	 2.0	 0.0
1	2017	294	22970.0	 25.0	 34.0	3.000	 2.0	 0.0
1	2017	295	22894.0	 25.0	 34.0	3.000	 2.0	 0.0
1	2017	296	20674.0	 25.0	 34.0	3.000	 2.0	 0.0
1	2017	297	16193.0	 25.0	 33.0	3.000	 2.0	 0.0
1	2017	298	21981.0	 25.0	 34.0	3.000	 2.0	 0.0
1	2017	299	22932.0	 25.0	 35.0	3.000	 1.0	 0.0
1	2017	300	23198.0	 25.0	 36.0	2.000	 1.0	 0.0
1	2017	301	22199.0	 22.0	 34.0	2.000	 1.0	 0.0
1	2017	302	21027.0	 25.0	 34.0	2.000	 1.0	 0.0
1	2017	303	23699.0	 24.0	 36.0	2.000	 1.0	 0.0
1	2017	304	21812.0	 25.0	 35.0	2.000	 1.0	 0.0
1	2017	305	22471.0	 25.0	 36.0	3.000	 1.0	 0.0
1	2017	306	22503.0	 25.0	 35.0	2.000	 2.0	 0.0
1	2017	307	22199.0	 25.0	 36.0	2.000	 1.0	 0.0
1	2017	308	21359.0	 26.0	 35.0	3.000	 3.0	 0.0
1	2017	309	20188.0	 25.0	 34.0	3.000	 2.0	 0.0
1	2017	310	19039.0	 25.0	 33.0	3.000	 2.0	 0.0
1	2017	311	22264.0	 24.0	 35.0	2.000	 1.0	 0.0
1	2017	312	22788.0	 24.0	 35.0	2.000	 0.0	 0.0
1	2017	313	21797.0	 24.0	 36.0	2.000	 2.0	 0.0
1	2017	314	21780.0	 24.0	 36.0	2.000	 0.0	 0.0
1	2017	315	23194.0	 23.0	 36.0	2.000	 0.0	 0.0
1	2017	316	22970.0	 22.0	 36.0	2.000	 1.0	 0.0
1	2017	317	21642.0	 24.0	 35.0	2.000	 1.0	 0.0
1	2017	318	21665.0	 25.0	 36.0	2.000	 0.0	 0.0
1	2017	319	21954.0	 25.0	 36.0	2.000	 1.0	 0.0
1	2017	320	20968.0	 27.0	 37.0	2.000	 1.0	 0.0
1	2017	321	21329.0	 25.0	 36.0	2.000	 1.0	 0.0
1	2017	322	21884.0	 26.0	 36.0	2.000	 1.0	 0.0
1	2017	323	20725.0	 26.0	 36.0	2.000	 2.0	 0.0
1	2017	324	18510.0	 25.0	 35.0	3.000	 2.0	 1.0
1	2017	325	18190.0	 26.0	 36.0	2.000	 1.0	 0.0
1	2017	326	20074.0	 25.0	 36.0	2.000	 1.0	 0.0
1	2017	327	20012.0	 25.0	 36.0	2.000	 2.0	 0.0
1	2017	328	20754.0	 25.0	 36.0	2.000	 1.0	 0.0
1	2017	329	21800.0	 24.0	 36.0	2.000	 1.0	 0.0
1	2017	330	22164.0	 24.0	 37.0	2.000	 1.0	 0.0
1	2017	331	22076.0	 21.0	 36.0	1.000	 2.0	 0.0
1	2017	332	22591.0	 21.0	 36.0	1.000	 2.0	 0.0
1	2017	333	22309.0	 21.0	 36.0	1.000	 2.0	 0.0
1	2017	334	21510.0	 22.0	 37.0	2.000	 1.0	 0.0
1	2017	335	21856.0	 22.0	 37.0	2.000	 2.0	 0.0
1	2017	336	21721.0	 21.0	 36.0	2.000	 1.0	 0.0
1	2017	337	21367.0	 22.0	 36.0	2.000	 1.0	 0.0
1	2017	338	21537.0	 23.0	 37.0	1.000	 1.0	 0.0
1	2017	339	20797.0	 22.0	 37.0	1.000	 1.0	 0.0
1	2017	340	21388.0	 22.0	 37.0	1.000	 1.0	 0.0
1	2017	341	20754.0	 22.0	 36.0	2.000	 1.0	 0.0
1	2017	342	20830.0	 24.0	 36.0	2.000	 1.0	 0.0
1	2017	343	20280.0	 24.0	 36.0	2.000	 1.0	 0.0
1	2017	344	21705.0	 22.0	 35.0	1.000	 3.0	 0.0
1	2017	345	21512.0	 21.0	 34.0	1.000	 3.0	 0.0
1	2017	346	16641.0	 23.0	 35.0	1.000	 2.0	 0.0
1	2017	347	20488.0	 23.0	 37.0	1.000	 2.0	 0.0
1	2017	348	20412.0	 24.0	 37.0	2.000	 1.0	 0.0
1	2017	349	19185.0	 25.0	 37.0	2.000	 1.0	 0.0
1	2017	350	20018.0	 25.0	 38.0	1.000	 2.0	 0.0
1	2017	351	20775.0	 23.0	 37.0	1.000	 1.0	 0.0
1	2017	352	20190.0	 24.0	 37.0	1.000	 0.0	 0.0
1	2017	353	18317.0	 26.0	 35.0	2.000	 2.0	 0.0
1	2017	354	18140.0	 25.0	 35.0	2.000	 1.0	 0.0
1	2017	355	18745.0	 25.0	 35.0	1.000	 2.0	 0.0
1	2017	356	20788.0	 23.0	 35.0	1.000	 3.0	 0.0
1	2017	357	21537.0	 21.0	 34.0	1.000	 3.0	 0.0
1	2017	358	21389.0	 21.0	 35.0	1.000	 3.0	 0.0
1	2017	359	21113.0	 23.0	 36.0	1.000	 3.0	 0.0
1	2017	360	21326.0	 22.0	 36.0	1.000	 3.0	 0.0
1	2017	361	21383.0	 22.0	 36.0	1.000	 3.0	 0.0
1	2017	362	21429.0	 22.0	 36.0	1.000	 3.0	 0.0
1	2017	363	21172.0	 22.0	 36.0	1.000	 2.0	 0.0
1	2017	364	21324.0	 23.0	 36.0	1.000	 3.0	 0.0
1	2017	365	21619.0	 22.0	 35.0	1.000	 3.0	 0.0
