*---------------------------------------------------
* Station: Northern
* Year: 2013
* Origin: ERA5-Reanalysis
* Columns & units
* ===================
* 1. station number
* 2. year
* 3. Day of Year
* 4. Irradiance   (kJ路m-2路d-1)
* 5. Daily minimum temperature (degC)
* 6. Daily maximum temperature (degC)
* 7. Vapour pressure (kPa)
* 8. Mean wind speed (m路s-1)
* 9. Precipitation (mm路d-1)
** WCCDESCRIPTION=Northern
** WCCFORMAT=2
** WCCYEARNR=2013
*------------------------------------------------------------*
-0.97  9.36  160.00 -0.18  -0.55
1	2013	1	21668.0	 21.0	 34.0	1.000	 4.0	 0.0
1	2013	2	21466.0	 21.0	 35.0	1.000	 3.0	 0.0
1	2013	3	20740.0	 22.0	 35.0	1.000	 3.0	 0.0
1	2013	4	21326.0	 22.0	 35.0	1.000	 3.0	 0.0
1	2013	5	21679.0	 21.0	 34.0	1.000	 3.0	 0.0
1	2013	6	21895.0	 20.0	 34.0	1.000	 3.0	 0.0
1	2013	7	21976.0	 20.0	 36.0	1.000	 2.0	 0.0
1	2013	8	21687.0	 21.0	 37.0	1.000	 3.0	 0.0
1	2013	9	21403.0	 23.0	 37.0	1.000	 3.0	 0.0
1	2013	10	21392.0	 23.0	 37.0	1.000	 3.0	 0.0
1	2013	11	21786.0	 23.0	 36.0	1.000	 3.0	 0.0
1	2013	12	21971.0	 22.0	 36.0	1.000	 3.0	 0.0
1	2013	13	22234.0	 22.0	 37.0	1.000	 3.0	 0.0
1	2013	14	22497.0	 20.0	 36.0	1.000	 2.0	 0.0
1	2013	15	21668.0	 22.0	 37.0	1.000	 2.0	 0.0
1	2013	16	21796.0	 23.0	 38.0	1.000	 3.0	 0.0
1	2013	17	22000.0	 24.0	 38.0	1.000	 3.0	 0.0
1	2013	18	22034.0	 23.0	 38.0	1.000	 2.0	 0.0
1	2013	19	22300.0	 21.0	 38.0	1.000	 1.0	 0.0
1	2013	20	22162.0	 22.0	 38.0	1.000	 1.0	 0.0
1	2013	21	22297.0	 23.0	 39.0	1.000	 2.0	 0.0
1	2013	22	20928.0	 23.0	 38.0	1.000	 1.0	 0.0
1	2013	23	18439.0	 26.0	 38.0	2.000	 1.0	 0.0
1	2013	24	21637.0	 25.0	 39.0	1.000	 0.0	 0.0
1	2013	25	21652.0	 25.0	 39.0	2.000	 1.0	 0.0
1	2013	26	21676.0	 23.0	 38.0	1.000	 2.0	 0.0
1	2013	27	20076.0	 23.0	 37.0	1.000	 3.0	 0.0
1	2013	28	22100.0	 25.0	 37.0	1.000	 5.0	 0.0
1	2013	29	21074.0	 25.0	 38.0	1.000	 3.0	 0.0
1	2013	30	22696.0	 24.0	 38.0	1.000	 3.0	 0.0
1	2013	31	22914.0	 23.0	 37.0	1.000	 4.0	 0.0
1	2013	32	23343.0	 22.0	 35.0	1.000	 4.0	 0.0
1	2013	33	23621.0	 20.0	 35.0	1.000	 3.0	 0.0
1	2013	34	23580.0	 20.0	 35.0	1.000	 2.0	 0.0
1	2013	35	22450.0	 23.0	 38.0	1.000	 3.0	 0.0
1	2013	36	23373.0	 23.0	 38.0	1.000	 3.0	 0.0
1	2013	37	23387.0	 23.0	 38.0	1.000	 3.0	 0.0
1	2013	38	23450.0	 23.0	 38.0	1.000	 3.0	 0.0
1	2013	39	23620.0	 24.0	 39.0	1.000	 2.0	 0.0
1	2013	40	23648.0	 23.0	 40.0	1.000	 2.0	 0.0
1	2013	41	23962.0	 23.0	 39.0	1.000	 2.0	 0.0
1	2013	42	23409.0	 22.0	 40.0	1.000	 3.0	 0.0
1	2013	43	24104.0	 22.0	 40.0	1.000	 3.0	 0.0
1	2013	44	23891.0	 22.0	 39.0	1.000	 3.0	 0.0
1	2013	45	24054.0	 22.0	 39.0	1.000	 2.0	 0.0
1	2013	46	24049.0	 21.0	 38.0	0.500	 2.0	 0.0
1	2013	47	24248.0	 21.0	 39.0	1.000	 1.0	 0.0
1	2013	48	23073.0	 22.0	 39.0	1.000	 0.0	 0.0
1	2013	49	23442.0	 23.0	 38.0	2.000	 2.0	 0.0
1	2013	50	22545.0	 26.0	 39.0	2.000	 2.0	 0.0
1	2013	51	21279.0	 27.0	 38.0	2.000	 3.0	 0.0
1	2013	52	16003.0	 25.0	 35.0	2.000	 2.0	 0.0
1	2013	53	20940.0	 27.0	 38.0	2.000	 0.0	 0.0
1	2013	54	24002.0	 24.0	 41.0	1.000	 1.0	 0.0
1	2013	55	22613.0	 26.0	 39.0	2.000	 2.0	 0.0
1	2013	56	19637.0	 28.0	 39.0	2.000	 3.0	 0.0
1	2013	57	23141.0	 27.0	 40.0	2.000	 2.0	 0.0
1	2013	58	22735.0	 28.0	 40.0	2.000	 3.0	 0.0
1	2013	59	23028.0	 28.0	 40.0	2.000	 2.0	 0.0
1	2013	60	22646.0	 27.0	 39.0	2.000	 2.0	 0.0
1	2013	61	21780.0	 28.0	 40.0	2.000	 2.0	 0.0
1	2013	62	22414.0	 28.0	 40.0	2.000	 2.0	 0.0
1	2013	63	20969.0	 27.0	 39.0	2.000	 3.0	 1.0
1	2013	64	20853.0	 26.0	 38.0	2.000	 3.0	 0.0
1	2013	65	24280.0	 27.0	 41.0	2.000	 2.0	 0.0
1	2013	66	23296.0	 28.0	 40.0	3.000	 3.0	 0.0
1	2013	67	23198.0	 28.0	 40.0	3.000	 3.0	 0.0
1	2013	68	22818.0	 29.0	 39.0	3.000	 3.0	 2.0
1	2013	69	20708.0	 27.0	 38.0	3.000	 3.0	 0.0
1	2013	70	22629.0	 28.0	 39.0	3.000	 2.0	 0.0
1	2013	71	16460.0	 25.0	 35.0	3.000	 2.0	11.0
1	2013	72	22840.0	 27.0	 37.0	3.000	 2.0	 1.0
1	2013	73	23400.0	 26.0	 37.0	3.000	 2.0	 0.0
1	2013	74	23516.0	 26.0	 38.0	3.000	 2.0	 0.0
1	2013	75	20491.0	 26.0	 38.0	2.000	 3.0	 0.0
1	2013	76	23582.0	 26.0	 39.0	3.000	 3.0	 1.0
1	2013	77	22257.0	 28.0	 38.0	3.000	 2.0	 1.0
1	2013	78	19226.0	 26.0	 37.0	3.000	 2.0	 0.0
1	2013	79	24612.0	 28.0	 40.0	2.000	 1.0	 0.0
1	2013	80	24358.0	 28.0	 40.0	3.000	 3.0	 1.0
1	2013	81	21526.0	 26.0	 38.0	3.000	 4.0	 0.0
1	2013	82	23498.0	 27.0	 39.0	2.000	 2.0	 1.0
1	2013	83	23664.0	 27.0	 37.0	3.000	 3.0	 0.0
1	2013	84	20833.0	 26.0	 37.0	3.000	 2.0	 9.0
1	2013	85	16668.0	 26.0	 34.0	3.000	 3.0	 0.0
1	2013	86	24205.0	 26.0	 36.0	3.000	 3.0	 1.0
1	2013	87	11056.0	 24.0	 33.0	3.000	 2.0	 3.0
1	2013	88	17694.0	 26.0	 35.0	3.000	 2.0	 0.0
1	2013	89	19361.0	 26.0	 36.0	3.000	 3.0	 0.0
1	2013	90	23683.0	 27.0	 38.0	3.000	 3.0	 0.0
1	2013	91	25183.0	 25.0	 38.0	3.000	 3.0	 0.0
1	2013	92	21917.0	 27.0	 36.0	3.000	 3.0	 2.0
1	2013	93	23700.0	 27.0	 38.0	3.000	 3.0	 0.0
1	2013	94	15822.0	 26.0	 34.0	3.000	 1.0	 5.0
1	2013	95	23433.0	 26.0	 37.0	3.000	 2.0	 4.0
1	2013	96	18097.0	 25.0	 35.0	3.000	 2.0	 1.0
1	2013	97	25692.0	 25.0	 37.0	3.000	 2.0	 0.0
1	2013	98	26028.0	 26.0	 38.0	3.000	 3.0	 0.0
1	2013	99	24527.0	 27.0	 37.0	3.000	 3.0	 0.0
1	2013	100	14305.0	 26.0	 35.0	3.000	 2.0	 1.0
1	2013	101	25462.0	 27.0	 38.0	3.000	 2.0	 0.0
1	2013	102	23428.0	 26.0	 39.0	3.000	 2.0	10.0
1	2013	103	19908.0	 25.0	 34.0	3.000	 3.0	 1.0
1	2013	104	25596.0	 25.0	 37.0	3.000	 2.0	 0.0
1	2013	105	22660.0	 27.0	 37.0	3.000	 3.0	 1.0
1	2013	106	22772.0	 27.0	 36.0	3.000	 3.0	 1.0
1	2013	107	23258.0	 25.0	 36.0	3.000	 3.0	 2.0
1	2013	108	21941.0	 26.0	 36.0	3.000	 3.0	 1.0
1	2013	109	23754.0	 25.0	 36.0	3.000	 3.0	 1.0
1	2013	110	21817.0	 26.0	 35.0	3.000	 2.0	 2.0
1	2013	111	23707.0	 26.0	 36.0	3.000	 2.0	 2.0
1	2013	112	22777.0	 26.0	 36.0	3.000	 2.0	 1.0
1	2013	113	23922.0	 25.0	 36.0	3.000	 3.0	 2.0
1	2013	114	25189.0	 26.0	 37.0	3.000	 3.0	 0.0
1	2013	115	25073.0	 27.0	 37.0	3.000	 2.0	 0.0
1	2013	116	18224.0	 24.0	 34.0	3.000	 2.0	12.0
1	2013	117	23633.0	 26.0	 35.0	3.000	 2.0	 0.0
1	2013	118	23966.0	 26.0	 37.0	3.000	 1.0	 2.0
1	2013	119	23023.0	 26.0	 36.0	3.000	 3.0	 0.0
1	2013	120	24100.0	 26.0	 36.0	3.000	 3.0	 1.0
1	2013	121	12544.0	 27.0	 31.0	3.000	 2.0	 6.0
1	2013	122	25811.0	 25.0	 36.0	3.000	 2.0	 0.0
1	2013	123	25359.0	 26.0	 38.0	3.000	 2.0	 0.0
1	2013	124	22559.0	 26.0	 36.0	3.000	 2.0	 5.0
1	2013	125	21211.0	 25.0	 36.0	3.000	 2.0	 2.0
1	2013	126	24447.0	 25.0	 36.0	3.000	 3.0	 2.0
1	2013	127	23540.0	 25.0	 36.0	3.000	 3.0	 0.0
1	2013	128	20611.0	 25.0	 36.0	3.000	 3.0	 3.0
1	2013	129	16586.0	 25.0	 34.0	3.000	 3.0	 0.0
1	2013	130	18578.0	 26.0	 35.0	3.000	 3.0	 9.0
1	2013	131	19228.0	 24.0	 34.0	3.000	 3.0	 1.0
1	2013	132	20952.0	 24.0	 34.0	3.000	 3.0	 0.0
1	2013	133	24337.0	 26.0	 35.0	3.000	 3.0	 0.0
1	2013	134	20479.0	 25.0	 34.0	3.000	 1.0	 1.0
1	2013	135	21947.0	 26.0	 35.0	3.000	 2.0	 3.0
1	2013	136	22635.0	 25.0	 35.0	3.000	 2.0	 0.0
1	2013	137	22280.0	 26.0	 36.0	3.000	 2.0	 1.0
1	2013	138	17517.0	 25.0	 34.0	3.000	 2.0	 0.0
1	2013	139	14190.0	 25.0	 33.0	3.000	 3.0	 0.0
1	2013	140	24082.0	 26.0	 37.0	3.000	 3.0	 0.0
1	2013	141	23752.0	 26.0	 37.0	3.000	 3.0	 0.0
1	2013	142	22894.0	 26.0	 37.0	3.000	 3.0	 5.0
1	2013	143	12876.0	 25.0	 33.0	3.000	 2.0	 0.0
1	2013	144	25024.0	 26.0	 37.0	3.000	 2.0	 0.0
1	2013	145	23796.0	 26.0	 37.0	3.000	 3.0	 1.0
1	2013	146	16695.0	 25.0	 34.0	3.000	 3.0	24.0
1	2013	147	15939.0	 24.0	 31.0	3.000	 2.0	 4.0
1	2013	148	18186.0	 24.0	 32.0	3.000	 2.0	 0.0
1	2013	149	21385.0	 25.0	 33.0	3.000	 2.0	 0.0
1	2013	150	21390.0	 25.0	 33.0	3.000	 3.0	 1.0
1	2013	151	20498.0	 25.0	 34.0	3.000	 2.0	 0.0
1	2013	152	23900.0	 25.0	 35.0	3.000	 2.0	 1.0
1	2013	153	15647.0	 24.0	 32.0	3.000	 3.0	 0.0
1	2013	154	16475.0	 24.0	 33.0	3.000	 3.0	 0.0
1	2013	155	18775.0	 24.0	 34.0	3.000	 4.0	 0.0
1	2013	156	18431.0	 24.0	 34.0	3.000	 2.0	 3.0
1	2013	157	17717.0	 25.0	 32.0	3.000	 3.0	 4.0
1	2013	158	20025.0	 24.0	 34.0	3.000	 3.0	 0.0
1	2013	159	22086.0	 25.0	 35.0	3.000	 2.0	 4.0
1	2013	160	19187.0	 25.0	 33.0	3.000	 3.0	 0.0
1	2013	161	13188.0	 24.0	 32.0	3.000	 2.0	 0.0
1	2013	162	16081.0	 25.0	 33.0	3.000	 3.0	 0.0
1	2013	163	19463.0	 24.0	 34.0	3.000	 3.0	 0.0
1	2013	164	24389.0	 25.0	 36.0	3.000	 4.0	 0.0
1	2013	165	16683.0	 26.0	 34.0	3.000	 4.0	 0.0
1	2013	166	18340.0	 25.0	 34.0	3.000	 2.0	 0.0
1	2013	167	19547.0	 25.0	 34.0	3.000	 3.0	 0.0
1	2013	168	19951.0	 25.0	 34.0	3.000	 3.0	 0.0
1	2013	169	16502.0	 25.0	 32.0	3.000	 3.0	 0.0
1	2013	170	22049.0	 25.0	 34.0	3.000	 3.0	 0.0
1	2013	171	14342.0	 24.0	 32.0	3.000	 4.0	 2.0
1	2013	172	16814.0	 24.0	 33.0	3.000	 3.0	 1.0
1	2013	173	20823.0	 25.0	 33.0	3.000	 3.0	 0.0
1	2013	174	17563.0	 25.0	 32.0	3.000	 3.0	 0.0
1	2013	175	14463.0	 25.0	 32.0	3.000	 4.0	 0.0
1	2013	176	14836.0	 26.0	 31.0	3.000	 3.0	 0.0
1	2013	177	13271.0	 24.0	 31.0	3.000	 2.0	 0.0
1	2013	178	18134.0	 24.0	 33.0	3.000	 2.0	 3.0
1	2013	179	14791.0	 24.0	 29.0	3.000	 2.0	11.0
1	2013	180	17937.0	 23.0	 30.0	3.000	 2.0	10.0
1	2013	181	11929.0	 23.0	 28.0	3.000	 3.0	 8.0
1	2013	182	16971.0	 23.0	 30.0	3.000	 2.0	 0.0
1	2013	183	22328.0	 23.0	 31.0	3.000	 1.0	 2.0
1	2013	184	15609.0	 23.0	 30.0	3.000	 2.0	 2.0
1	2013	185	16514.0	 24.0	 31.0	3.000	 3.0	 0.0
1	2013	186	15005.0	 23.0	 30.0	3.000	 3.0	 1.0
1	2013	187	15376.0	 23.0	 29.0	3.000	 3.0	10.0
1	2013	188	16181.0	 23.0	 29.0	3.000	 2.0	 1.0
1	2013	189	10899.0	 23.0	 27.0	3.000	 3.0	 7.0
1	2013	190	15771.0	 22.0	 28.0	3.000	 2.0	 3.0
1	2013	191	18646.0	 22.0	 30.0	3.000	 2.0	 8.0
1	2013	192	15790.0	 23.0	 30.0	3.000	 1.0	10.0
1	2013	193	20539.0	 23.0	 30.0	3.000	 2.0	 5.0
1	2013	194	20707.0	 23.0	 30.0	3.000	 2.0	 5.0
1	2013	195	16527.0	 23.0	 30.0	3.000	 2.0	 2.0
1	2013	196	18264.0	 23.0	 29.0	3.000	 3.0	 3.0
1	2013	197	19534.0	 23.0	 30.0	3.000	 3.0	 1.0
1	2013	198	19761.0	 23.0	 30.0	3.000	 3.0	 2.0
1	2013	199	20472.0	 23.0	 30.0	3.000	 3.0	 0.0
1	2013	200	18804.0	 23.0	 30.0	3.000	 2.0	 4.0
1	2013	201	14330.0	 23.0	 27.0	3.000	 2.0	 4.0
1	2013	202	14328.0	 22.0	 29.0	3.000	 2.0	 2.0
1	2013	203	18368.0	 22.0	 30.0	3.000	 2.0	 2.0
1	2013	204	20769.0	 23.0	 31.0	3.000	 2.0	 1.0
1	2013	205	13795.0	 23.0	 28.0	3.000	 2.0	12.0
1	2013	206	10754.0	 23.0	 27.0	3.000	 3.0	 3.0
1	2013	207	16003.0	 22.0	 29.0	3.000	 3.0	 1.0
1	2013	208	16372.0	 23.0	 30.0	3.000	 2.0	 0.0
1	2013	209	20405.0	 23.0	 30.0	3.000	 3.0	 0.0
1	2013	210	16891.0	 24.0	 30.0	3.000	 3.0	 1.0
1	2013	211	15258.0	 24.0	 30.0	3.000	 2.0	 1.0
1	2013	212	21305.0	 22.0	 31.0	3.000	 2.0	 1.0
1	2013	213	18470.0	 24.0	 31.0	3.000	 3.0	 2.0
1	2013	214	18785.0	 23.0	 31.0	3.000	 3.0	 3.0
1	2013	215	15672.0	 23.0	 31.0	3.000	 2.0	 1.0
1	2013	216	16605.0	 24.0	 30.0	3.000	 2.0	 2.0
1	2013	217	16811.0	 24.0	 30.0	3.000	 3.0	 5.0
1	2013	218	16884.0	 23.0	 31.0	3.000	 3.0	 4.0
1	2013	219	17523.0	 23.0	 30.0	3.000	 3.0	13.0
1	2013	220	16384.0	 22.0	 29.0	3.000	 3.0	 3.0
1	2013	221	15274.0	 23.0	 28.0	3.000	 3.0	 1.0
1	2013	222	20403.0	 22.0	 30.0	3.000	 2.0	 1.0
1	2013	223	19905.0	 23.0	 31.0	3.000	 2.0	 1.0
1	2013	224	13907.0	 24.0	 29.0	3.000	 3.0	 2.0
1	2013	225	13664.0	 23.0	 30.0	3.000	 2.0	 1.0
1	2013	226	18471.0	 22.0	 31.0	3.000	 2.0	 1.0
1	2013	227	16275.0	 23.0	 31.0	3.000	 2.0	 7.0
1	2013	228	16192.0	 23.0	 30.0	3.000	 2.0	 4.0
1	2013	229	15451.0	 24.0	 29.0	3.000	 2.0	 2.0
1	2013	230	17342.0	 23.0	 29.0	3.000	 2.0	 2.0
1	2013	231	15934.0	 23.0	 30.0	3.000	 2.0	 3.0
1	2013	232	21003.0	 23.0	 31.0	3.000	 1.0	 2.0
1	2013	233	6876.0	 24.0	 27.0	3.000	 2.0	 7.0
1	2013	234	16950.0	 23.0	 30.0	3.000	 1.0	13.0
1	2013	235	12894.0	 22.0	 27.0	3.000	 1.0	18.0
1	2013	236	17061.0	 23.0	 29.0	3.000	 2.0	 4.0
1	2013	237	15922.0	 23.0	 29.0	3.000	 1.0	12.0
1	2013	238	11763.0	 22.0	 28.0	3.000	 1.0	13.0
1	2013	239	16859.0	 22.0	 29.0	3.000	 1.0	 3.0
1	2013	240	21982.0	 23.0	 30.0	3.000	 2.0	 4.0
1	2013	241	7537.0	 23.0	 27.0	3.000	 1.0	15.0
1	2013	242	11125.0	 22.0	 27.0	3.000	 2.0	10.0
1	2013	243	17536.0	 22.0	 29.0	3.000	 3.0	 1.0
1	2013	244	20602.0	 23.0	 30.0	3.000	 2.0	 1.0
1	2013	245	14938.0	 23.0	 29.0	3.000	 2.0	 3.0
1	2013	246	22184.0	 23.0	 30.0	3.000	 1.0	 2.0
1	2013	247	13158.0	 23.0	 28.0	3.000	 1.0	 8.0
1	2013	248	18018.0	 23.0	 29.0	3.000	 2.0	 7.0
1	2013	249	11711.0	 22.0	 27.0	3.000	 1.0	15.0
1	2013	250	15722.0	 22.0	 29.0	3.000	 1.0	 4.0
1	2013	251	21740.0	 22.0	 31.0	3.000	 1.0	 4.0
1	2013	252	14138.0	 23.0	 29.0	3.000	 2.0	 1.0
1	2013	253	21944.0	 23.0	 30.0	3.000	 2.0	 2.0
1	2013	254	10444.0	 22.0	 27.0	3.000	 1.0	27.0
1	2013	255	7263.0	 22.0	 26.0	3.000	 2.0	12.0
1	2013	256	20216.0	 22.0	 29.0	3.000	 2.0	 4.0
1	2013	257	19083.0	 23.0	 30.0	3.000	 1.0	 1.0
1	2013	258	18388.0	 23.0	 30.0	3.000	 1.0	 4.0
1	2013	259	21163.0	 23.0	 30.0	3.000	 1.0	 4.0
1	2013	260	20455.0	 23.0	 30.0	3.000	 1.0	 3.0
1	2013	261	20866.0	 23.0	 32.0	3.000	 0.0	 0.0
1	2013	262	24089.0	 24.0	 33.0	3.000	 2.0	 0.0
1	2013	263	18865.0	 24.0	 31.0	3.000	 2.0	 1.0
1	2013	264	20408.0	 24.0	 30.0	3.000	 1.0	 1.0
1	2013	265	22152.0	 24.0	 32.0	3.000	 2.0	 1.0
1	2013	266	12573.0	 24.0	 29.0	3.000	 3.0	 3.0
1	2013	267	14211.0	 23.0	 28.0	3.000	 2.0	10.0
1	2013	268	16431.0	 23.0	 29.0	3.000	 2.0	 3.0
1	2013	269	19927.0	 22.0	 30.0	3.000	 0.0	 1.0
1	2013	270	21873.0	 23.0	 32.0	3.000	 1.0	 2.0
1	2013	271	17666.0	 23.0	 31.0	3.000	 2.0	 0.0
1	2013	272	18880.0	 23.0	 31.0	3.000	 2.0	 0.0
1	2013	273	22710.0	 23.0	 33.0	3.000	 1.0	 0.0
1	2013	274	21148.0	 23.0	 31.0	3.000	 2.0	 9.0
1	2013	275	21445.0	 23.0	 32.0	3.000	 2.0	 9.0
1	2013	276	20514.0	 23.0	 31.0	3.000	 2.0	12.0
1	2013	277	18708.0	 23.0	 30.0	3.000	 1.0	 2.0
1	2013	278	17145.0	 23.0	 29.0	3.000	 2.0	 0.0
1	2013	279	24225.0	 22.0	 32.0	3.000	 2.0	 0.0
1	2013	280	20882.0	 24.0	 32.0	3.000	 2.0	 0.0
1	2013	281	20532.0	 23.0	 31.0	3.000	 1.0	12.0
1	2013	282	14057.0	 23.0	 28.0	3.000	 2.0	 6.0
1	2013	283	12673.0	 22.0	 29.0	3.000	 2.0	 1.0
1	2013	284	21916.0	 22.0	 30.0	3.000	 0.0	 0.0
1	2013	285	19928.0	 24.0	 32.0	3.000	 0.0	 0.0
1	2013	286	24456.0	 24.0	 33.0	3.000	 2.0	 0.0
1	2013	287	19629.0	 24.0	 31.0	3.000	 2.0	 1.0
1	2013	288	16135.0	 23.0	 30.0	3.000	 2.0	14.0
1	2013	289	20222.0	 23.0	 31.0	3.000	 2.0	 0.0
1	2013	290	17469.0	 23.0	 31.0	3.000	 2.0	 1.0
1	2013	291	22617.0	 24.0	 33.0	3.000	 2.0	 0.0
1	2013	292	19875.0	 23.0	 32.0	3.000	 2.0	 0.0
1	2013	293	23568.0	 24.0	 33.0	3.000	 1.0	 0.0
1	2013	294	23323.0	 23.0	 32.0	3.000	 2.0	 0.0
1	2013	295	22592.0	 24.0	 33.0	3.000	 2.0	 0.0
1	2013	296	22533.0	 24.0	 33.0	3.000	 2.0	 0.0
1	2013	297	22786.0	 24.0	 34.0	3.000	 2.0	 0.0
1	2013	298	23243.0	 24.0	 34.0	3.000	 2.0	 0.0
1	2013	299	22861.0	 24.0	 34.0	3.000	 2.0	 2.0
1	2013	300	17279.0	 24.0	 32.0	3.000	 2.0	 0.0
1	2013	301	21769.0	 24.0	 34.0	3.000	 2.0	 0.0
1	2013	302	22292.0	 25.0	 35.0	3.000	 2.0	 0.0
1	2013	303	21981.0	 25.0	 34.0	3.000	 2.0	 1.0
1	2013	304	19410.0	 25.0	 34.0	3.000	 1.0	 1.0
1	2013	305	19949.0	 24.0	 33.0	3.000	 2.0	 1.0
1	2013	306	22446.0	 24.0	 35.0	3.000	 2.0	 0.0
1	2013	307	23292.0	 24.0	 36.0	2.000	 1.0	 0.0
1	2013	308	23894.0	 22.0	 36.0	2.000	 1.0	 0.0
1	2013	309	24063.0	 21.0	 36.0	2.000	 1.0	 0.0
1	2013	310	23662.0	 22.0	 36.0	2.000	 1.0	 0.0
1	2013	311	22331.0	 24.0	 36.0	2.000	 1.0	 0.0
1	2013	312	22051.0	 24.0	 36.0	2.000	 2.0	 0.0
1	2013	313	21766.0	 25.0	 36.0	2.000	 2.0	 0.0
1	2013	314	22232.0	 25.0	 37.0	2.000	 1.0	 0.0
1	2013	315	21433.0	 26.0	 37.0	2.000	 2.0	 0.0
1	2013	316	21538.0	 25.0	 36.0	2.000	 2.0	 0.0
1	2013	317	19696.0	 26.0	 36.0	2.000	 2.0	 0.0
1	2013	318	21573.0	 26.0	 36.0	2.000	 2.0	 0.0
1	2013	319	20381.0	 25.0	 35.0	3.000	 2.0	 0.0
1	2013	320	19797.0	 25.0	 36.0	3.000	 2.0	 0.0
1	2013	321	19247.0	 26.0	 35.0	3.000	 2.0	 0.0
1	2013	322	21182.0	 26.0	 36.0	3.000	 1.0	 0.0
1	2013	323	20058.0	 26.0	 36.0	2.000	 2.0	 0.0
1	2013	324	17641.0	 26.0	 35.0	3.000	 2.0	 0.0
1	2013	325	18500.0	 25.0	 35.0	3.000	 2.0	 0.0
1	2013	326	18819.0	 26.0	 36.0	3.000	 2.0	 1.0
1	2013	327	17853.0	 25.0	 34.0	3.000	 3.0	 0.0
1	2013	328	18412.0	 25.0	 35.0	3.000	 3.0	 1.0
1	2013	329	18759.0	 24.0	 35.0	3.000	 2.0	12.0
1	2013	330	16138.0	 24.0	 32.0	3.000	 2.0	 0.0
1	2013	331	16251.0	 24.0	 32.0	3.000	 2.0	 1.0
1	2013	332	20218.0	 25.0	 36.0	3.000	 1.0	 0.0
1	2013	333	21768.0	 23.0	 37.0	2.000	 1.0	 0.0
1	2013	334	21523.0	 22.0	 37.0	2.000	 1.0	 0.0
1	2013	335	21302.0	 22.0	 35.0	2.000	 2.0	 0.0
1	2013	336	20902.0	 23.0	 36.0	2.000	 1.0	 0.0
1	2013	337	20554.0	 25.0	 36.0	2.000	 1.0	 0.0
1	2013	338	21233.0	 24.0	 36.0	2.000	 0.0	 0.0
1	2013	339	21602.0	 21.0	 36.0	1.000	 1.0	 0.0
1	2013	340	21883.0	 21.0	 35.0	1.000	 2.0	 0.0
1	2013	341	22039.0	 21.0	 34.0	1.000	 2.0	 0.0
1	2013	342	21713.0	 20.0	 34.0	1.000	 3.0	 0.0
1	2013	343	21486.0	 20.0	 34.0	1.000	 2.0	 0.0
1	2013	344	21433.0	 22.0	 35.0	1.000	 3.0	 0.0
1	2013	345	19884.0	 21.0	 35.0	1.000	 1.0	 0.0
1	2013	346	21334.0	 22.0	 36.0	1.000	 0.0	 0.0
1	2013	347	20837.0	 21.0	 35.0	2.000	 1.0	 0.0
1	2013	348	16747.0	 23.0	 33.0	2.000	 2.0	 0.0
1	2013	349	17532.0	 23.0	 34.0	2.000	 2.0	 1.0
1	2013	350	21061.0	 21.0	 33.0	1.000	 3.0	 0.0
1	2013	351	21414.0	 21.0	 34.0	1.000	 3.0	 0.0
1	2013	352	21564.0	 20.0	 33.0	1.000	 3.0	 0.0
1	2013	353	21562.0	 20.0	 34.0	1.000	 3.0	 0.0
1	2013	354	21563.0	 19.0	 34.0	1.000	 3.0	 0.0
1	2013	355	20479.0	 21.0	 35.0	1.000	 2.0	 0.0
1	2013	356	21175.0	 22.0	 36.0	1.000	 3.0	 0.0
1	2013	357	21125.0	 22.0	 36.0	1.000	 3.0	 0.0
1	2013	358	21195.0	 21.0	 35.0	1.000	 3.0	 0.0
1	2013	359	21272.0	 22.0	 37.0	1.000	 3.0	 0.0
1	2013	360	21544.0	 22.0	 37.0	1.000	 3.0	 0.0
1	2013	361	21259.0	 21.0	 36.0	1.000	 1.0	 0.0
1	2013	362	21123.0	 22.0	 36.0	2.000	 0.0	 0.0
1	2013	363	21401.0	 20.0	 37.0	1.000	 1.0	 0.0
1	2013	364	20672.0	 21.0	 36.0	2.000	 0.0	 0.0
1	2013	365	20437.0	 22.0	 36.0	2.000	 0.0	 0.0
