*---------------------------------------------------
* Station: Northern
* Year: 2014
* Origin: ERA5-Reanalysis
* Columns & units
* ===================
* 1. station number
* 2. year
* 3. Day of Year
* 4. Irradiance   (kJ路m-2路d-1)
* 5. Daily minimum temperature (degC)
* 6. Daily maximum temperature (degC)
* 7. Vapour pressure (kPa)
* 8. Mean wind speed (m路s-1)
* 9. Precipitation (mm路d-1)
** WCCDESCRIPTION=Northern
** WCCFORMAT=2
** WCCYEARNR=2014
*------------------------------------------------------------*
-0.97  9.36  160.00 -0.18  -0.55
1	2014	1	19400.0	 23.0	 35.0	2.000	 2.0	 0.0
1	2014	2	18774.0	 23.0	 35.0	2.000	 1.0	 0.0
1	2014	3	21275.0	 21.0	 35.0	1.000	 3.0	 0.0
1	2014	4	21672.0	 22.0	 35.0	1.000	 3.0	 0.0
1	2014	5	21728.0	 21.0	 35.0	1.000	 3.0	 0.0
1	2014	6	21292.0	 22.0	 35.0	1.000	 3.0	 0.0
1	2014	7	21525.0	 21.0	 35.0	1.000	 2.0	 0.0
1	2014	8	21592.0	 22.0	 36.0	1.000	 2.0	 0.0
1	2014	9	20468.0	 21.0	 35.0	2.000	 1.0	 0.0
1	2014	10	20711.0	 22.0	 35.0	2.000	 2.0	 0.0
1	2014	11	21068.0	 21.0	 35.0	1.000	 2.0	 0.0
1	2014	12	22159.0	 22.0	 36.0	1.000	 3.0	 0.0
1	2014	13	22163.0	 21.0	 35.0	1.000	 2.0	 0.0
1	2014	14	22342.0	 20.0	 36.0	1.000	 2.0	 0.0
1	2014	15	22454.0	 20.0	 36.0	1.000	 0.0	 0.0
1	2014	16	21970.0	 20.0	 36.0	1.000	 0.0	 0.0
1	2014	17	18639.0	 24.0	 36.0	2.000	 2.0	 0.0
1	2014	18	18537.0	 25.0	 34.0	3.000	 1.0	10.0
1	2014	19	18316.0	 24.0	 34.0	2.000	 1.0	 0.0
1	2014	20	19425.0	 24.0	 36.0	2.000	 2.0	 0.0
1	2014	21	22217.0	 21.0	 36.0	1.000	 3.0	 0.0
1	2014	22	22335.0	 19.0	 36.0	1.000	 1.0	 0.0
1	2014	23	22019.0	 19.0	 36.0	1.000	 1.0	 0.0
1	2014	24	21678.0	 21.0	 37.0	1.000	 1.0	 0.0
1	2014	25	21118.0	 21.0	 37.0	1.000	 1.0	 0.0
1	2014	26	21816.0	 22.0	 37.0	2.000	 1.0	 0.0
1	2014	27	22607.0	 22.0	 38.0	1.000	 2.0	 0.0
1	2014	28	22742.0	 21.0	 37.0	1.000	 1.0	 0.0
1	2014	29	21865.0	 23.0	 37.0	2.000	 2.0	 0.0
1	2014	30	18898.0	 26.0	 36.0	2.000	 2.0	 2.0
1	2014	31	18116.0	 24.0	 35.0	2.000	 1.0	 1.0
1	2014	32	20774.0	 24.0	 34.0	1.000	 3.0	 0.0
1	2014	33	22609.0	 22.0	 34.0	0.500	 3.0	 0.0
1	2014	34	20983.0	 21.0	 34.0	1.000	 2.0	 0.0
1	2014	35	21440.0	 23.0	 37.0	1.000	 2.0	 0.0
1	2014	36	22828.0	 25.0	 38.0	1.000	 3.0	 0.0
1	2014	37	22572.0	 24.0	 38.0	1.000	 3.0	 0.0
1	2014	38	22886.0	 24.0	 37.0	2.000	 1.0	 0.0
1	2014	39	22322.0	 23.0	 37.0	2.000	 1.0	 0.0
1	2014	40	21071.0	 25.0	 37.0	2.000	 0.0	 0.0
1	2014	41	23175.0	 23.0	 38.0	1.000	 2.0	 0.0
1	2014	42	23016.0	 22.0	 38.0	1.000	 2.0	 0.0
1	2014	43	23347.0	 21.0	 37.0	1.000	 2.0	 0.0
1	2014	44	23239.0	 22.0	 37.0	1.000	 2.0	 0.0
1	2014	45	23092.0	 23.0	 38.0	1.000	 2.0	 0.0
1	2014	46	24119.0	 21.0	 37.0	1.000	 2.0	 0.0
1	2014	47	20607.0	 24.0	 36.0	2.000	 1.0	 0.0
1	2014	48	21045.0	 25.0	 36.0	2.000	 1.0	 0.0
1	2014	49	23295.0	 27.0	 38.0	2.000	 1.0	 0.0
1	2014	50	23812.0	 26.0	 38.0	2.000	 1.0	 0.0
1	2014	51	23983.0	 24.0	 38.0	1.000	 1.0	 0.0
1	2014	52	24660.0	 22.0	 38.0	1.000	 2.0	 0.0
1	2014	53	24938.0	 22.0	 39.0	1.000	 2.0	 0.0
1	2014	54	24766.0	 23.0	 39.0	1.000	 1.0	 0.0
1	2014	55	24195.0	 22.0	 39.0	1.000	 0.0	 0.0
1	2014	56	23425.0	 26.0	 38.0	2.000	 2.0	 0.0
1	2014	57	22077.0	 27.0	 38.0	2.000	 3.0	 0.0
1	2014	58	20101.0	 27.0	 37.0	2.000	 2.0	 0.0
1	2014	59	17693.0	 25.0	 34.0	2.000	 1.0	 0.0
1	2014	60	23689.0	 24.0	 36.0	1.000	 3.0	 0.0
1	2014	61	25234.0	 23.0	 37.0	1.000	 3.0	 0.0
1	2014	62	25520.0	 22.0	 38.0	1.000	 1.0	 0.0
1	2014	63	25385.0	 22.0	 38.0	1.000	 1.0	 0.0
1	2014	64	23570.0	 25.0	 37.0	2.000	 2.0	 0.0
1	2014	65	21892.0	 27.0	 37.0	2.000	 2.0	 0.0
1	2014	66	21854.0	 27.0	 37.0	2.000	 2.0	 0.0
1	2014	67	23801.0	 27.0	 39.0	2.000	 1.0	 0.0
1	2014	68	23291.0	 25.0	 38.0	1.000	 1.0	 0.0
1	2014	69	23880.0	 26.0	 38.0	2.000	 1.0	 0.0
1	2014	70	23883.0	 27.0	 38.0	2.000	 3.0	 0.0
1	2014	71	20252.0	 28.0	 37.0	2.000	 3.0	 0.0
1	2014	72	23840.0	 25.0	 39.0	2.000	 1.0	 1.0
1	2014	73	24417.0	 28.0	 39.0	2.000	 2.0	 0.0
1	2014	74	24077.0	 27.0	 39.0	2.000	 2.0	 0.0
1	2014	75	23835.0	 27.0	 39.0	2.000	 2.0	 0.0
1	2014	76	22323.0	 27.0	 38.0	2.000	 3.0	 0.0
1	2014	77	22228.0	 27.0	 38.0	2.000	 3.0	 0.0
1	2014	78	22449.0	 28.0	 39.0	2.000	 3.0	 0.0
1	2014	79	22897.0	 28.0	 39.0	3.000	 3.0	 1.0
1	2014	80	18342.0	 26.0	 37.0	3.000	 2.0	 1.0
1	2014	81	22972.0	 27.0	 38.0	3.000	 2.0	 4.0
1	2014	82	15478.0	 26.0	 33.0	3.000	 2.0	 5.0
1	2014	83	23423.0	 26.0	 35.0	3.000	 3.0	 1.0
1	2014	84	22557.0	 26.0	 37.0	3.000	 3.0	 0.0
1	2014	85	24113.0	 26.0	 38.0	2.000	 2.0	 0.0
1	2014	86	23078.0	 26.0	 40.0	2.000	 2.0	 0.0
1	2014	87	24615.0	 26.0	 38.0	2.000	 3.0	 0.0
1	2014	88	24187.0	 27.0	 38.0	2.000	 3.0	 0.0
1	2014	89	24299.0	 26.0	 38.0	3.000	 3.0	 4.0
1	2014	90	17237.0	 25.0	 34.0	3.000	 2.0	 1.0
1	2014	91	24606.0	 25.0	 37.0	3.000	 2.0	 0.0
1	2014	92	25163.0	 27.0	 39.0	2.000	 1.0	 0.0
1	2014	93	25876.0	 27.0	 39.0	3.000	 3.0	 0.0
1	2014	94	25897.0	 27.0	 40.0	3.000	 3.0	 0.0
1	2014	95	23361.0	 28.0	 39.0	3.000	 3.0	 1.0
1	2014	96	21341.0	 26.0	 36.0	3.000	 3.0	 0.0
1	2014	97	23844.0	 27.0	 38.0	3.000	 3.0	 2.0
1	2014	98	24263.0	 26.0	 36.0	3.000	 3.0	 4.0
1	2014	99	24388.0	 25.0	 35.0	3.000	 3.0	 7.0
1	2014	100	23902.0	 26.0	 36.0	3.000	 2.0	 2.0
1	2014	101	23252.0	 26.0	 36.0	3.000	 3.0	 0.0
1	2014	102	25114.0	 26.0	 37.0	3.000	 3.0	 0.0
1	2014	103	21104.0	 26.0	 35.0	3.000	 3.0	 1.0
1	2014	104	21224.0	 26.0	 37.0	3.000	 3.0	 0.0
1	2014	105	25251.0	 27.0	 38.0	3.000	 2.0	 0.0
1	2014	106	24627.0	 27.0	 39.0	3.000	 3.0	 0.0
1	2014	107	24921.0	 28.0	 40.0	3.000	 3.0	 0.0
1	2014	108	23846.0	 27.0	 38.0	3.000	 4.0	 1.0
1	2014	109	24036.0	 26.0	 37.0	3.000	 3.0	 0.0
1	2014	110	24941.0	 27.0	 39.0	3.000	 3.0	 4.0
1	2014	111	21278.0	 26.0	 37.0	3.000	 3.0	 1.0
1	2014	112	19191.0	 26.0	 36.0	3.000	 3.0	 0.0
1	2014	113	24220.0	 25.0	 38.0	3.000	 3.0	 0.0
1	2014	114	21884.0	 26.0	 35.0	3.000	 2.0	 3.0
1	2014	115	24379.0	 26.0	 37.0	3.000	 3.0	 1.0
1	2014	116	24390.0	 26.0	 37.0	3.000	 3.0	 2.0
1	2014	117	25389.0	 26.0	 37.0	3.000	 3.0	 0.0
1	2014	118	25400.0	 27.0	 37.0	3.000	 3.0	 0.0
1	2014	119	11959.0	 26.0	 31.0	3.000	 1.0	12.0
1	2014	120	21717.0	 26.0	 34.0	3.000	 2.0	 5.0
1	2014	121	22339.0	 25.0	 33.0	3.000	 1.0	 1.0
1	2014	122	24799.0	 26.0	 36.0	3.000	 2.0	 0.0
1	2014	123	21169.0	 26.0	 34.0	3.000	 2.0	 2.0
1	2014	124	20149.0	 25.0	 34.0	3.000	 2.0	 7.0
1	2014	125	19416.0	 25.0	 33.0	3.000	 3.0	 4.0
1	2014	126	12590.0	 24.0	 31.0	3.000	 2.0	 9.0
1	2014	127	19145.0	 25.0	 32.0	3.000	 3.0	 5.0
1	2014	128	18472.0	 25.0	 32.0	3.000	 2.0	 4.0
1	2014	129	18999.0	 25.0	 32.0	3.000	 3.0	 4.0
1	2014	130	22067.0	 24.0	 33.0	3.000	 1.0	 4.0
1	2014	131	23523.0	 24.0	 33.0	3.000	 1.0	 3.0
1	2014	132	23435.0	 26.0	 34.0	3.000	 2.0	 2.0
1	2014	133	24068.0	 25.0	 34.0	3.000	 2.0	 8.0
1	2014	134	13314.0	 24.0	 31.0	3.000	 1.0	 4.0
1	2014	135	17838.0	 24.0	 30.0	3.000	 2.0	 5.0
1	2014	136	24097.0	 24.0	 32.0	3.000	 2.0	 1.0
1	2014	137	23241.0	 24.0	 33.0	3.000	 2.0	 0.0
1	2014	138	24087.0	 25.0	 34.0	3.000	 1.0	 1.0
1	2014	139	21554.0	 25.0	 34.0	3.000	 1.0	 3.0
1	2014	140	24220.0	 25.0	 36.0	3.000	 0.0	 0.0
1	2014	141	24992.0	 26.0	 37.0	3.000	 3.0	 0.0
1	2014	142	24801.0	 25.0	 36.0	3.000	 3.0	 0.0
1	2014	143	25174.0	 26.0	 37.0	3.000	 3.0	 1.0
1	2014	144	24538.0	 26.0	 37.0	3.000	 3.0	 1.0
1	2014	145	21177.0	 27.0	 37.0	3.000	 3.0	 0.0
1	2014	146	23419.0	 27.0	 37.0	3.000	 2.0	 1.0
1	2014	147	22174.0	 25.0	 37.0	3.000	 4.0	 2.0
1	2014	148	23845.0	 25.0	 37.0	3.000	 4.0	 3.0
1	2014	149	21207.0	 26.0	 35.0	3.000	 3.0	 1.0
1	2014	150	19222.0	 25.0	 34.0	3.000	 2.0	 3.0
1	2014	151	23753.0	 26.0	 36.0	3.000	 3.0	 1.0
1	2014	152	25121.0	 26.0	 37.0	3.000	 3.0	 3.0
1	2014	153	11358.0	 26.0	 31.0	3.000	 3.0	 1.0
1	2014	154	22154.0	 26.0	 36.0	3.000	 2.0	 0.0
1	2014	155	22806.0	 27.0	 37.0	3.000	 2.0	13.0
1	2014	156	7682.0	 24.0	 29.0	3.000	 1.0	17.0
1	2014	157	15741.0	 24.0	 30.0	3.000	 2.0	 1.0
1	2014	158	19618.0	 24.0	 33.0	3.000	 2.0	 0.0
1	2014	159	24003.0	 24.0	 35.0	3.000	 3.0	 0.0
1	2014	160	22453.0	 25.0	 36.0	3.000	 3.0	 0.0
1	2014	161	16783.0	 26.0	 33.0	3.000	 4.0	 0.0
1	2014	162	20591.0	 24.0	 35.0	3.000	 2.0	 1.0
1	2014	163	18443.0	 25.0	 34.0	3.000	 3.0	 0.0
1	2014	164	13754.0	 24.0	 32.0	3.000	 1.0	 3.0
1	2014	165	22737.0	 25.0	 35.0	3.000	 3.0	 0.0
1	2014	166	15033.0	 26.0	 34.0	3.000	 3.0	 0.0
1	2014	167	22074.0	 26.0	 35.0	3.000	 3.0	 1.0
1	2014	168	15771.0	 26.0	 33.0	3.000	 2.0	 7.0
1	2014	169	19958.0	 24.0	 33.0	3.000	 2.0	 2.0
1	2014	170	21568.0	 24.0	 35.0	3.000	 2.0	 0.0
1	2014	171	16774.0	 25.0	 34.0	3.000	 2.0	 0.0
1	2014	172	21063.0	 25.0	 35.0	3.000	 3.0	 0.0
1	2014	173	16866.0	 25.0	 34.0	3.000	 3.0	 5.0
1	2014	174	16522.0	 24.0	 33.0	3.000	 2.0	 2.0
1	2014	175	21749.0	 24.0	 35.0	3.000	 2.0	 1.0
1	2014	176	23392.0	 25.0	 34.0	3.000	 3.0	 0.0
1	2014	177	17277.0	 25.0	 33.0	3.000	 3.0	 1.0
1	2014	178	19025.0	 24.0	 33.0	3.000	 3.0	 1.0
1	2014	179	20695.0	 25.0	 34.0	3.000	 3.0	 0.0
1	2014	180	15466.0	 25.0	 33.0	3.000	 2.0	 3.0
1	2014	181	22349.0	 25.0	 34.0	3.000	 3.0	 1.0
1	2014	182	21917.0	 24.0	 34.0	3.000	 3.0	 1.0
1	2014	183	18151.0	 25.0	 33.0	3.000	 2.0	 2.0
1	2014	184	20436.0	 24.0	 34.0	3.000	 2.0	 1.0
1	2014	185	11852.0	 24.0	 32.0	3.000	 2.0	 1.0
1	2014	186	14374.0	 24.0	 33.0	3.000	 3.0	 1.0
1	2014	187	23382.0	 23.0	 35.0	3.000	 4.0	 0.0
1	2014	188	20399.0	 24.0	 33.0	3.000	 3.0	 1.0
1	2014	189	19737.0	 24.0	 32.0	3.000	 3.0	 0.0
1	2014	190	21323.0	 24.0	 34.0	3.000	 1.0	 7.0
1	2014	191	22496.0	 23.0	 32.0	3.000	 1.0	 8.0
1	2014	192	20137.0	 25.0	 33.0	3.000	 2.0	 0.0
1	2014	193	15112.0	 25.0	 32.0	3.000	 3.0	 0.0
1	2014	194	18072.0	 25.0	 33.0	3.000	 2.0	 1.0
1	2014	195	21214.0	 25.0	 33.0	3.000	 2.0	 1.0
1	2014	196	20671.0	 25.0	 33.0	3.000	 2.0	 1.0
1	2014	197	10641.0	 24.0	 30.0	3.000	 2.0	11.0
1	2014	198	15166.0	 23.0	 30.0	3.000	 3.0	 9.0
1	2014	199	8632.0	 23.0	 26.0	3.000	 3.0	 5.0
1	2014	200	14946.0	 22.0	 31.0	3.000	 2.0	 0.0
1	2014	201	18153.0	 24.0	 32.0	3.000	 3.0	 1.0
1	2014	202	17882.0	 24.0	 31.0	3.000	 3.0	 0.0
1	2014	203	18840.0	 25.0	 31.0	3.000	 3.0	 1.0
1	2014	204	10717.0	 24.0	 29.0	3.000	 2.0	14.0
1	2014	205	5744.0	 23.0	 27.0	3.000	 2.0	38.0
1	2014	206	15321.0	 23.0	 29.0	3.000	 3.0	 6.0
1	2014	207	17239.0	 23.0	 30.0	3.000	 2.0	 1.0
1	2014	208	20485.0	 23.0	 30.0	3.000	 2.0	 1.0
1	2014	209	19903.0	 24.0	 30.0	3.000	 3.0	 2.0
1	2014	210	18721.0	 24.0	 30.0	3.000	 2.0	 2.0
1	2014	211	16330.0	 24.0	 30.0	3.000	 2.0	 7.0
1	2014	212	17942.0	 23.0	 30.0	3.000	 2.0	 4.0
1	2014	213	13965.0	 24.0	 29.0	3.000	 3.0	 3.0
1	2014	214	12647.0	 23.0	 29.0	3.000	 3.0	 6.0
1	2014	215	18879.0	 23.0	 30.0	3.000	 2.0	 5.0
1	2014	216	19280.0	 23.0	 30.0	3.000	 2.0	 6.0
1	2014	217	17953.0	 23.0	 30.0	3.000	 2.0	 4.0
1	2014	218	14476.0	 23.0	 29.0	3.000	 3.0	 4.0
1	2014	219	17038.0	 23.0	 30.0	3.000	 2.0	 7.0
1	2014	220	16530.0	 23.0	 30.0	3.000	 3.0	 1.0
1	2014	221	16925.0	 23.0	 29.0	3.000	 2.0	 4.0
1	2014	222	19190.0	 23.0	 30.0	3.000	 2.0	 1.0
1	2014	223	20329.0	 23.0	 30.0	3.000	 2.0	 1.0
1	2014	224	14919.0	 23.0	 29.0	3.000	 2.0	 5.0
1	2014	225	13774.0	 22.0	 29.0	3.000	 3.0	16.0
1	2014	226	17840.0	 22.0	 29.0	3.000	 2.0	 1.0
1	2014	227	16593.0	 23.0	 29.0	3.000	 2.0	 5.0
1	2014	228	6846.0	 23.0	 25.0	3.000	 2.0	41.0
1	2014	229	15012.0	 23.0	 29.0	3.000	 3.0	 2.0
1	2014	230	14366.0	 23.0	 29.0	3.000	 1.0	 1.0
1	2014	231	14492.0	 23.0	 29.0	3.000	 1.0	17.0
1	2014	232	14125.0	 22.0	 28.0	3.000	 2.0	10.0
1	2014	233	18708.0	 23.0	 28.0	3.000	 3.0	 2.0
1	2014	234	18046.0	 23.0	 29.0	3.000	 3.0	 1.0
1	2014	235	12604.0	 23.0	 28.0	3.000	 3.0	 6.0
1	2014	236	22181.0	 22.0	 30.0	3.000	 1.0	 1.0
1	2014	237	21623.0	 23.0	 31.0	3.000	 2.0	 1.0
1	2014	238	15930.0	 23.0	 29.0	3.000	 2.0	10.0
1	2014	239	17651.0	 23.0	 29.0	3.000	 2.0	10.0
1	2014	240	15997.0	 23.0	 30.0	3.000	 2.0	 0.0
1	2014	241	23241.0	 23.0	 32.0	3.000	 1.0	 7.0
1	2014	242	19409.0	 24.0	 30.0	3.000	 3.0	 4.0
1	2014	243	17921.0	 23.0	 30.0	3.000	 3.0	 1.0
1	2014	244	11763.0	 23.0	 29.0	3.000	 2.0	24.0
1	2014	245	9761.0	 23.0	 28.0	3.000	 2.0	21.0
1	2014	246	20172.0	 23.0	 29.0	3.000	 2.0	 1.0
1	2014	247	21318.0	 23.0	 30.0	3.000	 1.0	 3.0
1	2014	248	2612.0	 23.0	 25.0	3.000	 1.0	76.0
1	2014	249	21320.0	 23.0	 30.0	3.000	 2.0	 8.0
1	2014	250	17240.0	 23.0	 29.0	3.000	 2.0	 5.0
1	2014	251	18194.0	 22.0	 29.0	3.000	 2.0	 3.0
1	2014	252	21399.0	 22.0	 30.0	3.000	 1.0	 3.0
1	2014	253	18576.0	 23.0	 29.0	3.000	 1.0	 9.0
1	2014	254	21044.0	 23.0	 30.0	3.000	 1.0	 6.0
1	2014	255	16220.0	 23.0	 29.0	3.000	 1.0	 9.0
1	2014	256	21340.0	 23.0	 30.0	3.000	 2.0	 1.0
1	2014	257	15915.0	 23.0	 29.0	3.000	 1.0	12.0
1	2014	258	20556.0	 23.0	 30.0	3.000	 1.0	 3.0
1	2014	259	18304.0	 23.0	 29.0	3.000	 1.0	 6.0
1	2014	260	18058.0	 23.0	 30.0	3.000	 2.0	 5.0
1	2014	261	12833.0	 23.0	 28.0	3.000	 1.0	24.0
1	2014	262	15158.0	 23.0	 29.0	3.000	 1.0	 6.0
1	2014	263	21463.0	 22.0	 30.0	3.000	 1.0	 5.0
1	2014	264	15524.0	 23.0	 29.0	3.000	 1.0	 4.0
1	2014	265	18924.0	 23.0	 30.0	3.000	 1.0	 1.0
1	2014	266	21300.0	 23.0	 30.0	3.000	 2.0	13.0
1	2014	267	20874.0	 23.0	 30.0	3.000	 2.0	17.0
1	2014	268	17945.0	 22.0	 30.0	3.000	 2.0	 0.0
1	2014	269	21471.0	 23.0	 30.0	3.000	 2.0	 0.0
1	2014	270	11987.0	 23.0	 28.0	3.000	 2.0	 4.0
1	2014	271	17451.0	 22.0	 30.0	3.000	 2.0	 0.0
1	2014	272	22017.0	 23.0	 31.0	3.000	 2.0	 0.0
1	2014	273	19711.0	 23.0	 30.0	3.000	 1.0	15.0
1	2014	274	13483.0	 23.0	 28.0	3.000	 2.0	17.0
1	2014	275	16276.0	 22.0	 29.0	3.000	 2.0	 4.0
1	2014	276	20491.0	 23.0	 30.0	3.000	 0.0	 1.0
1	2014	277	19644.0	 23.0	 30.0	3.000	 1.0	 2.0
1	2014	278	17962.0	 24.0	 30.0	3.000	 1.0	 4.0
1	2014	279	21300.0	 22.0	 31.0	3.000	 1.0	 1.0
1	2014	280	20025.0	 24.0	 30.0	3.000	 1.0	 7.0
1	2014	281	22109.0	 24.0	 32.0	3.000	 1.0	 1.0
1	2014	282	23657.0	 23.0	 32.0	3.000	 2.0	 0.0
1	2014	283	22404.0	 24.0	 32.0	3.000	 2.0	 0.0
1	2014	284	18836.0	 24.0	 30.0	3.000	 2.0	 2.0
1	2014	285	11654.0	 23.0	 29.0	3.000	 2.0	 5.0
1	2014	286	10991.0	 23.0	 29.0	3.000	 2.0	 1.0
1	2014	287	11931.0	 22.0	 29.0	3.000	 2.0	 1.0
1	2014	288	20767.0	 23.0	 32.0	3.000	 2.0	 0.0
1	2014	289	22661.0	 24.0	 32.0	3.000	 1.0	 1.0
1	2014	290	22981.0	 24.0	 32.0	3.000	 2.0	 0.0
1	2014	291	18195.0	 24.0	 31.0	3.000	 2.0	 2.0
1	2014	292	16241.0	 23.0	 30.0	3.000	 2.0	 3.0
1	2014	293	22298.0	 22.0	 31.0	3.000	 1.0	 0.0
1	2014	294	23060.0	 23.0	 32.0	3.000	 1.0	 0.0
1	2014	295	22781.0	 23.0	 32.0	3.000	 1.0	 0.0
1	2014	296	21646.0	 24.0	 32.0	3.000	 2.0	 0.0
1	2014	297	22344.0	 24.0	 32.0	3.000	 2.0	 0.0
1	2014	298	22416.0	 24.0	 33.0	3.000	 1.0	 1.0
1	2014	299	15205.0	 24.0	 31.0	3.000	 2.0	 1.0
1	2014	300	21208.0	 24.0	 33.0	3.000	 2.0	 0.0
1	2014	301	22160.0	 24.0	 34.0	3.000	 2.0	 0.0
1	2014	302	23279.0	 24.0	 34.0	3.000	 2.0	 0.0
1	2014	303	11535.0	 25.0	 31.0	3.000	 1.0	14.0
1	2014	304	19746.0	 23.0	 32.0	3.000	 2.0	 3.0
1	2014	305	22781.0	 24.0	 33.0	3.000	 2.0	 0.0
1	2014	306	22034.0	 24.0	 33.0	3.000	 2.0	 0.0
1	2014	307	21833.0	 24.0	 33.0	3.000	 2.0	 1.0
1	2014	308	20712.0	 24.0	 32.0	3.000	 1.0	 4.0
1	2014	309	17535.0	 25.0	 32.0	3.000	 2.0	 5.0
1	2014	310	18617.0	 23.0	 31.0	3.000	 1.0	 0.0
1	2014	311	22182.0	 24.0	 33.0	3.000	 1.0	 0.0
1	2014	312	21377.0	 23.0	 34.0	3.000	 1.0	 0.0
1	2014	313	22579.0	 24.0	 34.0	3.000	 1.0	 0.0
1	2014	314	20910.0	 24.0	 34.0	3.000	 2.0	 1.0
1	2014	315	17052.0	 24.0	 32.0	3.000	 2.0	 0.0
1	2014	316	19600.0	 24.0	 33.0	3.000	 1.0	 0.0
1	2014	317	22230.0	 24.0	 35.0	3.000	 1.0	 0.0
1	2014	318	19153.0	 24.0	 34.0	3.000	 2.0	 0.0
1	2014	319	21370.0	 24.0	 35.0	3.000	 1.0	 0.0
1	2014	320	20850.0	 24.0	 34.0	3.000	 1.0	 0.0
1	2014	321	20368.0	 24.0	 34.0	2.000	 1.0	 0.0
1	2014	322	20083.0	 25.0	 34.0	3.000	 2.0	 1.0
1	2014	323	19827.0	 25.0	 34.0	3.000	 1.0	 0.0
1	2014	324	18635.0	 25.0	 34.0	3.000	 1.0	 0.0
1	2014	325	19803.0	 24.0	 34.0	2.000	 1.0	 0.0
1	2014	326	21479.0	 25.0	 35.0	2.000	 1.0	 0.0
1	2014	327	21391.0	 24.0	 35.0	2.000	 1.0	 0.0
1	2014	328	22004.0	 22.0	 35.0	2.000	 1.0	 0.0
1	2014	329	22176.0	 22.0	 35.0	2.000	 0.0	 0.0
1	2014	330	21494.0	 23.0	 35.0	2.000	 1.0	 0.0
1	2014	331	19529.0	 25.0	 34.0	2.000	 2.0	 0.0
1	2014	332	18040.0	 25.0	 34.0	2.000	 2.0	 0.0
1	2014	333	18851.0	 25.0	 35.0	2.000	 2.0	 0.0
1	2014	334	17876.0	 26.0	 34.0	2.000	 2.0	 0.0
1	2014	335	19204.0	 25.0	 36.0	2.000	 1.0	 0.0
1	2014	336	19712.0	 25.0	 36.0	2.000	 1.0	 0.0
1	2014	337	21721.0	 22.0	 36.0	2.000	 1.0	 0.0
1	2014	338	21929.0	 19.0	 34.0	2.000	 1.0	 0.0
1	2014	339	20918.0	 22.0	 35.0	2.000	 1.0	 0.0
1	2014	340	19632.0	 26.0	 36.0	2.000	 1.0	 0.0
1	2014	341	20811.0	 24.0	 36.0	2.000	 1.0	 0.0
1	2014	342	20877.0	 22.0	 35.0	2.000	 0.0	 0.0
1	2014	343	21177.0	 22.0	 36.0	2.000	 0.0	 0.0
1	2014	344	21325.0	 22.0	 36.0	2.000	 1.0	 0.0
1	2014	345	21821.0	 20.0	 35.0	1.000	 2.0	 0.0
1	2014	346	21877.0	 19.0	 34.0	1.000	 3.0	 0.0
1	2014	347	20827.0	 20.0	 35.0	1.000	 3.0	 0.0
1	2014	348	20697.0	 21.0	 35.0	1.000	 2.0	 0.0
1	2014	349	21073.0	 21.0	 36.0	1.000	 2.0	 0.0
1	2014	350	20963.0	 20.0	 35.0	1.000	 2.0	 0.0
1	2014	351	20134.0	 22.0	 36.0	2.000	 1.0	 0.0
1	2014	352	18304.0	 25.0	 35.0	2.000	 1.0	 0.0
1	2014	353	19489.0	 25.0	 36.0	2.000	 1.0	 0.0
1	2014	354	21400.0	 22.0	 35.0	1.000	 2.0	 0.0
1	2014	355	20745.0	 20.0	 35.0	1.000	 2.0	 0.0
1	2014	356	19470.0	 22.0	 35.0	2.000	 1.0	 0.0
1	2014	357	21204.0	 21.0	 35.0	1.000	 3.0	 0.0
1	2014	358	21728.0	 21.0	 35.0	1.000	 3.0	 0.0
1	2014	359	21753.0	 20.0	 34.0	1.000	 3.0	 0.0
1	2014	360	21845.0	 19.0	 33.0	1.000	 3.0	 0.0
1	2014	361	21877.0	 19.0	 33.0	1.000	 3.0	 0.0
1	2014	362	21717.0	 19.0	 34.0	1.000	 3.0	 0.0
1	2014	363	21427.0	 20.0	 35.0	1.000	 3.0	 0.0
1	2014	364	21370.0	 21.0	 35.0	1.000	 3.0	 0.0
1	2014	365	21459.0	 21.0	 34.0	1.000	 4.0	 0.0
