*---------------------------------------------------
* Station: Northern
* Year: 2016
* Origin: ERA5-Reanalysis
* Columns & units
* ===================
* 1. station number
* 2. year
* 3. Day of Year
* 4. Irradiance   (kJ路m-2路d-1)
* 5. Daily minimum temperature (degC)
* 6. Daily maximum temperature (degC)
* 7. Vapour pressure (kPa)
* 8. Mean wind speed (m路s-1)
* 9. Precipitation (mm路d-1)
** WCCDESCRIPTION=Northern
** WCCFORMAT=2
** WCCYEARNR=2016
*------------------------------------------------------------*
-0.97  9.36  160.00 -0.18  -0.55
1	2016	1	21289.0	 21.0	 35.0	1.000	 3.0	 0.0
1	2016	2	21624.0	 20.0	 35.0	1.000	 3.0	 0.0
1	2016	3	21231.0	 21.0	 35.0	1.000	 3.0	 0.0
1	2016	4	20613.0	 21.0	 35.0	1.000	 3.0	 0.0
1	2016	5	20662.0	 22.0	 35.0	1.000	 3.0	 0.0
1	2016	6	21444.0	 23.0	 34.0	1.000	 4.0	 0.0
1	2016	7	21253.0	 22.0	 35.0	1.000	 4.0	 0.0
1	2016	8	20591.0	 23.0	 37.0	1.000	 4.0	 0.0
1	2016	9	21504.0	 22.0	 38.0	1.000	 2.0	 0.0
1	2016	10	21967.0	 20.0	 38.0	1.000	 2.0	 0.0
1	2016	11	22234.0	 21.0	 38.0	1.000	 2.0	 0.0
1	2016	12	21917.0	 21.0	 37.0	1.000	 2.0	 0.0
1	2016	13	22241.0	 21.0	 37.0	1.000	 2.0	 0.0
1	2016	14	22208.0	 20.0	 36.0	1.000	 2.0	 0.0
1	2016	15	22113.0	 21.0	 36.0	1.000	 2.0	 0.0
1	2016	16	22287.0	 22.0	 37.0	1.000	 2.0	 0.0
1	2016	17	22372.0	 21.0	 37.0	1.000	 2.0	 0.0
1	2016	18	22338.0	 20.0	 37.0	1.000	 2.0	 0.0
1	2016	19	22063.0	 21.0	 37.0	1.000	 2.0	 0.0
1	2016	20	21493.0	 23.0	 37.0	1.000	 3.0	 0.0
1	2016	21	22237.0	 23.0	 37.0	1.000	 3.0	 0.0
1	2016	22	23084.0	 21.0	 37.0	1.000	 3.0	 0.0
1	2016	23	21825.0	 21.0	 36.0	1.000	 3.0	 0.0
1	2016	24	22201.0	 22.0	 36.0	1.000	 4.0	 0.0
1	2016	25	21532.0	 22.0	 35.0	1.000	 3.0	 0.0
1	2016	26	22233.0	 23.0	 35.0	1.000	 4.0	 0.0
1	2016	27	22736.0	 22.0	 35.0	1.000	 3.0	 0.0
1	2016	28	23005.0	 21.0	 35.0	1.000	 4.0	 0.0
1	2016	29	22829.0	 21.0	 35.0	1.000	 4.0	 0.0
1	2016	30	22984.0	 21.0	 36.0	1.000	 3.0	 0.0
1	2016	31	23137.0	 21.0	 36.0	1.000	 3.0	 0.0
1	2016	32	23539.0	 21.0	 36.0	0.000	 3.0	 0.0
1	2016	33	23877.0	 20.0	 35.0	0.000	 3.0	 0.0
1	2016	34	23631.0	 21.0	 37.0	1.000	 3.0	 0.0
1	2016	35	23308.0	 22.0	 38.0	1.000	 3.0	 0.0
1	2016	36	23483.0	 23.0	 38.0	1.000	 3.0	 0.0
1	2016	37	23607.0	 24.0	 39.0	1.000	 3.0	 0.0
1	2016	38	23773.0	 24.0	 38.0	1.000	 4.0	 0.0
1	2016	39	23981.0	 22.0	 37.0	1.000	 3.0	 0.0
1	2016	40	24187.0	 22.0	 37.0	1.000	 3.0	 0.0
1	2016	41	24698.0	 22.0	 37.0	1.000	 3.0	 0.0
1	2016	42	24619.0	 21.0	 37.0	1.000	 2.0	 0.0
1	2016	43	24497.0	 22.0	 37.0	1.000	 3.0	 0.0
1	2016	44	24582.0	 22.0	 38.0	1.000	 3.0	 0.0
1	2016	45	23938.0	 22.0	 37.0	1.000	 2.0	 0.0
1	2016	46	23441.0	 22.0	 39.0	1.000	 1.0	 0.0
1	2016	47	23299.0	 24.0	 40.0	1.000	 2.0	 0.0
1	2016	48	23413.0	 25.0	 40.0	1.000	 1.0	 0.0
1	2016	49	23579.0	 24.0	 39.0	1.000	 2.0	 0.0
1	2016	50	24247.0	 23.0	 40.0	1.000	 2.0	 0.0
1	2016	51	24437.0	 23.0	 41.0	1.000	 2.0	 0.0
1	2016	52	23746.0	 25.0	 39.0	1.000	 2.0	 0.0
1	2016	53	23850.0	 25.0	 40.0	1.000	 2.0	 0.0
1	2016	54	23961.0	 25.0	 40.0	1.000	 1.0	 0.0
1	2016	55	25182.0	 24.0	 40.0	1.000	 2.0	 0.0
1	2016	56	24371.0	 23.0	 39.0	1.000	 1.0	 0.0
1	2016	57	24389.0	 25.0	 40.0	1.000	 1.0	 0.0
1	2016	58	21602.0	 27.0	 40.0	2.000	 1.0	 0.0
1	2016	59	22106.0	 29.0	 41.0	2.000	 2.0	 1.0
1	2016	60	21414.0	 28.0	 39.0	3.000	 2.0	 1.0
1	2016	61	16347.0	 26.0	 38.0	2.000	 2.0	 1.0
1	2016	62	24993.0	 26.0	 41.0	2.000	 1.0	 0.0
1	2016	63	25733.0	 24.0	 41.0	1.000	 1.0	 0.0
1	2016	64	24078.0	 25.0	 40.0	2.000	 2.0	 0.0
1	2016	65	24631.0	 27.0	 41.0	1.000	 2.0	 0.0
1	2016	66	24289.0	 27.0	 40.0	2.000	 2.0	 0.0
1	2016	67	22400.0	 29.0	 40.0	2.000	 2.0	 1.0
1	2016	68	22768.0	 29.0	 40.0	2.000	 2.0	 0.0
1	2016	69	22814.0	 28.0	 40.0	2.000	 1.0	 0.0
1	2016	70	23630.0	 29.0	 40.0	2.000	 2.0	 0.0
1	2016	71	21122.0	 29.0	 38.0	3.000	 3.0	 0.0
1	2016	72	18797.0	 25.0	 36.0	3.000	 2.0	 9.0
1	2016	73	22134.0	 25.0	 37.0	3.000	 2.0	 6.0
1	2016	74	20854.0	 25.0	 35.0	3.000	 3.0	 3.0
1	2016	75	22568.0	 26.0	 36.0	3.000	 0.0	 0.0
1	2016	76	20500.0	 27.0	 35.0	3.000	 1.0	 3.0
1	2016	77	22420.0	 26.0	 38.0	3.000	 1.0	 2.0
1	2016	78	23900.0	 26.0	 38.0	3.000	 1.0	 0.0
1	2016	79	22459.0	 27.0	 38.0	3.000	 3.0	 0.0
1	2016	80	24203.0	 26.0	 39.0	3.000	 2.0	 2.0
1	2016	81	22072.0	 27.0	 37.0	3.000	 3.0	 1.0
1	2016	82	21980.0	 27.0	 37.0	3.000	 2.0	 0.0
1	2016	83	22257.0	 28.0	 38.0	3.000	 2.0	 1.0
1	2016	84	15903.0	 25.0	 36.0	3.000	 3.0	 5.0
1	2016	85	19972.0	 27.0	 37.0	3.000	 2.0	 0.0
1	2016	86	19432.0	 27.0	 36.0	3.000	 1.0	 5.0
1	2016	87	24904.0	 26.0	 39.0	2.000	 1.0	 0.0
1	2016	88	24648.0	 28.0	 40.0	2.000	 2.0	 0.0
1	2016	89	23053.0	 28.0	 40.0	2.000	 2.0	 0.0
1	2016	90	25437.0	 29.0	 41.0	3.000	 3.0	 0.0
1	2016	91	22237.0	 28.0	 38.0	3.000	 4.0	 0.0
1	2016	92	22122.0	 28.0	 39.0	3.000	 2.0	 2.0
1	2016	93	22791.0	 26.0	 40.0	3.000	 3.0	 2.0
1	2016	94	23156.0	 28.0	 39.0	3.000	 2.0	 0.0
1	2016	95	22248.0	 28.0	 39.0	3.000	 3.0	 6.0
1	2016	96	20793.0	 27.0	 38.0	3.000	 4.0	 2.0
1	2016	97	24410.0	 27.0	 39.0	3.000	 2.0	 2.0
1	2016	98	21987.0	 27.0	 38.0	3.000	 4.0	 3.0
1	2016	99	22338.0	 26.0	 37.0	3.000	 3.0	 1.0
1	2016	100	20369.0	 27.0	 36.0	3.000	 1.0	 2.0
1	2016	101	22431.0	 27.0	 38.0	3.000	 3.0	 0.0
1	2016	102	24038.0	 28.0	 39.0	3.000	 2.0	 1.0
1	2016	103	22746.0	 28.0	 39.0	3.000	 3.0	 0.0
1	2016	104	25158.0	 27.0	 40.0	3.000	 2.0	 0.0
1	2016	105	22042.0	 28.0	 40.0	3.000	 2.0	 0.0
1	2016	106	21605.0	 28.0	 39.0	3.000	 3.0	 0.0
1	2016	107	19497.0	 28.0	 36.0	3.000	 2.0	 2.0
1	2016	108	22758.0	 27.0	 39.0	3.000	 2.0	 0.0
1	2016	109	20483.0	 28.0	 36.0	3.000	 3.0	 0.0
1	2016	110	25038.0	 28.0	 40.0	3.000	 2.0	 0.0
1	2016	111	21168.0	 29.0	 40.0	3.000	 2.0	 3.0
1	2016	112	24059.0	 25.0	 38.0	3.000	 3.0	 0.0
1	2016	113	25863.0	 28.0	 40.0	3.000	 3.0	 0.0
1	2016	114	26177.0	 28.0	 41.0	3.000	 3.0	 0.0
1	2016	115	23806.0	 28.0	 40.0	3.000	 3.0	 0.0
1	2016	116	24627.0	 28.0	 40.0	3.000	 3.0	 0.0
1	2016	117	21987.0	 29.0	 39.0	3.000	 3.0	 0.0
1	2016	118	20525.0	 27.0	 38.0	3.000	 3.0	 4.0
1	2016	119	24400.0	 26.0	 38.0	3.000	 2.0	 1.0
1	2016	120	22061.0	 26.0	 38.0	3.000	 2.0	 0.0
1	2016	121	25109.0	 28.0	 40.0	3.000	 3.0	 0.0
1	2016	122	24833.0	 29.0	 40.0	3.000	 3.0	 1.0
1	2016	123	22694.0	 27.0	 37.0	3.000	 3.0	 4.0
1	2016	124	23616.0	 27.0	 38.0	3.000	 2.0	 1.0
1	2016	125	25510.0	 28.0	 39.0	3.000	 4.0	 0.0
1	2016	126	24480.0	 28.0	 39.0	3.000	 3.0	 1.0
1	2016	127	24183.0	 27.0	 38.0	3.000	 3.0	 5.0
1	2016	128	19623.0	 24.0	 34.0	3.000	 2.0	 1.0
1	2016	129	23965.0	 26.0	 37.0	3.000	 2.0	 1.0
1	2016	130	21127.0	 27.0	 36.0	3.000	 3.0	15.0
1	2016	131	23997.0	 26.0	 36.0	3.000	 2.0	 0.0
1	2016	132	24216.0	 27.0	 37.0	3.000	 2.0	 0.0
1	2016	133	20456.0	 27.0	 36.0	3.000	 3.0	 2.0
1	2016	134	25356.0	 26.0	 36.0	3.000	 4.0	 0.0
1	2016	135	19760.0	 25.0	 35.0	3.000	 3.0	 5.0
1	2016	136	18467.0	 26.0	 35.0	3.000	 2.0	 1.0
1	2016	137	17747.0	 25.0	 35.0	3.000	 3.0	 0.0
1	2016	138	23639.0	 26.0	 36.0	3.000	 3.0	 6.0
1	2016	139	16585.0	 26.0	 32.0	3.000	 2.0	 0.0
1	2016	140	23002.0	 25.0	 35.0	3.000	 2.0	 0.0
1	2016	141	24167.0	 26.0	 36.0	3.000	 2.0	 0.0
1	2016	142	20502.0	 27.0	 36.0	3.000	 2.0	 0.0
1	2016	143	15362.0	 26.0	 34.0	3.000	 4.0	 3.0
1	2016	144	9717.0	 25.0	 30.0	3.000	 3.0	 9.0
1	2016	145	2237.0	 24.0	 25.0	3.000	 2.0	65.0
1	2016	146	19201.0	 24.0	 31.0	3.000	 2.0	 3.0
1	2016	147	22905.0	 24.0	 32.0	3.000	 1.0	 0.0
1	2016	148	18525.0	 26.0	 32.0	3.000	 3.0	 0.0
1	2016	149	17551.0	 26.0	 31.0	3.000	 2.0	 1.0
1	2016	150	19174.0	 24.0	 33.0	3.000	 2.0	 0.0
1	2016	151	20340.0	 24.0	 32.0	3.000	 2.0	 0.0
1	2016	152	24223.0	 24.0	 33.0	3.000	 2.0	 0.0
1	2016	153	24763.0	 25.0	 33.0	3.000	 2.0	 0.0
1	2016	154	23602.0	 26.0	 33.0	3.000	 3.0	 0.0
1	2016	155	15172.0	 25.0	 33.0	3.000	 3.0	 0.0
1	2016	156	22051.0	 24.0	 34.0	3.000	 2.0	 0.0
1	2016	157	20436.0	 25.0	 34.0	3.000	 2.0	 0.0
1	2016	158	14384.0	 26.0	 32.0	3.000	 2.0	 0.0
1	2016	159	18749.0	 25.0	 34.0	3.000	 3.0	 3.0
1	2016	160	23916.0	 25.0	 35.0	3.000	 3.0	 0.0
1	2016	161	19407.0	 26.0	 34.0	3.000	 3.0	 0.0
1	2016	162	11933.0	 25.0	 31.0	3.000	 2.0	 5.0
1	2016	163	16778.0	 24.0	 32.0	3.000	 2.0	 0.0
1	2016	164	13751.0	 25.0	 32.0	3.000	 2.0	 0.0
1	2016	165	14870.0	 24.0	 32.0	3.000	 3.0	 3.0
1	2016	166	18064.0	 24.0	 33.0	3.000	 4.0	 0.0
1	2016	167	22071.0	 25.0	 34.0	3.000	 3.0	 3.0
1	2016	168	11253.0	 23.0	 28.0	3.000	 2.0	20.0
1	2016	169	16940.0	 23.0	 30.0	3.000	 2.0	 7.0
1	2016	170	18115.0	 23.0	 31.0	3.000	 2.0	 0.0
1	2016	171	22782.0	 24.0	 34.0	3.000	 3.0	 3.0
1	2016	172	13996.0	 24.0	 30.0	3.000	 4.0	 5.0
1	2016	173	14621.0	 24.0	 30.0	3.000	 3.0	 4.0
1	2016	174	20463.0	 23.0	 31.0	3.000	 2.0	 1.0
1	2016	175	19762.0	 24.0	 31.0	3.000	 2.0	 1.0
1	2016	176	18580.0	 24.0	 31.0	3.000	 2.0	 9.0
1	2016	177	17362.0	 23.0	 31.0	3.000	 2.0	11.0
1	2016	178	20556.0	 24.0	 31.0	3.000	 2.0	 1.0
1	2016	179	14393.0	 24.0	 29.0	3.000	 2.0	13.0
1	2016	180	12279.0	 23.0	 29.0	3.000	 2.0	 8.0
1	2016	181	19016.0	 24.0	 30.0	3.000	 2.0	 1.0
1	2016	182	13484.0	 24.0	 29.0	3.000	 2.0	 5.0
1	2016	183	16480.0	 23.0	 30.0	3.000	 2.0	 4.0
1	2016	184	20291.0	 24.0	 31.0	3.000	 2.0	 1.0
1	2016	185	17924.0	 24.0	 31.0	3.000	 1.0	10.0
1	2016	186	16826.0	 25.0	 30.0	3.000	 3.0	 1.0
1	2016	187	14914.0	 24.0	 30.0	3.000	 3.0	 1.0
1	2016	188	19431.0	 24.0	 31.0	3.000	 3.0	 1.0
1	2016	189	20650.0	 24.0	 32.0	3.000	 2.0	 1.0
1	2016	190	16883.0	 24.0	 31.0	3.000	 2.0	 2.0
1	2016	191	17480.0	 24.0	 32.0	3.000	 3.0	 7.0
1	2016	192	15132.0	 24.0	 30.0	3.000	 3.0	 4.0
1	2016	193	11544.0	 23.0	 28.0	3.000	 3.0	 8.0
1	2016	194	18632.0	 23.0	 30.0	3.000	 2.0	 4.0
1	2016	195	16280.0	 23.0	 30.0	3.000	 2.0	 3.0
1	2016	196	3402.0	 23.0	 25.0	3.000	 1.0	51.0
1	2016	197	16727.0	 22.0	 30.0	3.000	 2.0	 0.0
1	2016	198	18499.0	 23.0	 30.0	3.000	 2.0	 0.0
1	2016	199	12170.0	 24.0	 28.0	3.000	 3.0	 1.0
1	2016	200	20685.0	 23.0	 30.0	3.000	 3.0	 1.0
1	2016	201	16006.0	 24.0	 30.0	3.000	 2.0	 4.0
1	2016	202	11766.0	 23.0	 28.0	3.000	 2.0	11.0
1	2016	203	22482.0	 23.0	 31.0	3.000	 2.0	 6.0
1	2016	204	20094.0	 23.0	 30.0	3.000	 2.0	 3.0
1	2016	205	14751.0	 23.0	 29.0	3.000	 1.0	24.0
1	2016	206	6291.0	 23.0	 26.0	3.000	 1.0	29.0
1	2016	207	18308.0	 22.0	 29.0	3.000	 2.0	12.0
1	2016	208	15863.0	 23.0	 29.0	3.000	 3.0	16.0
1	2016	209	20837.0	 23.0	 30.0	3.000	 2.0	 5.0
1	2016	210	16277.0	 23.0	 29.0	3.000	 2.0	 4.0
1	2016	211	16410.0	 23.0	 29.0	3.000	 2.0	 1.0
1	2016	212	19368.0	 23.0	 30.0	3.000	 2.0	 3.0
1	2016	213	17958.0	 23.0	 30.0	3.000	 2.0	 9.0
1	2016	214	21938.0	 22.0	 30.0	3.000	 2.0	 4.0
1	2016	215	22462.0	 23.0	 31.0	3.000	 2.0	 1.0
1	2016	216	17768.0	 24.0	 30.0	3.000	 2.0	 6.0
1	2016	217	20888.0	 23.0	 30.0	3.000	 2.0	 2.0
1	2016	218	19388.0	 23.0	 30.0	3.000	 2.0	 1.0
1	2016	219	17126.0	 23.0	 29.0	3.000	 2.0	 8.0
1	2016	220	16629.0	 24.0	 30.0	3.000	 2.0	 6.0
1	2016	221	19143.0	 23.0	 30.0	3.000	 2.0	 1.0
1	2016	222	20155.0	 24.0	 30.0	3.000	 2.0	 2.0
1	2016	223	14602.0	 24.0	 30.0	3.000	 2.0	 2.0
1	2016	224	19828.0	 23.0	 30.0	3.000	 1.0	 4.0
1	2016	225	14740.0	 23.0	 29.0	3.000	 0.0	 6.0
1	2016	226	18855.0	 23.0	 30.0	3.000	 2.0	 5.0
1	2016	227	19722.0	 23.0	 30.0	3.000	 2.0	 6.0
1	2016	228	9430.0	 22.0	 26.0	3.000	 1.0	22.0
1	2016	229	15205.0	 22.0	 29.0	3.000	 2.0	 1.0
1	2016	230	8278.0	 23.0	 28.0	3.000	 2.0	43.0
1	2016	231	13902.0	 23.0	 29.0	3.000	 1.0	 8.0
1	2016	232	17405.0	 23.0	 30.0	3.000	 1.0	 4.0
1	2016	233	22152.0	 23.0	 31.0	3.000	 1.0	 3.0
1	2016	234	14007.0	 23.0	 29.0	3.000	 2.0	12.0
1	2016	235	16595.0	 23.0	 30.0	3.000	 2.0	 0.0
1	2016	236	18852.0	 24.0	 30.0	3.000	 1.0	 1.0
1	2016	237	18927.0	 24.0	 30.0	3.000	 2.0	 2.0
1	2016	238	15630.0	 24.0	 29.0	3.000	 2.0	 4.0
1	2016	239	17554.0	 22.0	 30.0	3.000	 2.0	11.0
1	2016	240	14688.0	 23.0	 30.0	3.000	 1.0	21.0
1	2016	241	6606.0	 22.0	 28.0	3.000	 2.0	76.0
1	2016	242	20287.0	 23.0	 30.0	3.000	 2.0	 1.0
1	2016	243	18109.0	 23.0	 30.0	3.000	 1.0	24.0
1	2016	244	16293.0	 23.0	 30.0	3.000	 1.0	 7.0
1	2016	245	17563.0	 23.0	 30.0	3.000	 1.0	 8.0
1	2016	246	19228.0	 24.0	 31.0	3.000	 1.0	 2.0
1	2016	247	18920.0	 23.0	 30.0	3.000	 1.0	 5.0
1	2016	248	21173.0	 23.0	 30.0	3.000	 1.0	 6.0
1	2016	249	14989.0	 23.0	 29.0	3.000	 2.0	 7.0
1	2016	250	19250.0	 23.0	 30.0	3.000	 1.0	 8.0
1	2016	251	22267.0	 23.0	 31.0	3.000	 1.0	 1.0
1	2016	252	16834.0	 23.0	 30.0	3.000	 1.0	 7.0
1	2016	253	20042.0	 23.0	 30.0	3.000	 2.0	 5.0
1	2016	254	16707.0	 23.0	 30.0	3.000	 1.0	 4.0
1	2016	255	15026.0	 23.0	 29.0	3.000	 1.0	 2.0
1	2016	256	20712.0	 23.0	 30.0	3.000	 2.0	 9.0
1	2016	257	15281.0	 23.0	 30.0	3.000	 1.0	 8.0
1	2016	258	15423.0	 23.0	 29.0	3.000	 2.0	32.0
1	2016	259	7563.0	 22.0	 26.0	3.000	 2.0	17.0
1	2016	260	19072.0	 22.0	 30.0	3.000	 1.0	 2.0
1	2016	261	17284.0	 23.0	 29.0	3.000	 1.0	 1.0
1	2016	262	20363.0	 23.0	 30.0	3.000	 1.0	 1.0
1	2016	263	21810.0	 23.0	 30.0	3.000	 1.0	 2.0
1	2016	264	11096.0	 23.0	 29.0	3.000	 1.0	 3.0
1	2016	265	23152.0	 23.0	 31.0	3.000	 1.0	 9.0
1	2016	266	17138.0	 23.0	 30.0	3.000	 1.0	 5.0
1	2016	267	12391.0	 23.0	 29.0	3.000	 0.0	 4.0
1	2016	268	15876.0	 23.0	 29.0	3.000	 1.0	 1.0
1	2016	269	12115.0	 23.0	 29.0	3.000	 2.0	 7.0
1	2016	270	18234.0	 24.0	 29.0	3.000	 1.0	 2.0
1	2016	271	20293.0	 23.0	 30.0	3.000	 1.0	 8.0
1	2016	272	18380.0	 23.0	 30.0	3.000	 2.0	 3.0
1	2016	273	16199.0	 24.0	 30.0	3.000	 2.0	 0.0
1	2016	274	23317.0	 24.0	 32.0	3.000	 1.0	 2.0
1	2016	275	14075.0	 23.0	 30.0	3.000	 1.0	 1.0
1	2016	276	14720.0	 24.0	 30.0	3.000	 2.0	 1.0
1	2016	277	22252.0	 24.0	 32.0	3.000	 2.0	 0.0
1	2016	278	23845.0	 23.0	 32.0	3.000	 2.0	 0.0
1	2016	279	23470.0	 24.0	 32.0	3.000	 2.0	 0.0
1	2016	280	14660.0	 24.0	 31.0	3.000	 1.0	 0.0
1	2016	281	22733.0	 24.0	 32.0	3.000	 1.0	 0.0
1	2016	282	18224.0	 23.0	 30.0	3.000	 2.0	16.0
1	2016	283	8130.0	 24.0	 28.0	3.000	 2.0	 0.0
1	2016	284	15383.0	 24.0	 30.0	3.000	 2.0	 0.0
1	2016	285	23607.0	 23.0	 32.0	3.000	 1.0	 0.0
1	2016	286	17233.0	 24.0	 31.0	3.000	 2.0	 1.0
1	2016	287	16532.0	 24.0	 31.0	3.000	 2.0	 0.0
1	2016	288	22140.0	 24.0	 32.0	3.000	 1.0	 2.0
1	2016	289	21671.0	 23.0	 32.0	3.000	 1.0	 2.0
1	2016	290	21715.0	 23.0	 32.0	3.000	 2.0	 5.0
1	2016	291	22773.0	 23.0	 32.0	3.000	 2.0	 0.0
1	2016	292	21060.0	 24.0	 32.0	3.000	 2.0	 0.0
1	2016	293	22743.0	 24.0	 32.0	3.000	 2.0	 0.0
1	2016	294	23357.0	 24.0	 33.0	3.000	 2.0	 0.0
1	2016	295	22650.0	 25.0	 33.0	3.000	 2.0	 0.0
1	2016	296	10680.0	 24.0	 30.0	3.000	 2.0	 1.0
1	2016	297	22158.0	 24.0	 33.0	3.000	 2.0	 0.0
1	2016	298	24061.0	 24.0	 34.0	3.000	 2.0	 0.0
1	2016	299	23075.0	 24.0	 34.0	3.000	 2.0	 0.0
1	2016	300	23170.0	 23.0	 34.0	3.000	 1.0	 0.0
1	2016	301	23393.0	 24.0	 34.0	3.000	 1.0	 0.0
1	2016	302	20803.0	 24.0	 33.0	3.000	 2.0	 0.0
1	2016	303	19760.0	 25.0	 33.0	3.000	 2.0	 0.0
1	2016	304	20695.0	 25.0	 34.0	3.000	 2.0	 1.0
1	2016	305	21695.0	 24.0	 33.0	3.000	 2.0	 2.0
1	2016	306	21801.0	 25.0	 33.0	3.000	 1.0	 2.0
1	2016	307	20143.0	 24.0	 33.0	3.000	 2.0	10.0
1	2016	308	21893.0	 25.0	 34.0	3.000	 2.0	 0.0
1	2016	309	21284.0	 24.0	 34.0	3.000	 2.0	 0.0
1	2016	310	23340.0	 23.0	 34.0	2.000	 1.0	 0.0
1	2016	311	22517.0	 23.0	 34.0	2.000	 1.0	 0.0
1	2016	312	20158.0	 24.0	 35.0	2.000	 2.0	 0.0
1	2016	313	22347.0	 23.0	 35.0	2.000	 1.0	 0.0
1	2016	314	23188.0	 23.0	 36.0	2.000	 1.0	 0.0
1	2016	315	23962.0	 21.0	 36.0	1.000	 2.0	 0.0
1	2016	316	23529.0	 20.0	 35.0	2.000	 1.0	 0.0
1	2016	317	21437.0	 23.0	 35.0	2.000	 2.0	 0.0
1	2016	318	20049.0	 25.0	 34.0	2.000	 1.0	 0.0
1	2016	319	20989.0	 24.0	 36.0	2.000	 1.0	 0.0
1	2016	320	22530.0	 23.0	 36.0	2.000	 1.0	 0.0
1	2016	321	22357.0	 23.0	 36.0	2.000	 0.0	 0.0
1	2016	322	22865.0	 23.0	 37.0	2.000	 0.0	 0.0
1	2016	323	20914.0	 24.0	 36.0	2.000	 1.0	 0.0
1	2016	324	20707.0	 26.0	 36.0	3.000	 1.0	 0.0
1	2016	325	21714.0	 25.0	 37.0	2.000	 1.0	 0.0
1	2016	326	20205.0	 26.0	 36.0	2.000	 1.0	 0.0
1	2016	327	19133.0	 26.0	 35.0	3.000	 2.0	 0.0
1	2016	328	19651.0	 27.0	 36.0	3.000	 2.0	 2.0
1	2016	329	20609.0	 25.0	 36.0	3.000	 1.0	 1.0
1	2016	330	20521.0	 26.0	 37.0	3.000	 1.0	 0.0
1	2016	331	21379.0	 26.0	 37.0	3.000	 2.0	 0.0
1	2016	332	18687.0	 26.0	 35.0	3.000	 2.0	 0.0
1	2016	333	19637.0	 26.0	 36.0	2.000	 1.0	 0.0
1	2016	334	20282.0	 26.0	 36.0	2.000	 2.0	 0.0
1	2016	335	19360.0	 26.0	 37.0	2.000	 1.0	 0.0
1	2016	336	20347.0	 25.0	 37.0	2.000	 1.0	 0.0
1	2016	337	21236.0	 24.0	 37.0	2.000	 1.0	 0.0
1	2016	338	21000.0	 22.0	 37.0	2.000	 2.0	 0.0
1	2016	339	22066.0	 22.0	 37.0	1.000	 2.0	 0.0
1	2016	340	20503.0	 22.0	 36.0	2.000	 1.0	 0.0
1	2016	341	20400.0	 24.0	 36.0	2.000	 1.0	 0.0
1	2016	342	20922.0	 23.0	 37.0	2.000	 1.0	 0.0
1	2016	343	21073.0	 23.0	 37.0	2.000	 1.0	 0.0
1	2016	344	20302.0	 22.0	 37.0	1.000	 1.0	 0.0
1	2016	345	21330.0	 22.0	 37.0	1.000	 3.0	 0.0
1	2016	346	21266.0	 21.0	 36.0	1.000	 1.0	 0.0
1	2016	347	19740.0	 25.0	 37.0	2.000	 1.0	 0.0
1	2016	348	17002.0	 26.0	 36.0	2.000	 1.0	 0.0
1	2016	349	21249.0	 23.0	 37.0	1.000	 2.0	 0.0
1	2016	350	21007.0	 22.0	 37.0	1.000	 1.0	 0.0
1	2016	351	19666.0	 24.0	 36.0	2.000	 1.0	 0.0
1	2016	352	19266.0	 25.0	 36.0	2.000	 1.0	 0.0
1	2016	353	19113.0	 26.0	 37.0	2.000	 1.0	 0.0
1	2016	354	20294.0	 25.0	 37.0	2.000	 1.0	 0.0
1	2016	355	20988.0	 23.0	 37.0	1.000	 1.0	 0.0
1	2016	356	21465.0	 21.0	 37.0	1.000	 1.0	 0.0
1	2016	357	21691.0	 22.0	 37.0	1.000	 2.0	 0.0
1	2016	358	21576.0	 23.0	 37.0	1.000	 3.0	 0.0
1	2016	359	21552.0	 22.0	 37.0	1.000	 3.0	 0.0
1	2016	360	21138.0	 20.0	 36.0	1.000	 2.0	 0.0
1	2016	361	21385.0	 22.0	 36.0	1.000	 3.0	 0.0
1	2016	362	21371.0	 21.0	 35.0	1.000	 3.0	 0.0
1	2016	363	19989.0	 21.0	 35.0	1.000	 3.0	 0.0
1	2016	364	21230.0	 22.0	 36.0	1.000	 3.0	 0.0
1	2016	365	21367.0	 22.0	 36.0	1.000	 3.0	 0.0
1	2016	366	21402.0	 22.0	 36.0	1.000	 3.0	 0.0
